6.540000000000000000e+03 -6.113557732223382568e+10 5.457811130730858765e+11 -9.999999999000000000e+09
6.540054537729564800e+03 -1.432986575586936646e+11 5.457836348661345825e+11 -9.999999999000000000e+09
6.540109075913925153e+03 6.571016018726979980e+11 5.457848511446796875e+11 -9.999999999000000000e+09
6.540163614553085608e+03 3.305116656760260010e+11 5.457851639930798950e+11 -9.999999999000000000e+09
6.540218153647048894e+03 7.005582476895354004e+11 5.457852546465772095e+11 -9.999999999000000000e+09
6.540272693195820466e+03 7.771093721500663757e+10 5.457853204071122437e+11 -9.999999999000000000e+09
6.540327233199400325e+03 6.963761111209254150e+11 5.457853854166347046e+11 -9.999999999000000000e+09
6.540381773657797567e+03 -1.056215682489578400e+11 5.457854511150427246e+11 -9.999999999000000000e+09
6.540436314571011280e+03 4.048895374763585815e+11 5.457855175547276611e+11 -9.999999999000000000e+09
6.540490855939048743e+03 -6.998372069146922302e+10 5.457855847464054565e+11 -9.999999999000000000e+09
6.540545397761911772e+03 -3.257934618280228882e+11 5.457856527003145142e+11 -9.999999999000000000e+09
6.540599940039604007e+03 1.420828839257703125e+12 5.457857214268539429e+11 -9.999999999000000000e+09
6.540654482772129995e+03 -7.642741368740130615e+11 5.457857909365888672e+11 -9.999999999000000000e+09
6.540709025959495193e+03 3.220502830894741211e+11 5.457858612402531738e+11 -9.999999999000000000e+09
6.540763569601699601e+03 4.569500452985385742e+11 5.457859323487526855e+11 -9.999999999000000000e+09
6.540818113698749585e+03 -2.556235107739385376e+11 5.457860042731685181e+11 -9.999999999000000000e+09
6.540872658250647874e+03 -2.438370386481658325e+11 5.457860770247601318e+11 -9.999999999000000000e+09
6.540927203257399924e+03 1.194128376492113953e+11 5.457861506149684448e+11 -9.999999999000000000e+09
6.540981748719007555e+03 -8.122641130486586914e+11 5.457862250554195557e+11 -9.999999999000000000e+09
6.541036294635475315e+03 -6.234247536147469482e+11 5.457863003579279175e+11 -9.999999999000000000e+09
6.541090841006807750e+03 -1.915697003809694214e+11 5.457863765345000610e+11 -9.999999999000000000e+09
6.541145387833007590e+03 3.111692307498810425e+11 5.457864535973377075e+11 -9.999999999000000000e+09
6.541199935114078471e+03 4.319635688040366821e+11 5.457865315588420410e+11 -9.999999999000000000e+09
6.541254482850025852e+03 -2.014487635945369873e+11 5.457866104316168823e+11 -9.999999999000000000e+09
6.541309031040850641e+03 3.723734957300201416e+11 5.457866902284727783e+11 -9.999999999000000000e+09
6.541363579686561025e+03 7.643065984818466797e+11 5.457867709624309082e+11 -9.999999999000000000e+09
6.541418128787156093e+03 1.967977779382648621e+11 5.457868526467268677e+11 -9.999999999000000000e+09
6.541472678342642212e+03 -6.422154927860037842e+11 5.457869352948148193e+11 -9.999999999000000000e+09
6.541527228353021201e+03 1.525983126331216553e+12 5.457870189203715820e+11 -9.999999999000000000e+09
6.541581778818301245e+03 8.853958436366322021e+11 5.457871035373009033e+11 -9.999999999000000000e+09
6.541636329738481436e+03 7.321900880340045166e+11 5.457871891597378540e+11 -9.999999999000000000e+09
6.541690881113567229e+03 6.052967146452038574e+11 5.457872758020529175e+11 -9.999999999000000000e+09
6.541745432943562264e+03 -3.171611173378052368e+11 5.457873634788569336e+11 -9.999999999000000000e+09
6.541799985228472906e+03 9.751248855203448486e+10 5.457874522050051880e+11 -9.999999999000000000e+09
6.541854537968299155e+03 -7.592760731559379883e+11 5.457875419956026001e+11 -9.999999999000000000e+09
6.541909091163045559e+03 -3.691712564156838989e+10 5.457876328660082397e+11 -9.999999999000000000e+09
6.541963644812716666e+03 -1.430070665750313110e+11 5.457877248318400879e+11 -9.999999999000000000e+09
6.542018198917317022e+03 -4.064002307468120728e+11 5.457878179089805298e+11 -9.999999999000000000e+09
6.542072753476849357e+03 1.659486506322200317e+11 5.457879121135809937e+11 -9.999999999000000000e+09
6.542127308491317308e+03 4.051502272619489746e+11 5.457880074620673828e+11 -9.999999999000000000e+09
6.542181863960725423e+03 -3.661286879284359131e+11 5.457881039711453247e+11 -9.999999999000000000e+09
6.542236419885077339e+03 2.825196829722070312e+11 5.457882016578059082e+11 -9.999999999000000000e+09
6.542290976264376695e+03 -9.020256774705308838e+11 5.457883005393307495e+11 -9.999999999000000000e+09
6.542345533098627129e+03 3.754937384708869019e+11 5.457884006332982178e+11 -9.999999999000000000e+09
6.542400090387832279e+03 -4.802144846641205444e+11 5.457885019575889282e+11 -9.999999999000000000e+09
6.542454648131997601e+03 5.636363411222282715e+11 5.457886045303918457e+11 -9.999999999000000000e+09
6.542509206331124005e+03 7.841408060884364014e+11 5.457887083702102661e+11 -9.999999999000000000e+09
6.542563764985218768e+03 3.599117561201811523e+11 5.457888134958681641e+11 -9.999999999000000000e+09
6.542618324094280979e+03 -4.397571595260931396e+11 5.457889199265164795e+11 -9.999999999000000000e+09
6.542672883658319734e+03 -1.355031682700903625e+11 5.457890276816395874e+11 -9.999999999000000000e+09
6.542727443677335032e+03 8.842793732492193604e+11 5.457891367810621338e+11 -9.999999999000000000e+09
6.542782004151332330e+03 -7.241140974289483643e+11 5.457892472449555664e+11 -9.999999999000000000e+09
6.542836565080314358e+03 -1.658315774449126587e+11 5.457893590938451538e+11 -9.999999999000000000e+09
6.542891126464285662e+03 2.113019778807785034e+11 5.457894723486174927e+11 -9.999999999000000000e+09
6.542945688303249881e+03 1.420700736869744629e+12 5.457895870305270386e+11 -9.999999999000000000e+09
6.543000250597211561e+03 -3.554247384127956543e+11 5.457897031612041626e+11 -9.999999999000000000e+09
6.543054813346173432e+03 -2.653256689027805786e+11 5.457898207626625977e+11 -9.999999999000000000e+09
6.543109376550139132e+03 4.831906297755095825e+11 5.457899398573070679e+11 -9.999999999000000000e+09
6.543163940209113207e+03 8.068465340363430176e+11 5.457900604679413452e+11 -9.999999999000000000e+09
6.543218504323100206e+03 1.440784791272025757e+11 5.457901826177764893e+11 -9.999999999000000000e+09
6.543273068892101946e+03 1.284599437926449585e+10 5.457903063304389648e+11 -9.999999999000000000e+09
6.543327633916123887e+03 3.049854859175554810e+11 5.457904316299792480e+11 -9.999999999000000000e+09
6.543382199395167845e+03 -5.461272950083181763e+11 5.457905585408807983e+11 -9.999999999000000000e+09
6.543436765329240188e+03 7.745249557709995117e+11 5.457906870880684814e+11 -9.999999999000000000e+09
6.543491331718343645e+03 -4.285301498243571777e+11 5.457908172969179688e+11 -9.999999999000000000e+09
6.543545898562480033e+03 -1.708864631186385986e+12 5.457909491932653198e+11 -9.999999999000000000e+09
6.543600465861656630e+03 -6.215870926983126831e+10 5.457910828034159546e+11 -9.999999999000000000e+09
6.543655033615875254e+03 -2.653865567352546692e+10 5.457912181541550293e+11 -9.999999999000000000e+09
6.543709601825140453e+03 -5.781102325814035645e+11 5.457913552727570190e+11 -9.999999999000000000e+09
6.543764170489454045e+03 1.752741126738097534e+11 5.457914941869961548e+11 -9.999999999000000000e+09
6.543818739608821488e+03 -2.081457198178503723e+11 5.457916349251569214e+11 -9.999999999000000000e+09
6.543873309183247329e+03 4.351398848213056641e+11 5.457917775160446167e+11 -9.999999999000000000e+09
6.543927879212734297e+03 4.398858610495241699e+11 5.457919219889965820e+11 -9.999999999000000000e+09
6.543982449697286029e+03 2.553856148242861633e+11 5.457920683738934326e+11 -9.999999999000000000e+09
6.544037020636907073e+03 -1.127707656494733643e+12 5.457922167011702271e+11 -9.999999999000000000e+09
6.544091592031601067e+03 -5.063015373744013977e+10 5.457923670018287354e+11 -9.999999999000000000e+09
6.544146163881370740e+03 1.034605942322647705e+12 5.457925193074490967e+11 -9.999999999000000000e+09
6.544200736186220638e+03 5.328062861278475342e+11 5.457926736502026367e+11 -9.999999999000000000e+09
6.544255308946153491e+03 4.560940002570235596e+11 5.457928300628640747e+11 -9.999999999000000000e+09
6.544309882161176574e+03 4.041198719978902588e+11 5.457929885788247681e+11 -9.999999999000000000e+09
6.544364455831290798e+03 1.127284901222490967e+12 5.457931492321059570e+11 -9.999999999000000000e+09
6.544419029956498889e+03 -6.237238666787846680e+11 5.457933120573723755e+11 -9.999999999000000000e+09
6.544473604536807215e+03 7.951858732744348145e+11 5.457934770899459839e+11 -9.999999999000000000e+09
6.544528179572217596e+03 7.553518452832840576e+11 5.457936443658206177e+11 -9.999999999000000000e+09
6.544582755062736396e+03 -2.449863086008111572e+11 5.457938139216763916e+11 -9.999999999000000000e+09
6.544637331008364526e+03 1.306420817029839783e+11 5.457939857948946533e+11 -9.999999999000000000e+09
6.544691907409107444e+03 -3.828126019903303223e+11 5.457941600235734253e+11 -9.999999999000000000e+09
6.544746484264968785e+03 4.679642657248193359e+11 5.457943366465432129e+11 -9.999999999000000000e+09
6.544801061575953099e+03 3.777322705764519043e+11 5.457945157033828735e+11 -9.999999999000000000e+09
6.544855639342060385e+03 -1.147625414737036133e+10 5.457946972344364624e+11 -9.999999999000000000e+09
6.544910217563298829e+03 7.026821258859200439e+11 5.457948812808300171e+11 -9.999999999000000000e+09
6.544964796239671159e+03 5.486827098161727295e+11 5.457950678844888306e+11 -9.999999999000000000e+09
6.545019375371181013e+03 6.937803675850045166e+11 5.457952570881553955e+11 9.445124229584268188e+10
6.545073954957831120e+03 6.077578918584000244e+11 5.457954489354075317e+11 9.497782918592910767e+10
6.545128534999625117e+03 3.807762724064608154e+11 5.457956434706773071e+11 9.550883191600473022e+10
6.545183115496569371e+03 3.536960183318750610e+11 5.457958407392698364e+11 9.604429995773262024e+10
6.545237696448664792e+03 -4.943972156946637573e+11 5.457960407873833618e+11 9.658428347684448242e+10
6.545292277855916836e+03 -9.959627913428004456e+10 5.457962436621289673e+11 9.712883334484585571e+10
6.545346859718328233e+03 -9.610025981606894531e+11 5.457964494115516968e+11 9.767800115095126343e+10
6.545401442035903528e+03 -3.863292049411123657e+11 5.457966580846514282e+11 9.823183921426278687e+10
6.545456024808648181e+03 -3.418330201801030273e+11 5.457968697314047852e+11 9.879040059617562866e+10
6.545510608036562189e+03 -6.004551919788035889e+11 5.457970844027872314e+11 9.935373911304037476e+10
6.545565191719651011e+03 1.409449149244978027e+11 5.457973021507963257e+11 9.992190934908105469e+10
6.545619775857920104e+03 4.365194674160008545e+11 5.457975230284747925e+11 1.004949666695638123e+11
6.545674360451370376e+03 3.096877983860453796e+10 5.457977470899346924e+11 1.010729672342277374e+11
6.545728945500009104e+03 4.716970128749854279e+10 5.457979743903823853e+11 1.016559680109962463e+11
6.545783531003836288e+03 1.016318056181115601e+12 5.457982049861434326e+11 1.022440267899524841e+11
6.545838116962858294e+03 4.539272780958010254e+11 5.457984389346889648e+11 1.028372021976050262e+11
6.545892703377078760e+03 4.882948692239295654e+11 5.457986762946621704e+11 1.034355537114420471e+11
6.545947290246499506e+03 -4.006293049344519653e+11 5.457989171259057007e+11 1.040391416747809601e+11
6.546001877571127807e+03 5.015915492607941895e+11 5.457991614894898682e+11 1.046480273119169922e+11
6.546056465350964572e+03 -6.363557824173536682e+10 5.457994094477413940e+11 1.052622727435866394e+11
6.546111053586013441e+03 6.857498324346607666e+11 5.457996610642730103e+11 1.058819410027471008e+11
6.546165642276279868e+03 -2.684771980720547485e+11 5.457999164040139771e+11 1.065070960506830139e+11
6.546220231421766584e+03 7.075759414657479858e+10 5.458001755332411499e+11 1.071378027934365997e+11
6.546274821022478136e+03 -9.394671666536000977e+11 5.458004385196110840e+11 1.077741270985882568e+11
6.546329411078418161e+03 -7.334657672029331055e+11 5.458007054321929321e+11 1.084161358123771057e+11
6.546384001589590298e+03 5.617552570016274414e+11 5.458009763415022583e+11 1.090638967771789856e+11
6.546438592555999094e+03 6.960933457573536377e+11 5.458012513195356445e+11 1.097174788493542786e+11
6.546493183977645458e+03 1.496506993852138367e+11 5.458015304398063965e+11 1.103769519174707794e+11
6.546547775854535757e+03 -6.867820642659989014e+11 5.458018137773812256e+11 1.110423869209052734e+11
6.546602368186675449e+03 6.207207682932745361e+11 5.458021014089175415e+11 1.117138558688331604e+11
6.546656960974064532e+03 3.263295195584045410e+11 5.458023934127025146e+11 1.123914318596159363e+11
6.546711554216708464e+03 4.527361142218446655e+11 5.458026898686923828e+11 1.130751891006177673e+11
6.546766147914610883e+03 -2.198323693232509460e+11 5.458029908585534058e+11 1.137652029284289856e+11
6.546820742067776337e+03 1.851844601614069214e+11 5.458032964657037354e+11 1.144615498295271912e+11
6.546875336676207553e+03 -7.304029024773476562e+11 5.458036067753563843e+11 1.151643074613639679e+11
6.546929931739908170e+03 5.056875625772618408e+11 5.458039218745635986e+11 1.158735546739308319e+11
6.546984527258884555e+03 -6.094386065209819336e+11 5.458042418522622070e+11 1.165893715317657013e+11
6.547039123233136706e+03 1.131294121052365234e+12 5.458045667993204956e+11 1.173118393364424591e+11
6.547093719662670082e+03 7.514504759404926758e+11 5.458048968085859985e+11 1.180410406495532532e+11
6.547148316547490140e+03 1.408866934759040222e+11 5.458052319749352417e+11 1.187770593161863556e+11
6.547202913887598697e+03 -7.000481096810012207e+11 5.458055723953242798e+11 1.195199804889009705e+11
6.547257511682999393e+03 -1.519783170512541748e+12 5.458059181688410645e+11 1.202698906522502899e+11
6.547312109933698594e+03 1.621746790426293030e+11 5.458062693967589722e+11 1.210268776478218536e+11
6.547366708639697208e+03 4.072918038867731323e+11 5.458066261825921631e+11 1.217910306998380127e+11
6.547421307800998875e+03 -3.535485261521883545e+11 5.458069886321522217e+11 1.225624404413158417e+11
6.547475907417609051e+03 -8.822154388601658630e+10 5.458073568536069336e+11 1.233411989408150330e+11
6.547530507489531374e+03 2.140883702673757935e+11 5.458077309575399170e+11 1.241273997297752380e+11
6.547585108016769482e+03 -3.840938083092789307e+11 5.458081110570126953e+11 1.249211378304478455e+11
6.547639708999327013e+03 3.798047245211483154e+11 5.458084972676282959e+11 1.257225097844626465e+11
6.547694310437207605e+03 5.034524239916669312e+11 5.458088897075966797e+11 1.265316136820417023e+11
6.547748912330414896e+03 3.999328013098411560e+10 5.458092884978021240e+11 1.273485491918560486e+11
6.547803514678952524e+03 5.283391102158704834e+11 5.458096937618723145e+11 1.281734175915680389e+11
6.547858117482825037e+03 1.715370147953686768e+12 5.458101056262500610e+11 1.290063217990554657e+11
6.547912720742036981e+03 3.279347505774312134e+11 5.458105242202663574e+11 1.298473664043414001e+11
6.547967324456590177e+03 2.418886885624449463e+11 5.458109496762161255e+11 1.306966577022518005e+11
6.548021928626488261e+03 6.308907829049846191e+11 5.458113821294362183e+11 1.315543037258334045e+11
6.548076533251737601e+03 1.083481321943726196e+12 5.458118217183850708e+11 1.324204142805190735e+11
6.548131138332341834e+03 2.255746432815056763e+11 5.458122685847257080e+11 1.332951009790810089e+11
6.548185743868300960e+03 -6.430090646597584229e+11 5.458127228734103394e+11 1.341784772773927002e+11
6.548240349859621347e+03 1.043281400192719421e+11 5.458131847327680664e+11 1.350706585110280304e+11
6.548294956306307540e+03 2.725141843359270325e+11 5.458136543145949707e+11 1.359717619326982727e+11
6.548349563208363179e+03 6.186448077071542969e+11 5.458141317742468262e+11 1.368819067505533142e+11
6.548404170565790992e+03 -1.879255611228063354e+11 5.458146172707348633e+11 1.378012141673830872e+11
6.548458778378594616e+03 1.019901421788644409e+12 5.458151109668242798e+11 1.387298074207518921e+11
6.548513386646777690e+03 8.185539767173753662e+11 5.458156130291358032e+11 1.396678118240641479e+11
6.548567995370345670e+03 7.425428786944123535e+11 5.458161236282501831e+11 1.406153548086000977e+11
6.548622604549302196e+03 -1.151991665247272949e+11 5.458166429388162842e+11 1.415725659665338745e+11
6.548677214183649085e+03 -3.757478216679714355e+11 5.458171711396619873e+11 1.425395770949945374e+11
6.548731824273390885e+03 2.602971232599225769e+11 5.458177084139087524e+11 1.435165222411695557e+11
6.548786434818531234e+03 4.672627129736588135e+11 5.458182549490899658e+11 1.445035377484875488e+11
6.548841045819077408e+03 6.796457828785678711e+11 5.458188109372724609e+11 1.455007623038925781e+11
6.548895657275028498e+03 -3.975277124353298340e+11 5.458193765751823120e+11 1.465083369862729492e+11
6.548950269186389960e+03 -6.435683566252546387e+11 5.458199520643340454e+11 1.475264053160571289e+11
6.549004881553166342e+03 1.569189761670355530e+11 5.458205376111643066e+11 1.485551133060197144e+11
6.549059494375359463e+03 6.572371654736741943e+11 5.458211334271699829e+11 1.495946095133059387e+11
6.549114107652976600e+03 -1.113306084711053711e+12 5.458217397290494385e+11 1.506450450927301331e+11
6.549168721386018660e+03 4.645002795863950806e+11 5.458223567388499756e+11 1.517065738513833618e+11
6.549223335574489283e+03 1.139917721662489746e+12 5.458229846841185913e+11 1.527793523045799561e+11
6.549277950218393016e+03 -1.192843424295537109e+11 5.458236237980582886e+11 1.538635397331969604e+11
6.549332565317735316e+03 8.981854201357255859e+11 5.458242743196888428e+11 1.549592982424105530e+11
6.549387180872518002e+03 1.539182165452246094e+10 5.458249364940133667e+11 1.560667928218933411e+11
6.549441796882744711e+03 -4.635030709560113525e+10 5.458256105721898193e+11 1.571861914075235291e+11
6.549496413348420901e+03 8.323538843281854248e+11 5.458262968117080688e+11 1.583176649446349182e+11
6.549551030269549301e+03 -4.956051127317738647e+11 5.458269954765728760e+11 1.594613874528413696e+11
6.549605647646133548e+03 1.389924189466690430e+12 5.458277068374926147e+11 1.606175360925098572e+11
6.549660265478177280e+03 1.214212578976955566e+12 5.458284311720745850e+11 1.617862912329022522e+11
6.549714883765685045e+03 4.230526192787164917e+11 5.458291687650261841e+11 1.629678365220547485e+11
6.549769502508659571e+03 6.521560735992883301e+11 5.458299199083630371e+11 1.641623589584227905e+11
6.549824121707107224e+03 5.957076433327985840e+11 5.458306849016240845e+11 1.653700489643612671e+11
6.549878741361028915e+03 1.356120053431013031e+11 5.458314640520933838e+11 1.665911004614817505e+11
6.549933361470429190e+03 1.175698344485414734e+11 5.458322576750297852e+11 1.678257109479652405e+11
6.549987982035312598e+03 5.260026731730880127e+11 5.458330660939041138e+11 1.690740815778630371e+11
6.550042603055681866e+03 -8.159835000872232056e+10 5.458338896406440430e+11 1.703364172424514771e+11
6.550097224531542452e+03 8.784982123613905029e+11 5.458347286558874512e+11 1.716129266536888733e+11
6.550151846462895264e+03 5.762643099388450928e+11 5.458355834892446289e+11 1.729038224298681030e+11
6.550206468849748489e+03 3.360099380338920288e+11 5.458364544995685425e+11 1.742093211835181580e+11
6.550261091692101218e+03 5.966688257341682129e+11 5.458373420552354126e+11 1.755296436116001587e+11
6.550315714989960725e+03 -1.509910085644889832e+11 5.458382465344335938e+11 1.768650145880993652e+11
6.550370338743328830e+03 4.462461118591734619e+11 5.458391683254638062e+11 1.782156632590413208e+11
6.550424962952210080e+03 5.092269701666821899e+11 5.458401078270481567e+11 1.795818231400724792e+11
6.550479587616608114e+03 5.111650177420507812e+11 5.458410654486514282e+11 1.809637322166275330e+11
6.550534212736528389e+03 6.238959992007174072e+11 5.458420416108120728e+11 1.823616330467746277e+11
6.550588838311971813e+03 2.166029128179792175e+11 5.458430367454855347e+11 1.837757728668246155e+11
6.550643464342942934e+03 4.391313269720068359e+10 5.458440512963995972e+11 1.852064036998106079e+11
6.550698090829447210e+03 -1.464601101145591736e+11 5.458450857194218140e+11 1.866537824668987427e+11
6.550752717771486459e+03 -6.123230690142044067e+10 5.458461404829401855e+11 1.881181711018201904e+11
6.550807345169066139e+03 -2.343311844715100708e+11 5.458472160682570190e+11 1.895998366684271851e+11
6.550861973022188977e+03 -6.010495646637593994e+11 5.458483129699970093e+11 1.910990514814743347e+11
6.550916601330858612e+03 -1.273921113361810303e+10 5.458494316965299683e+11 1.926160932307362976e+11
6.550971230095080500e+03 7.533119134534436035e+11 5.458505727704080200e+11 1.941512451085350647e+11
6.551025859314855552e+03 3.517275772420880737e+11 5.458517367288196411e+11 1.957047959408106995e+11
6.551080488990190133e+03 7.980604996177059326e+11 5.458529241240585938e+11 1.972770403218488464e+11
6.551135119121086973e+03 -3.116911330304741211e+11 5.458541355240112305e+11 1.988682787527641602e+11
6.551189749707550618e+03 7.303216484346541748e+11 5.458553715126608276e+11 2.004788177838677063e+11
6.551244380749583797e+03 2.684285483350693054e+11 5.458566326906101685e+11 2.021089701610398865e+11
6.551299012247191968e+03 4.525915705173229980e+10 5.458579196756235352e+11 2.037590549762467346e+11
6.551353644200375129e+03 5.230695262610491333e+11 5.458592331031889038e+11 2.054293978223526001e+11
6.551408276609141467e+03 3.304592944560518799e+11 5.458605736271002808e+11 2.071203309523212891e+11
6.551462909473493710e+03 7.356770400713340759e+10 5.458619419200621338e+11 2.088321934429667358e+11
6.551517542793434586e+03 1.894256291091639099e+11 5.458633386743158569e+11 2.105653313634165649e+11
6.551572176568967734e+03 -6.101398783099713135e+11 5.458647646022905273e+11 2.123200979484497070e+11
6.551626810800097701e+03 1.541891863506787109e+10 5.458662204372767334e+11 2.140968537768388062e+11
6.551681445486829034e+03 -3.960188067489212036e+10 5.458677069341273193e+11 2.158959669548851929e+11
6.551736080629163553e+03 6.781826123677307129e+11 5.458692248699831543e+11 2.177178133053101196e+11
6.551790716227106714e+03 9.516908849555219727e+11 5.458707750450279541e+11 2.195627765616932068e+11
6.551845352280661245e+03 1.369433352628319336e+12 5.458723582832706299e+11 2.214312485686301880e+11
6.551899988789831696e+03 6.264256632263605957e+11 5.458739754333584595e+11 2.233236294878145447e+11
6.551954625754620793e+03 -1.196797136567132568e+10 5.458756273694210205e+11 2.252403280102231445e+11
6.552009263175034903e+03 4.041298941685039062e+11 5.458773149919473267e+11 2.271817615746346741e+11
6.552063901051074026e+03 3.283812829811757202e+11 5.458790392286962280e+11 2.291483565926936646e+11
6.552118539382746349e+03 -1.009140179933141174e+11 5.458808010356430664e+11 2.311405486807429199e+11
6.552173178170051870e+03 1.082417180524022369e+11 5.458826013979628296e+11 2.331587828986408691e+11
6.552227817412995137e+03 4.862260492518322754e+11 5.458844413310521851e+11 2.352035139958427124e+11
6.552282457111581607e+03 1.958491523276406250e+11 5.458863218815918579e+11 2.372752066649558716e+11
6.552337097265814009e+03 1.805891659822858582e+11 5.458882441286512451e+11 2.393743358030499878e+11
6.552391737875695071e+03 -2.605761685987573547e+11 5.458902091848364868e+11 2.415013867809889221e+11
6.552446378941231160e+03 1.289662649492330322e+12 5.458922181974852295e+11 2.436568557210823669e+11
6.552501020462425004e+03 -1.092621789360188904e+11 5.458942723499087524e+11 2.458412497833104858e+11
6.552555662439278422e+03 -1.185822832488431396e+11 5.458963728626845093e+11 2.480550874604846802e+11
6.552610304871797780e+03 2.688334322059981689e+11 5.458985209950010376e+11 2.502988988826257935e+11
6.552664947759987626e+03 -2.183513588649006653e+11 5.459007180460574951e+11 2.525732261308601074e+11
6.552719591103847961e+03 2.885512141254526978e+11 5.459029653565204468e+11 2.548786235612272034e+11
6.552774234903385150e+03 7.650257412571053467e+11 5.459052643100405273e+11 2.572156581387731323e+11
6.552828879158601922e+03 1.138654707682222900e+11 5.459076163348317871e+11 2.595849097822252808e+11
6.552883523869504643e+03 -3.419315322678244019e+11 5.459100229053160400e+11 2.619869717196732483e+11
6.552938169036093313e+03 7.473839034924771729e+11 5.459124855438363037e+11 2.644224508556894531e+11
6.552992814658374300e+03 6.990012678552894287e+11 5.459150058224412842e+11 2.668919681502494507e+11
6.553047460736352150e+03 -4.268676864619483032e+11 5.459175853647452393e+11 2.693961590099269104e+11
6.553102107270027773e+03 7.174526500570905762e+11 5.459202258478659668e+11 2.719356736918287048e+11
6.553156754259405716e+03 3.098051599232523193e+11 5.459229290044454346e+11 2.745111777207186890e+11
6.553211401704492346e+03 1.092075094479240967e+12 5.459256966247561035e+11 2.771233523198156128e+11
6.553266049605289481e+03 -4.612487475284993286e+11 5.459285305588971558e+11 2.797728948557652588e+11
6.553320697961798942e+03 6.415021708773276367e+11 5.459314327190858765e+11 2.824605192984129639e+11
6.553375346774028912e+03 -1.448315004292192383e+11 5.459344050820472412e+11 2.851869566958496094e+11
6.553429996041979393e+03 7.539744435151641846e+11 5.459374496915077515e+11 2.879529556652902222e+11
6.553484645765655841e+03 2.742379600063522644e+11 5.459405686607974854e+11 2.907592829004797974e+11
6.553539295945062804e+03 4.639576561980501709e+11 5.459437641755666504e+11 2.936067236962155762e+11
6.553593946580203010e+03 -1.274274266080248535e+12 5.459470384966212158e+11 2.964960824906248779e+11
6.553648597671080097e+03 8.788508138940739746e+11 5.459503939628844604e+11 2.994281834259207764e+11
6.553703249217697703e+03 1.112501577835357971e+11 5.459538329944896851e+11 3.024038709283640747e+11
6.553757901220061285e+03 3.828563369700322266e+11 5.459573580960112305e+11 3.054240103081520996e+11
6.553812553678173572e+03 -9.073308696101940918e+11 5.459609718598405151e+11 3.084894883799991455e+11
6.553867206592037292e+03 8.285558674757870483e+10 5.459646769697140503e+11 3.116012141053035889e+11
6.553921859961657901e+03 -3.519795456822570801e+10 5.459684762044018555e+11 3.147601192566970215e+11
6.553976513787037220e+03 -6.385441972659438477e+11 5.459723724415629883e+11 3.179671591058784180e+11
6.554031168068181614e+03 1.220302070618527832e+12 5.459763686617784424e+11 3.212233131356723633e+11
6.554085822805094722e+03 -4.270951997768072510e+11 5.459804679527687988e+11 3.245295857772708740e+11
6.554140477997777452e+03 4.410850244994805908e+11 5.459846735138071289e+11 3.278870071737102661e+11
6.554195133646237082e+03 -9.346044627412561035e+10 5.459889886603367310e+11 3.312966339706664429e+11
6.554249789750473610e+03 4.777219652480626221e+11 5.459934168288048096e+11 3.347595501356307983e+11
6.554304446310495223e+03 5.448760744784161987e+11 5.459979615817223511e+11 3.382768678066298828e+11
6.554359103326302829e+03 2.118321744042327881e+10 5.460026266129631348e+11 3.418497281717332764e+11
6.554413760797900068e+03 -9.143209320232532959e+11 5.460074157533137817e+11 3.454793023806754150e+11
6.554468418725292395e+03 7.995811428811350098e+11 5.460123329762880249e+11 3.491667924898477173e+11
6.554523077108481630e+03 6.611833932468466797e+11 5.460173824042199707e+11 3.529134324421199341e+11
6.554577735947473229e+03 1.624754288825524597e+11 5.460225683146498413e+11 3.567204890829101562e+11
6.554632395242270832e+03 8.888395764720562744e+11 5.460278951470197144e+11 3.605892632140594482e+11
6.554687054992877165e+03 4.925885230977360840e+11 5.460333675096943359e+11 3.645210906871211548e+11
6.554741715199297687e+03 9.674076725895329590e+11 5.460389901873252563e+11 3.685173435377773438e+11
6.554796375861535125e+03 1.060252528664447510e+12 5.460447681485773926e+11 3.725794311630861206e+11
6.554851036979594028e+03 1.853483477767217773e+12 5.460507065542371826e+11 3.767088015434624023e+11
6.554905698553476213e+03 8.281367098485395508e+11 5.460568107657236938e+11 3.809069425113345947e+11
6.554960360583187139e+03 -7.739484369647687988e+11 5.460630863540247192e+11 3.851753830685101318e+11
6.555015023068731352e+03 7.800598534866967773e+11 5.460695391090818481e+11 3.895156947543302002e+11
6.555069686010110672e+03 -2.847475381339099731e+11 5.460761750496494751e+11 3.939294930669230347e+11
6.555124349407329646e+03 7.733895295660895996e+11 5.460830004336541748e+11 3.984184389399163208e+11
6.555179013260392821e+03 -1.674306532450838013e+11 5.460900217690831299e+11 4.029842402770385132e+11
6.555233677569303836e+03 -4.238979825550081177e+11 5.460972458254311523e+11 4.076286535471974487e+11
6.555288342334064509e+03 1.813759616969466553e+11 5.461046796457390137e+11 4.123534854428172607e+11
6.555343007554683027e+03 -1.826567344316224976e+11 5.461123305592558594e+11 4.171605946042480469e+11
6.555397673231158478e+03 2.833016638662597656e+09 5.461202061947633057e+11 4.220518934132753906e+11
6.555452339363496321e+03 6.134411556368527832e+11 5.461283144945982666e+11 4.270293498589439697e+11
6.555507005951701103e+03 3.957354333770983276e+11 5.461366637294163208e+11 4.320949894789427490e+11
6.555561672995776462e+03 2.319346008164584961e+11 5.461452625137380371e+11 4.372508973800330811e+11
6.555616340495726035e+03 -3.448876195438083496e+11 5.461541198223261719e+11 4.424992203413078003e+11
6.555671008451553462e+03 2.937963870573044434e+11 5.461632450074412842e+11 4.478421690041219482e+11
6.555725676863262379e+03 7.860365930535798340e+11 5.461726478170297241e+11 4.532820201527213745e+11
6.555780345730857334e+03 -6.604720885327891846e+11 5.461823384138992310e+11 4.588211190899070435e+11
6.555835015054339237e+03 3.817083498949692383e+11 5.461923273959415894e+11 4.644618821122623901e+11
6.555889684833716274e+03 9.409380291564240723e+11 5.462026258174677734e+11 4.702067990896958008e+11
6.555944355068990262e+03 7.146653145437185059e+11 5.462132452117204590e+11 4.760584361542882080e+11
6.555999025760163931e+03 3.300366651344596558e+11 5.462241976146397705e+11 4.820194385037921753e+11
6.556053696907242738e+03 8.015544245855043945e+11 5.462354955899572144e+11 4.880925333253704224e+11
6.556108368510229411e+03 1.686137041470131348e+12 5.462471522557020874e+11 4.942805328454231567e+11
6.556163040569128498e+03 -1.806206831872141724e+11 5.462591813122075806e+11 5.005863375117081909e+11
6.556217713083944545e+03 1.611047162897879395e+12 5.462715970717122803e+11 5.070129393143088989e+11
6.556272386054679373e+03 6.251995695162829590e+11 5.462844144896563721e+11 5.135634252524407959e+11
6.556327059481337528e+03 -7.458368692030876465e+11 5.462976491977832031e+11 5.202409809543673706e+11
6.556381733363922649e+03 4.013313274688419189e+11 5.463113175391591187e+11 5.270488944581196289e+11
6.556436407702439283e+03 -7.976509825061871338e+10 5.463254366052371826e+11 5.339905601611300049e+11
6.556491082496890158e+03 1.196627250032441162e+12 5.463400242750969238e+11 5.410694829474666748e+11
6.556545757747280732e+03 1.983914577827386475e+10 5.463550992570022583e+11 5.482892825018314209e+11
6.556600433453613732e+03 8.060377167158076172e+11 5.463706811324294434e+11 5.556536978198625488e+11
6.556655109615892798e+03 1.085744594682337036e+11 5.463867904027293091e+11 5.631665919249641113e+11
6.556709786234121566e+03 -2.320342464583787842e+11 5.464034485385985107e+11 5.708319568025139160e+11
6.556764463308305494e+03 2.337941478261267090e+10 5.464206780325474243e+11 5.786539185627951660e+11
6.556819140838445492e+03 2.056908057261344604e+11 5.464385024545675659e+11 5.866367428447996826e+11
6.556873818824548835e+03 1.142629654836177246e+12 5.464569465112146606e+11 5.947848404736975098e+11
6.556928497266615523e+03 1.373861352728551270e+12 5.464760361083408203e+11 6.031027733855758057e+11
6.556983176164651923e+03 3.878997426099221191e+11 5.464957984177259521e+11 6.115952608338690186e+11
6.557037855518662582e+03 4.530974454989071045e+11 5.465162619478786011e+11 6.202671858926372070e+11
6.557092535328648410e+03 4.072206209358345337e+11 5.465374566192952881e+11 6.291236022729870605e+11
6.557147215594616682e+03 1.226357541763753418e+12 5.465594138444914551e+11 6.381697414698420410e+11
6.557201896316568309e+03 1.722069821855169678e+12 5.465821666131392212e+11 6.474110202572294922e+11
6.557256577494506928e+03 9.964504362893022461e+11 5.466057495826751709e+11 6.568530485515850830e+11
6.557311259128437996e+03 1.000670476388374023e+11 5.466301991747678833e+11 6.665016376635211182e+11
6.557365941218366061e+03 -8.019679258292163086e+10 5.466555536780664062e+11 6.763628089598537598e+11
6.557420623764291122e+03 3.194086815747058105e+11 5.466818533576844482e+11 6.864428029593975830e+11
6.557475306766222275e+03 7.535601176992945557e+11 5.467091405719103394e+11 6.967480888871591797e+11
6.557529990224159519e+03 -4.071396144216804199e+11 5.467374598966727295e+11 7.072853747130310059e+11
6.557584674138107403e+03 5.610792210297742920e+11 5.467668582583344116e+11 7.180616177032265625e+11
6.557639358508069563e+03 1.400175690987842529e+12 5.467973850754332275e+11 7.290840355143133545e+11
6.557694043334051457e+03 1.382580351622283691e+12 5.468290924100395508e+11 7.403601178613525391e+11
6.557748728616055814e+03 4.700665472863010254e+11 5.468620351294529419e+11 7.518976387939396973e+11
6.557803414354086271e+03 4.832649172319367065e+11 5.468962710790252075e+11 7.637046696164349365e+11
6.557858100548145558e+03 9.266649400299337158e+11 5.469318612669567871e+11 7.757895924908260498e+11
6.557912787198240039e+03 7.012436822498703613e+11 5.469688700619887085e+11 7.881611147629832764e+11
6.557967474304370626e+03 1.091202307628935059e+12 5.470073654049876709e+11 8.008282840562224121e+11
6.558022161866542774e+03 1.739536545414482422e+11 5.470474190355075684e+11 8.138005041789771729e+11
6.558076849884761941e+03 1.043855305962874023e+12 5.470891067345034180e+11 8.270875518962210693e+11
6.558131538359028127e+03 8.481895296007856445e+11 5.471325085844754639e+11 8.406995946181477051e+11
6.558186227289346789e+03 4.847179209516303101e+11 5.471777092484299927e+11 8.546472090631853027e+11
6.558240916675723383e+03 9.444553124229801025e+11 5.472247982691665649e+11 8.689414009558977051e+11
6.558295606518161549e+03 1.299804354234599121e+12 5.472738703905324097e+11 8.835936258251074219e+11
6.558350296816660375e+03 1.752290914183450439e+12 5.473250259024321899e+11 8.986158109723923340e+11
6.558404987571229867e+03 -4.883815130751806641e+10 5.473783710115386353e+11 9.140203786853496094e+11
6.558459678781870025e+03 8.048902844263476562e+11 5.474340182398227539e+11 9.298202707752246094e+11
6.558514370448587215e+03 1.464363231778252930e+12 5.474920868532174072e+11 9.460289745249808350e+11
6.558569062571383256e+03 9.034661547108768311e+11 5.475527033229356079e+11 9.626605501398928223e+11
6.558623755150261786e+03 1.031210395153281860e+12 5.476160018221982422e+11 9.797296597991168213e+11
6.558678448185227353e+03 4.364890481892390137e+11 5.476821247613764648e+11 9.972515984137839355e+11
6.558733141676283594e+03 2.710837199192512207e+11 5.477512233648351440e+11 1.015242326205125610e+12
6.558787835623435967e+03 8.952571330966774902e+11 5.478234582930703125e+11 1.033718503224539062e+12
6.558842530026684472e+03 6.664904163721867676e+11 5.478990003140736694e+11 1.052697525946740601e+12
6.558897224886037293e+03 8.510884670112030029e+11 5.479780310282267456e+11 1.072197566076634399e+12
6.558951920201495341e+03 1.080158973024618408e+12 5.480607436514387817e+11 1.092237611720976807e+12
6.559006615973063163e+03 1.194049525269596436e+12 5.481473438616964111e+11 1.112837511087877441e+12
6.559061312200743487e+03 7.515139416162507324e+11 5.482380507146936035e+11 1.134018018889418457e+12
6.559116008884542680e+03 1.710679640777935547e+12 5.483330976347581177e+11 1.155800845635767090e+12
6.559170706024462561e+03 1.470188360885019531e+12 5.484327334879042358e+11 1.178208710023873535e+12
6.559225403620508587e+03 1.366763524996473877e+12 5.485372237445144653e+11 1.201265394639780029e+12
6.559280101672681667e+03 1.346985430115972900e+12 5.486468517398975220e+11 1.224995805210659668e+12
6.559334800180989077e+03 1.769480342367423096e+12 5.487619200417958984e+11 1.249426033660988281e+12
6.559389499145432637e+03 1.986137113763955566e+12 5.488827519348265991e+11 1.274583425247348877e+12
6.559444198566015984e+03 2.228047023055380859e+12 5.490096930328551025e+11 1.300496650068441406e+12
6.559498898442742757e+03 2.243254972549967285e+12 5.491431130314191284e+11 1.327195779270158691e+12
6.559553598775618411e+03 7.630446603617763672e+11 5.492834076135637817e+11 1.354712366291225342e+12
6.559608299564645677e+03 9.570119746246469727e+11 5.494310005238309937e+11 1.383079533523317139e+12
6.559663000809827281e+03 1.720529280590245850e+12 5.495863458266771240e+11 1.412332064789636230e+12
6.559717702511169591e+03 1.344164835381790039e+12 5.497499303672919922e+11 1.442506504078339355e+12
6.559772404668674426e+03 1.358011502116558105e+12 5.499222764546791992e+11 1.473641261002900879e+12
6.559827107282347242e+03 2.149906142842373291e+12 5.501039447889648438e+11 1.505776723501200439e+12
6.559881810352188950e+03 1.367621844648677979e+12 5.502955376572340088e+11 1.538955378326933350e+12
6.559936513878205005e+03 1.122146917546991699e+12 5.504977024247893066e+11 1.573221939932251221e+12
6.559991217860401775e+03 8.296806990387592773e+11 5.507111353516142578e+11 1.608623488390156738e+12
6.560045922298778351e+03 1.176531718574206055e+12 5.509365857670461426e+11 1.645209617060303467e+12
6.560100627193342007e+03 1.498762815116099121e+12 5.511748606392446289e+11 1.683032590760449707e+12
6.560155332544095472e+03 2.080637094742950195e+12 5.514268295800181885e+11 1.722147515268533691e+12
6.560210038351040566e+03 1.287034049166023926e+12 5.516934303300206299e+11 1.762612519050664551e+12
6.560264744614184565e+03 6.241822858647250977e+11 5.519756747742702637e+11 1.804488948185405762e+12
6.560319451333530196e+03 2.097794095080477295e+12 5.522746555434428711e+11 1.847841575535444580e+12
6.560374158509079280e+03 1.684734168381163330e+12 5.525915532625294189e+11 1.892738825307429199e+12
6.560428866140839091e+03 2.632839137380916992e+12 5.529276445152653809e+11 1.939253014235772949e+12
6.560483574228810539e+03 7.062344304093156738e+11 5.532843106003360596e+11 1.987460610729376953e+12
6.560538282772997263e+03 1.943723982641417480e+12 5.536630471638106689e+11 2.037442513433292480e+12
6.560592991773404719e+03 2.218133410291252441e+12 5.540654748016492920e+11 2.089284350777092285e+12
6.560647701230037455e+03 2.080101269557816895e+12 5.544933507365534668e+11 2.143076803211354980e+12
6.560702411142896381e+03 2.466776393827291992e+12 5.549485816850318604e+11 2.198915949975031250e+12
6.560757121511987862e+03 1.357267407242783203e+12 5.554332380433815918e+11 2.256903642385326660e+12
6.560811832337313717e+03 1.636273269367637207e+12 5.559495695355031738e+11 2.317147905801204590e+12
6.560866543618878495e+03 2.297289909494546875e+12 5.565000224811872559e+11 2.379763372582893555e+12
6.560921255356688562e+03 1.833117139210360352e+12 5.570872588608443604e+11 2.444871748549882812e+12
6.560975967550743007e+03 1.986006345103723633e+12 5.577141773717371826e+11 2.512602315631313477e+12
6.561030680201049108e+03 1.961010390785877930e+12 5.583839366917072754e+11 2.583092473601897461e+12
6.561085393307608683e+03 3.275323872724708984e+12 5.590999811892698975e+11 2.656488324001750000e+12
6.561140106870428099e+03 2.421852549896749512e+12 5.598660693438870850e+11 2.732945299552948242e+12
6.561194820889508264e+03 3.005129337270305664e+12 5.606863051672484131e+11 2.812628842602189453e+12
6.561249535364854637e+03 3.132771982359108398e+12 5.615651729454694824e+11 2.895715136332989746e+12
6.561304250296469945e+03 2.353254949093365723e+12 5.625075756531949463e+11 2.982391892697991211e+12
6.561358965684359646e+03 3.185654220483117188e+12 5.635188774234936523e+11 3.072859201217065918e+12
6.561413681528526467e+03 2.318695692728959961e+12 5.646049504918775635e+11 3.167330442961639160e+12
6.561468397828973139e+03 2.969919203836659668e+12 5.657722270682447510e+11 3.266033274182701172e+12
6.561523114585706026e+03 3.699351393966170410e+12 5.670277566263243408e+11 3.369210684124207031e+12
6.561577831798727857e+03 3.606743186702254395e+12 5.683792691353269043e+11 3.477122131582298340e+12
6.561632549468040452e+03 3.245658499522029297e+12 5.698352447916112061e+11 3.590044764693932129e+12
6.561687267593649267e+03 3.788688471888397949e+12 5.714049908372786865e+11 3.708274728225907715e+12
6.561741986175560669e+03 4.186230767362062500e+12 5.730987260752838135e+11 3.832128562255485352e+12
6.561796705213773748e+03 3.846542276002487305e+12 5.749276737037607422e+11 3.961944695537728027e+12
6.561851424708294871e+03 4.017916441376403809e+12 5.769041630914404297e+11 4.098085035965519531e+12
6.561906144659127676e+03 3.767136799798601074e+12 5.790417410958632812e+11 4.240936659265002441e+12
6.561960865066275801e+03 5.286720018807789062e+12 5.813552934799871826e+11 4.390913595342817871e+12
6.562015585929742883e+03 4.422528616816614258e+12 5.838611769021657715e+11 4.548458709377684570e+12
6.562070307249531652e+03 5.248763957298748047e+12 5.865773618286199951e+11 4.714045671665524414e+12
6.562125029025650292e+03 6.115594619035499023e+12 5.895235865336457520e+11 4.888181006198958984e+12
6.562179751258096985e+03 4.421955857168847656e+12 5.927215220953084717e+11 5.071406202756640625e+12
6.562234473946877188e+03 5.588326325479847656e+12 5.961949479442817383e+11 5.264299870601291992e+12
6.562289197091998176e+03 5.669991502879425781e+12 5.999699370583581543e+11 5.467479903384326172e+12
6.562343920693459950e+03 5.060761890695351562e+12 6.040750492894101562e+11 5.681605614131012695e+12
6.562398644751266147e+03 4.913520875343332031e+12 6.085415305330747070e+11 5.907379785725997070e+12
6.562453369265423134e+03 5.922306803798735352e+12 6.134035144701160889e+11 6.145550565530987305e+12
6.562508094235932731e+03 5.969843527129476562e+12 6.186982223856416016e+11 6.396913111989376953e+12
6.562562819662800393e+03 6.268828824381407227e+12 6.244661550681599121e+11 6.662310875528585938e+12
6.562617545546028850e+03 7.208593403918375977e+12 6.307512689633386230e+11 6.942636364876297852e+12
6.562672271885620830e+03 6.906850259370263672e+12 6.376011265670312500e+11 7.238831212139515625e+12
6.562726998681582700e+03 7.206711724765287109e+12 6.450670084516583252e+11 7.551885304684876953e+12
6.562781725933915368e+03 7.229711150147494141e+12 6.532039713002854004e+11 7.882834698095291992e+12
6.562836453642625202e+03 7.698206687431191406e+12 6.620708328580312500e+11 8.232757961500966797e+12
6.562891181807714929e+03 8.422565793973109375e+12 6.717300608052109375e+11 8.602770533945765625e+12
6.562945910429189098e+03 9.130208761677884766e+12 6.822475382456734619e+11 8.994016588325425781e+12
6.563000639507050437e+03 9.548373321984730469e+12 6.936921738644915771e+11 9.407657808913876953e+12
6.563055369041303493e+03 9.521261411188765625e+12 7.061353199769794922e+11 9.844858392087095703e+12
6.563110099031950995e+03 1.074175562565817773e+13 7.196499568805913086e+11 1.030676548210841016e+13
6.563164829478997490e+03 1.267666842608743555e+13 7.343095974533231201e+11 1.079448416211553711e+13
6.563219560382447526e+03 1.116611723337586133e+13 7.501868622769971924e+11 1.130904604580638086e+13
6.563274291742302921e+03 1.146249601120783594e+13 7.673516733409420166e+11 1.185137047345497852e+13
6.563329023558570952e+03 1.248081319603591406e+13 7.858690144663863525e+11 1.242221732804679297e+13
6.563383755831251619e+03 1.409470455130170117e+13 8.057962101226562500e+11 1.302213058092631836e+13
6.563438488560350379e+03 1.329337705553754688e+13 8.271796827273370361e+11 1.365137188492664453e+13
6.563493221745870869e+03 1.222166924314701367e+13 8.500511635894333496e+11 1.430984389503158984e+13
6.563547955387816728e+03 1.389927360111073242e+13 8.744233563831970215e+11 1.499700355299473047e+13
6.563602689486192503e+03 1.360742754849335938e+13 9.002850865530721436e+11 1.571176636089183789e+13
6.563657424041002741e+03 1.774639321998397656e+13 9.275960172849565430e+11 1.645240371640570703e+13
6.563712159052248353e+03 1.704676980182682227e+13 9.562810739167864990e+11 1.721643669506264453e+13
6.563766894519934795e+03 1.832820001933690625e+13 9.862247938510285645e+11 1.800053121167597266e+13
6.563821630444066614e+03 1.825998717774703516e+13 1.017265905940849365e+12 1.880040119503078125e+13
6.563876366824646539e+03 2.080079080855249219e+13 1.049192536611860107e+12 1.961072812363670703e+13
6.563931103661678208e+03 2.092116517910758594e+13 1.081738530397024902e+12 2.042510678348842969e+13
6.563985840955167987e+03 2.277348372972782812e+13 1.114581446547062256e+12 2.123602814272842969e+13
6.564040578705114967e+03 2.205301575093128906e+13 1.147342833486097168e+12 2.203491046906214844e+13
6.564095316911527334e+03 2.449245712644606641e+13 1.179591369347442139e+12 2.281218891484413672e+13
6.564150055574407816e+03 2.292666068263851953e+13 1.210849370550739502e+12 2.355747148853621094e+13
6.564204794693758231e+03 2.289351308304946094e+13 1.240602997251798828e+12 2.425976547614874219e+13
6.564259534269584037e+03 2.495400280441503906e+13 1.268316220459844727e+12 2.490777303404751172e+13
6.564314274301888872e+03 2.829298692335612109e+13 1.293448271512296143e+12 2.549024817061299219e+13
6.564369014790677284e+03 2.790819171913257031e+13 1.315473899182883301e+12 2.599640027696072656e+13
6.564423755735951090e+03 2.856854102969831250e+13 1.333905359338741699e+12 2.641632260923856250e+13
6.564478497137714839e+03 2.755007717404002734e+13 1.348314715970522949e+12 2.674141866167514844e+13
6.564533238995973988e+03 2.731226113270246094e+13 1.358354803357441162e+12 2.696479617693107031e+13
6.564587981310731266e+03 2.754513884610991016e+13 1.363777140898042725e+12 2.708159838575359375e+13
6.564642724081989400e+03 2.544788086444776562e+13 1.364445236583762207e+12 2.708924533019853906e+13
6.564697467309752938e+03 2.741612172074707812e+13 1.360342062113030518e+12 2.698756467152946875e+13
6.564752210994026427e+03 2.693291263754704688e+13 1.351570996431596680e+12 2.677880054528078906e+13
6.564806955134813506e+03 2.547889110332076172e+13 1.338350147827632812e+12 2.646749967946917578e+13
6.564861699732115994e+03 2.691784516082700781e+13 1.321000590948468994e+12 2.606028474901663672e+13
6.564916444785941167e+03 2.437059667525357422e+13 1.299929605025065918e+12 2.556553439287789844e+13
6.564971190296289024e+03 2.459107996114498438e+13 1.275610398969543945e+12 2.499299629594137109e+13
6.565025936263167750e+03 2.164606546303035938e+13 1.248560012344234619e+12 2.435336349237699609e+13
6.565080682686576438e+03 2.513725939186733203e+13 1.219317078318384521e+12 2.365784437020766406e+13
6.565135429566523271e+03 2.199755711070658984e+13 1.188420949227639160e+12 2.291775405942741797e+13
6.565190176903008251e+03 2.227790588132601953e+13 1.156393366080250244e+12 2.214414968985203906e+13
6.565244924696036833e+03 2.092914370043732812e+13 1.123723461897938477e+12 2.134752536853858203e+13
6.565299672945614475e+03 1.923405277737875781e+13 1.090856486491484497e+12 2.053757565336117578e+13
6.565354421651741177e+03 1.932820674609091406e+13 1.058186277856191040e+12 1.972302967068110156e+13
6.565409170814425124e+03 1.906882421413616406e+13 1.026051216791230835e+12 1.891155248845217969e+13
6.565463920433665407e+03 1.697305432574106250e+13 9.947332023211790771e+11 1.810970627765550391e+13
6.565518670509471121e+03 1.743019418708307031e+13 9.644590757486007080e+11 1.732296127139302148e+13
6.565573421041841357e+03 1.649586817173667188e+13 9.354038888895401611e+11 1.655574544362375000e+13
6.565628172030782480e+03 1.689915725444572852e+13 9.076954390563569336e+11 1.581152191863729297e+13
6.565682923476298129e+03 1.347468271910099414e+13 8.814195597081973877e+11 1.509288406275609375e+13
6.565737675378391941e+03 1.331461743789563086e+13 8.566257430583665771e+11 1.440165967369536328e+13
6.565792427737065736e+03 1.465729921942500000e+13 8.333327645637376709e+11 1.373901738369199023e+13
6.565847180552325881e+03 1.273991811501626367e+13 8.115340686635247803e+11 1.310557010718340234e+13
6.565901933824176922e+03 1.319199646450698047e+13 7.912027540043929443e+11 1.250147193988062500e+13
6.565956687552618860e+03 1.219208912092515625e+13 7.722960616690778809e+11 1.192650626534182031e+13
6.566011441737658970e+03 1.009131059320248828e+13 7.547593210436276855e+11 1.138016391144795898e+13
6.566066196379299981e+03 9.725684597724166016e+12 7.385293458955351562e+11 1.086171102367736914e+13
6.566120951477545532e+03 1.051250006944464648e+13 7.235372998005515137e+11 1.037024690947546484e+13
6.566175707032398350e+03 1.089001032481273633e+13 7.097110673600656738e+11 9.904752495328501953e+12
6.566230463043863892e+03 1.045873462140657227e+13 6.969771777596718750e+11 9.464130266131171875e+12
6.566285219511946707e+03 8.699431017678095703e+12 6.852623319707072754e+11 9.047236664145058594e+12
6.566339976436647703e+03 1.025102115371866406e+13 6.744945858249097900e+11 8.652907946675427734e+12
6.566394733817973247e+03 8.750919829292417969e+12 6.646042395206107178e+11 8.279980465892998047e+12
6.566449491655926067e+03 7.438110053893195312e+12 6.555244807845012207e+11 7.927306263070684570e+12
6.566504249950508893e+03 6.907837858315380859e+12 6.471918246146940918e+11 7.593764779334807617e+12
6.566559008701727180e+03 7.918728538333340820e+12 6.395463877760042725e+11 7.278271387547793945e+12
6.566613767909585476e+03 7.028889228075809570e+12 6.325320313631104736e+11 6.979783352945879883e+12
6.566668527574086511e+03 6.477085562903382812e+12 6.260964000330329590e+11 6.697303738532472656e+12
6.566723287695233012e+03 6.985204904589613281e+12 6.201908820915895996e+11 6.429883687771471680e+12
6.566778048273030436e+03 6.031169348425402344e+12 6.147705105909588623e+11 6.176623443093244141e+12
6.566832809307480602e+03 6.378930879503142578e+12 6.097938220020986328e+11 5.936672394352518555e+12
6.566887570798589877e+03 6.087850258660471680e+12 6.052226858791296387e+11 5.709228396321623047e+12
6.566942332746360989e+03 5.585063503647595703e+12 6.010221162219763184e+11 5.493536547837157227e+12
6.566997095150795758e+03 5.372398225172753906e+12 5.971600729423298340e+11 5.288887586422033203e+12
6.567051858011901459e+03 6.026721292353727539e+12 5.936072599115020752e+11 5.094616020133112305e+12
6.567106621329679911e+03 5.122354378154995117e+12 5.903369244767677002e+11 4.910098092082872070e+12
6.567161385104135661e+03 4.874564055542373047e+12 5.873246620340596924e+11 4.734749651671226562e+12
6.567216149335272348e+03 4.173186941520395996e+12 5.845482281992369385e+11 4.568023989261138672e+12
6.567270914023091791e+03 4.242679365018459961e+12 5.819873602892312012e+11 4.409409677137681641e+12
6.567325679167600356e+03 4.805789534913127930e+12 5.796236091735297852e+11 4.258428448508575195e+12
6.567380444768802590e+03 4.535731933149558594e+12 5.774401820545747070e+11 4.114633137519516602e+12
6.567435210826700313e+03 3.884300155322675293e+12 5.754217963555926514e+11 3.977605696341399902e+12
6.567489977341297163e+03 4.670661952889234375e+12 5.735545446129176025e+11 3.846955299990807617e+12
6.567544744312596777e+03 3.730332581108080078e+12 5.718257700671879883e+11 3.722316545372173340e+12
6.567599511740605521e+03 3.840321218227784180e+12 5.702239525072128906e+11 3.603347747827394531e+12
6.567654279625322488e+03 3.314492611048491699e+12 5.687386038281687012e+11 3.489729336051602539e+12
6.567709047966757680e+03 3.090812300674772949e+12 5.673601727110639648e+11 3.381162344432404297e+12
6.567763816764910189e+03 3.340925940214700195e+12 5.660799578039185791e+11 3.277367000554996094e+12
6.567818586019786380e+03 3.209616111536636719e+12 5.648900287795623779e+11 3.178081404677262695e+12
6.567873355731387164e+03 4.035951498364147461e+12 5.637831546547067871e+11 3.083060297343430664e+12
6.567928125899719817e+03 3.005140951207657715e+12 5.627527387754399414e+11 2.992073910900682617e+12
6.567982896524786156e+03 2.887929431332706543e+12 5.617927599019951172e+11 2.904906900452436523e+12
6.568037667606588911e+03 3.413029083752772949e+12 5.608977188579056396e+11 2.821357349685785156e+12
6.568092439145134449e+03 2.939688327745073730e+12 5.600625902434654541e+11 2.741235847018549805e+12
6.568147211140426407e+03 1.850117230012905029e+12 5.592827787492182617e+11 2.664364627589764648e+12
6.568201983592466604e+03 2.415056419691698730e+12 5.585540796408760986e+11 2.590576776747360840e+12
6.568256756501259588e+03 2.050658083868104004e+12 5.578726430219218750e+11 2.519715490857158203e+12
6.568311529866810815e+03 2.378801435545614258e+12 5.572349415135869141e+11 2.451633391451066895e+12
6.568366303689121196e+03 2.713304258830506836e+12 5.566377410235300293e+11 2.386191888938580566e+12
6.568421077968197096e+03 1.820050020546770508e+12 5.560780743042420654e+11 2.323260592319751953e+12
6.568475852704041245e+03 2.026101298226411377e+12 5.555532170298344727e+11 2.262716761554690430e+12
6.568530627896656370e+03 2.345040479427275391e+12 5.550606661454047852e+11 2.204444799457844238e+12
6.568585403546049747e+03 2.532083297325435547e+12 5.545981202666556396e+11 2.148335780194303467e+12
6.568640179652221377e+03 2.909173416561952148e+12 5.541634619289366455e+11 2.094287011655577637e+12
6.568694956215174898e+03 2.055663282795507080e+12 5.537547415044791260e+11 2.042201629183526611e+12
6.568749733234918494e+03 1.979147534121852051e+12 5.533701626244342041e+11 1.991988218295367920e+12
6.568804510711452167e+03 1.751162144312331543e+12 5.530080689584916992e+11 1.943560464233776611e+12
6.568859288644781373e+03 2.091251079047360596e+12 5.526669322194796143e+11 1.896836826326398926e+12
6.568914067034908840e+03 1.738632110826355469e+12 5.523453412735798340e+11 1.851740235291822754e+12
6.568968845881838206e+03 1.808595345311271240e+12 5.520419922487313232e+11 1.808197811770348145e+12
6.569023625185574929e+03 2.438185568716852051e+12 5.517556795445394287e+11 1.766140604489134277e+12
6.569078404946122646e+03 2.317910267289029785e+12 5.514852876566843262e+11 1.725503346593550537e+12
6.569133185163482267e+03 7.922996890244283447e+11 5.512297837375318604e+11 1.686224228788793457e+12
6.569187965837661977e+03 1.428116039827368652e+12 5.509882108224799805e+11 1.648244688041433594e+12
6.569242746968661777e+03 1.373966038114808105e+12 5.507596816586126709e+11 1.611509210687745850e+12
6.569297528556487123e+03 1.286130243217339600e+12 5.505433730785408936e+11 1.575965148884264893e+12
6.569352310601142563e+03 1.935235931964219238e+12 5.503385208679969482e+11 1.541562549419210205e+12
6.569407093102630824e+03 1.524110636297704102e+12 5.501444150808392334e+11 1.508253993979273926e+12
6.569461876060956456e+03 1.781355468849278809e+12 5.499603957596998291e+11 1.475994450035972656e+12
6.569516659476122186e+03 2.131442960259360352e+12 5.497858490246179199e+11 1.444741131580916504e+12
6.569571443348131652e+03 2.073565215787399414e+12 5.496202034956976929e+11 1.414453368998968262e+12
6.569626227676991221e+03 9.268980154523414307e+11 5.494629270191359863e+11 1.385092487422678467e+12
6.569681012462701801e+03 7.563984963140820312e+11 5.493135236689490967e+11 1.356621692961513428e+12
6.569735797705267032e+03 1.720402653580904785e+12 5.491715309994008789e+11 1.329005966245999512e+12
6.569790583404694189e+03 7.470336212605251465e+11 5.490365175255448608e+11 1.302211962770300537e+12
6.569845369560984182e+03 1.368284185456873291e+12 5.489080804114537354e+11 1.276207919555205078e+12
6.569900156174140648e+03 1.784439699864738770e+12 5.487858433476533813e+11 1.250963567689173340e+12
6.569954943244169954e+03 2.406033791146593018e+11 5.486694546010352783e+11 1.226450050339629395e+12
6.570009730771073009e+03 9.499167312913239746e+11 5.485585852220962524e+11 1.202639845856904297e+12
6.570064518754856181e+03 8.452734430874885254e+11 5.484529273957744141e+11 1.179506695620858887e+12
6.570119307195520378e+03 1.203447140434123047e+12 5.483521929234286499e+11 1.157025536306598389e+12
6.570174096093071057e+03 8.056863202687971191e+11 5.482561118246660767e+11 1.135172436269771973e+12
6.570228885447513676e+03 1.550899836503788330e+12 5.481644310487638550e+11 1.113924535774048340e+12
6.570283675258849144e+03 6.055037087168137207e+11 5.480769132863670044e+11 1.093259990803247681e+12
6.570338465527082008e+03 1.696442548892359131e+12 5.479933358729943237e+11 1.073157920219346924e+12
6.570393256252216815e+03 2.211553620556416016e+12 5.479134897766533813e+11 1.053598356045463257e+12
6.570448047434257205e+03 7.470231404948581543e+11 5.478371786625557251e+11 1.034562196668514404e+12
6.570502839073207724e+03 1.901696185622084717e+12 5.477642180285524292e+11 1.016031162770682617e+12
6.570557631169070191e+03 1.801435730449888184e+12 5.476944344054736328e+11 9.979877558126273193e+11
6.570612423721850064e+03 5.111006707173700562e+11 5.476276646170740356e+11 9.804152189040921631e+11
6.570667216731550980e+03 -2.266770665302122803e+11 5.475637550947490845e+11 9.632974999090823975e+11
6.570722010198175667e+03 9.518477881220672607e+11 5.475025612426090698e+11 9.466192166432929688e+11
6.570776804121729583e+03 1.661661866175168457e+12 5.474439468488807983e+11 9.303656240314661865e+11
6.570831598502214547e+03 1.383651840876740967e+12 5.473877835399542236e+11 9.145225831015773926e+11
6.570886393339635106e+03 1.453873676715942383e+10 5.473339502737054443e+11 8.990765317011843262e+11
6.570941188633996717e+03 1.816179215518974365e+12 5.472823328690175781e+11 8.840144568291921387e+11
6.570995984385302108e+03 5.166388978391801147e+11 5.472328235686772461e+11 8.693238684835554199e+11
6.571050780593554009e+03 6.500541950871486816e+11 5.471853206330643921e+11 8.549927749319208984e+11
6.571105577258756966e+03 3.615883234832316895e+11 5.471397279622668457e+11 8.410096593186639404e+11
6.571160374380914618e+03 7.083163463191566162e+11 5.470959547444498901e+11 8.273634575276448975e+11
6.571215171960032421e+03 9.515745359626284180e+11 5.470539151284884644e+11 8.140435372253312988e+11
6.571269969996112195e+03 -1.255943662878063965e+10 5.470135279190332642e+11 8.010396780137125244e+11
6.571324768489158487e+03 1.091414626327219482e+12 5.469747162923306274e+11 7.883420526271884766e+11
6.571379567439174934e+03 7.890467172614555664e+11 5.469374075312526855e+11 7.759412091119746094e+11
6.571434366846165176e+03 6.204491899042841797e+11 5.469015327781180420e+11 7.638280539305187988e+11
6.571489166710133759e+03 1.253822963262884277e+12 5.468670268039972534e+11 7.519938359371115723e+11
6.571543967031084321e+03 1.564837648576131348e+12 5.468338277932996216e+11 7.404301311743458252e+11
6.571598767809018682e+03 4.959884905201984253e+11 5.468018771425353394e+11 7.291288284431418457e+11
6.571653569043943207e+03 4.201565540315176392e+11 5.467711192722302856e+11 7.180821156022886963e+11
6.571708370735861536e+03 9.609169520978458252e+11 5.467415014510546875e+11 7.072824665562271729e+11
6.571763172884776395e+03 6.450790065696435547e+11 5.467129736312959595e+11 6.967226288920906982e+11
6.571817975490691424e+03 3.843260158029295654e+11 5.466854882948745117e+11 6.863956121296043701e+11
6.571872778553612989e+03 2.433714224734020386e+11 5.466590003091634521e+11 6.762946765498940430e+11
6.571927582073541089e+03 -9.090477934997412109e+10 5.466334667919275513e+11 6.664133225710693359e+11
6.571982386050480272e+03 1.145531822152823242e+12 5.466088469847496948e+11 6.567452806404105225e+11
6.572037190484437815e+03 1.435151104136854004e+12 5.465851021343605957e+11 6.472845016151247559e+11
6.572091995375413717e+03 1.014756393227064941e+12 5.465621953813311768e+11 6.380251476051242676e+11
6.572146800723414344e+03 1.282229930878331299e+12 5.465400916556260376e+11 6.289615832527036133e+11
6.572201606528442426e+03 -5.738582158441970215e+11 5.465187575785545654e+11 6.200883674257478027e+11
6.572256412790500690e+03 5.208382418443554688e+11 5.464981613706901855e+11 6.114002453024166260e+11
6.572311219509593684e+03 1.616198572401687622e+11 5.464782727653591919e+11 6.028921408264896240e+11
6.572366026685725956e+03 1.197670446035401855e+12 5.464590629273294678e+11 5.945591495140123291e+11
6.572420834318901143e+03 1.102222942867335938e+12 5.464405043763565674e+11 5.863965315927180176e+11
6.572475642409122884e+03 1.009377243378506226e+12 5.464225709152683105e+11 5.783997054568741455e+11
6.572530450956394816e+03 1.951863263665351074e+12 5.464052375622921143e+11 5.705642414212224121e+11
6.572585259960720578e+03 9.114805405319033203e+11 5.463884804873513184e+11 5.628858557586293945e+11
6.572640069422104716e+03 2.831989398364550781e+11 5.463722769520728760e+11 5.553604050070000000e+11
6.572694879340549960e+03 -3.480837489675029907e+11 5.463566052532717896e+11 5.479838805316810303e+11
6.572749689716060857e+03 1.083974493417922852e+12 5.463414446696883545e+11 5.407524033304157104e+11
6.572804500548641954e+03 1.048617010401737061e+11 5.463267754117747803e+11 5.336622190687557373e+11
6.572859311838295071e+03 7.260126278785760498e+11 5.463125785743374634e+11 5.267096933343236084e+11
6.572914123585025663e+03 9.404579920086662598e+11 5.462988360918583374e+11 5.198913070990289307e+11
6.572968935788836461e+03 1.166632240422788574e+12 5.462855306963275757e+11 5.132036523790526123e+11
6.573023748449732011e+03 3.972761797727551880e+11 5.462726458774325562e+11 5.066434280828361206e+11
6.573078561567716861e+03 -3.425119022693156738e+11 5.462601658449593506e+11 5.002074360379038086e+11
6.573133375142792829e+03 1.374134733915962158e+12 5.462480754932707520e+11 4.938925771877740479e+11
6.573188189174966283e+03 9.024834600972600098e+11 5.462363603677346191e+11 4.876958479507725830e+11
6.573243003664238131e+03 -7.165927762643703613e+11 5.462250066329857178e+11 4.816143367329928589e+11
6.573297818610613831e+03 -1.330684929003784790e+11 5.462140010429100952e+11 4.756452205880451050e+11
6.573352634014097930e+03 1.040333502749332153e+12 5.462033309122495728e+11 4.697857620166088867e+11
6.573407449874691338e+03 5.082040764145078125e+11 5.461929840897305298e+11 4.640333058991542969e+11
6.573462266192401330e+03 1.178126921427614258e+12 5.461829489326257935e+11 4.583852765555924072e+11
6.573517082967230635e+03 -3.548118612881250000e+10 5.461732142826676025e+11 4.528391749259773560e+11
6.573571900199181073e+03 -2.232682431101867676e+11 5.461637694432301025e+11 4.473925758665535278e+11
6.573626717888259918e+03 9.072347759734030762e+11 5.461546041577102661e+11 4.420431255558157959e+11
6.573681536034467172e+03 7.821123519000234375e+11 5.461457085890363159e+11 4.367885390055963135e+11
6.573736354637810109e+03 -2.048481805397018433e+11 5.461370733002395630e+11 4.316265976723509521e+11
6.573791173698290550e+03 3.289896556940850220e+11 5.461286892360291138e+11 4.265551471641029053e+11
6.573845993215911221e+03 1.250164168886469971e+12 5.461205477053118286e+11 4.215720950386107178e+11
6.573900813190679401e+03 6.354682306849279785e+11 5.461126403646049805e+11 4.166754086887514648e+11
6.573955633622596906e+03 1.086164866918919800e+12 5.461049592022906494e+11 4.118631133112592773e+11
6.574010454511666467e+03 4.968639532864858398e+11 5.460974965236655273e+11 4.071332899550304565e+11
6.574065275857893539e+03 7.032187558908966064e+11 5.460902449367412720e+11 4.024840736454378662e+11
6.574120097661280852e+03 -6.981654902831372070e+11 5.460831973387543945e+11 3.979136515813949585e+11
6.574174919921833862e+03 2.894239080727233887e+11 5.460763469033462524e+11 3.934202614019405518e+11
6.574229742639555298e+03 -1.418226150028715820e+11 5.460696870683771973e+11 3.890021895193328247e+11
6.574284565814448797e+03 9.297435471246645508e+11 5.460632115243391724e+11 3.846577695157284546e+11
6.574339389446517089e+03 9.185874958878680420e+10 5.460569142033356323e+11 3.803853806006984863e+11
6.574394213535766539e+03 -9.811185549881685791e+11 5.460507892685971069e+11 3.761834461270213623e+11
6.574449038082199877e+03 1.363246535404573059e+11 5.460448311045047607e+11 3.720504321622673950e+11
6.574503863085819830e+03 8.075816797706418457e+11 5.460390343070939941e+11 3.679848461137419434e+11
6.574558688546631856e+03 2.466724450324353027e+11 5.460333936750128174e+11 3.639852354045506592e+11
6.574613514464639593e+03 -1.116509344633246460e+11 5.460279042009117432e+11 3.600501861986704102e+11
6.574668340839844859e+03 -6.931406245771582031e+10 5.460225610632412109e+11 3.561783221729398804e+11
6.574723167672252202e+03 9.890911262393591309e+10 5.460173596184363403e+11 3.523683033339914551e+11
6.574777994961867989e+03 -3.259521818719224854e+11 5.460122953934685059e+11 3.486188248783560791e+11
6.574832822708693129e+03 1.087963771576584961e+12 5.460073640787446899e+11 3.449286160939046021e+11
6.574887650912733989e+03 4.499696385714827881e+11 5.460025615213369751e+11 3.412964393008887329e+11
6.574942479573991477e+03 4.482150183030706787e+10 5.459978837185245361e+11 3.377210888309947510e+11
6.574997308692471051e+03 9.532341634887871094e+11 5.459933268116334229e+11 3.342013900428773193e+11
6.575052138268175440e+03 4.213814970868829956e+11 5.459888870801578979e+11 -9.999999999000000000e+09
6.575106968301110101e+03 1.486091445877490234e+10 5.459845609361497192e+11 -9.999999999000000000e+09
6.575161798791278670e+03 6.144620758617003174e+11 5.459803449188619385e+11 -9.999999999000000000e+09
6.575216629738682968e+03 8.253855664310783691e+11 5.459762356896338501e+11 -9.999999999000000000e+09
6.575271461143329361e+03 8.180897254583829346e+11 5.459722300270062256e+11 -9.999999999000000000e+09
6.575326293005219668e+03 4.480678094301640625e+11 5.459683248220541382e+11 -9.999999999000000000e+09
6.575381125324359346e+03 6.281484956822800293e+11 5.459645170739276733e+11 -9.999999999000000000e+09
6.575435958100750213e+03 4.424505274797723999e+11 5.459608038855900269e+11 -9.999999999000000000e+09
6.575490791334396818e+03 1.206831739474759277e+12 5.459571824597430420e+11 -9.999999999000000000e+09
6.575545625025304616e+03 1.919995180083214111e+11 5.459536500949312134e+11 -9.999999999000000000e+09
6.575600459173475429e+03 5.087058673782357788e+10 5.459502041818162231e+11 -9.999999999000000000e+09
6.575655293778915620e+03 5.212558007564822388e+10 5.459468421996124878e+11 -9.999999999000000000e+09
6.575710128841625192e+03 1.527950852846697266e+12 5.459435617126774902e+11 -9.999999999000000000e+09
6.575764964361610510e+03 1.348005360807009277e+12 5.459403603672481689e+11 -9.999999999000000000e+09
6.575819800338875211e+03 2.339507590133023071e+10 5.459372358883171997e+11 -9.999999999000000000e+09
6.575874636773421116e+03 -3.928060363564316406e+11 5.459341860766427002e+11 -9.999999999000000000e+09
6.575929473665256410e+03 2.536427917196624756e+11 5.459312088058843384e+11 -9.999999999000000000e+09
6.575984311014380182e+03 4.990337853125933838e+11 5.459283020198607178e+11 -9.999999999000000000e+09
6.576039148820798800e+03 -6.761853519643580322e+11 5.459254637299216309e+11 -9.999999999000000000e+09
6.576093987084515902e+03 8.835957679416083984e+11 5.459226920124311523e+11 -9.999999999000000000e+09
6.576148825805534216e+03 -4.260872408294986572e+11 5.459199850063541870e+11 -9.999999999000000000e+09
6.576203664983858289e+03 7.285934083653776855e+11 5.459173409109444580e+11 -9.999999999000000000e+09
6.576258504619491760e+03 3.391911911069680176e+11 5.459147579835270386e+11 -9.999999999000000000e+09
6.576313344712438266e+03 -1.238553225815145874e+10 5.459122345373723755e+11 -9.999999999000000000e+09
6.576368185262703264e+03 6.512172160285069580e+11 5.459097689396575317e+11 -9.999999999000000000e+09
6.576423026270289483e+03 6.697280107927010498e+11 5.459073596095095825e+11 -9.999999999000000000e+09
6.576477867735198743e+03 -6.927552240470855713e+10 5.459050050161296387e+11 -9.999999999000000000e+09
6.576532709657437408e+03 2.300290995460538330e+11 5.459027036769913330e+11 -9.999999999000000000e+09
6.576587552037007299e+03 1.665166052669311523e+09 5.459004541561127319e+11 -9.999999999000000000e+09
6.576642394873915691e+03 4.596504607232040405e+10 5.458982550623967896e+11 -9.999999999000000000e+09
6.576697238168162585e+03 -3.700595571009242554e+11 5.458961050480382690e+11 -9.999999999000000000e+09
6.576752081919754346e+03 -5.289150979694735107e+11 5.458940028069937134e+11 -9.999999999000000000e+09
6.576806926128691885e+03 -1.067644939407757568e+10 5.458919470735118408e+11 -9.999999999000000000e+09
6.576861770794982476e+03 6.717190015472869873e+11 5.458899366207219238e+11 -9.999999999000000000e+09
6.576916615918627940e+03 1.030461084367121094e+12 5.458879702592774048e+11 -9.999999999000000000e+09
6.576971461499632824e+03 -7.127682471106450195e+11 5.458860468360520020e+11 -9.999999999000000000e+09
6.577026307537999855e+03 -4.595697519373841553e+11 5.458841652328874512e+11 -9.999999999000000000e+09
6.577081154033734492e+03 -8.219294237912995605e+11 5.458823243653883667e+11 -9.999999999000000000e+09
6.577136000986839463e+03 -6.922269241687233887e+11 5.458805231817647095e+11 -9.999999999000000000e+09
6.577190848397317495e+03 1.121000020949109619e+12 5.458787606617178955e+11 -9.999999999000000000e+09
6.577245696265175866e+03 8.357116447966740723e+11 5.458770358153699341e+11 -9.999999999000000000e+09
6.577300544590415484e+03 5.449004481607062988e+11 5.458753476822326660e+11 -9.999999999000000000e+09
6.577355393373039988e+03 1.212243629179480469e+12 5.458736953302167358e+11 -9.999999999000000000e+09
6.577410242613055743e+03 2.967398380014976196e+11 5.458720778546776123e+11 -9.999999999000000000e+09
6.577465092310462751e+03 -1.243392074334279785e+11 5.458704943774974976e+11 -9.999999999000000000e+09
6.577519942465268286e+03 2.500146301835704956e+11 5.458689440462012329e+11 -9.999999999000000000e+09
6.577574793077475078e+03 4.011894366670364990e+11 5.458674260331060791e+11 -9.999999999000000000e+09
6.577629644147086765e+03 5.656336148847564697e+09 5.458659395345019531e+11 -9.999999999000000000e+09
6.577684495674106984e+03 2.332113250142689209e+11 5.458644837698626709e+11 -9.999999999000000000e+09
6.577739347658539373e+03 -3.030891143407628784e+11 5.458630579810861206e+11 -9.999999999000000000e+09
6.577794200100387570e+03 6.097670402366745605e+11 5.458616614317618408e+11 -9.999999999000000000e+09
6.577849052999656124e+03 6.802503633385656738e+11 5.458602934064661255e+11 -9.999999999000000000e+09
6.577903906356349580e+03 1.584030585989374023e+12 5.458589532100820923e+11 -9.999999999000000000e+09
6.577958760170470669e+03 -1.390910917117858887e+09 5.458576401671445923e+11 -9.999999999000000000e+09
6.578013614442023027e+03 5.191682091044071655e+11 5.458563536212090454e+11 -9.999999999000000000e+09
6.578068469171010292e+03 5.904776040738984375e+11 5.458550929342425537e+11 -9.999999999000000000e+09
6.578123324357437014e+03 4.947855433970913086e+11 5.458538574860369263e+11 -9.999999999000000000e+09
6.578178180001307737e+03 -1.909209121469660950e+11 5.458526466736427612e+11 -9.999999999000000000e+09
6.578233036102623373e+03 -2.129195912259513855e+11 5.458514599108237305e+11 -9.999999999000000000e+09
6.578287892661391197e+03 6.267239815231263428e+11 5.458502966275297241e+11 -9.999999999000000000e+09
6.578342749677612119e+03 8.127749022901992188e+11 5.458491562693890991e+11 -9.999999999000000000e+09
6.578397607151293414e+03 7.553301757092678223e+11 5.458480382972183228e+11 -9.999999999000000000e+09
6.578452465082434173e+03 4.052098125342201538e+11 5.458469421865490112e+11 -9.999999999000000000e+09
6.578507323471042582e+03 -8.456463472657031250e+10 5.458458674271716919e+11 -9.999999999000000000e+09
6.578562182317120460e+03 -5.673193911503114014e+11 5.458448135226946411e+11 -9.999999999000000000e+09
6.578617041620671444e+03 -1.359761646070742798e+11 5.458437799901187134e+11 -9.999999999000000000e+09
6.578671901381700081e+03 -6.341681888560006104e+11 5.458427663594266968e+11 -9.999999999000000000e+09
6.578726761600210921e+03 3.462062790910043945e+11 5.458417721731863403e+11 -9.999999999000000000e+09
6.578781622276204871e+03 5.709559864401629639e+10 5.458407969861673584e+11 -9.999999999000000000e+09
6.578836483409688299e+03 6.640921141142629395e+11 5.458398403649714966e+11 -9.999999999000000000e+09
6.578891345000664842e+03 -2.519355769499581909e+11 5.458389018876748047e+11 -9.999999999000000000e+09
6.578946207049137229e+03 8.774770651344664307e+11 5.458379811434823608e+11 -9.999999999000000000e+09
6.579001069555110007e+03 4.241819483719338989e+11 5.458370777323946533e+11 -9.999999999000000000e+09
6.579055932518586815e+03 1.225018567907615967e+12 5.458361912648846436e+11 -9.999999999000000000e+09
6.579110795939571290e+03 5.491048500264664307e+11 5.458353213615862427e+11 -9.999999999000000000e+09
6.579165659818067979e+03 3.258805900785238037e+11 5.458344676529929199e+11 -9.999999999000000000e+09
6.579220524154080522e+03 3.607373846586215820e+11 5.458336297791662598e+11 -9.999999999000000000e+09
6.579275388947611646e+03 6.380849050557550049e+11 5.458328073894542236e+11 -9.999999999000000000e+09
6.579330254198664989e+03 2.006215969410714722e+11 5.458320001422186279e+11 -9.999999999000000000e+09
6.579385119907247827e+03 1.795593784666809692e+11 5.458312077045717773e+11 -9.999999999000000000e+09
6.579439986073360160e+03 -4.979971988258502197e+10 5.458304297521215210e+11 -9.999999999000000000e+09
6.579494852697006536e+03 7.588900935976567383e+11 5.458296659687246704e+11 -9.999999999000000000e+09
6.579549719778191502e+03 3.032007760094865723e+11 5.458289160462483521e+11 -9.999999999000000000e+09
6.579604587316918696e+03 1.004216130145462036e+12 5.458281796843394165e+11 -9.999999999000000000e+09
6.579659455313192666e+03 3.156898311315028076e+11 5.458274565901870117e+11 -9.999999999000000000e+09
6.579714323767015230e+03 -2.978478302067971802e+11 5.458267464741357422e+11 -9.999999999000000000e+09
6.579769192678390937e+03 2.057055269136193848e+11 5.458260487801124268e+11 -9.999999999000000000e+09
6.579824062047326152e+03 1.393918441725055664e+12 5.458253539160894775e+11 -9.999999999000000000e+09
6.579878931873821784e+03 1.800993268990540771e+12 5.458245048759491577e+11 -9.999999999000000000e+09
6.579933802157882383e+03 -7.789275556518081055e+11 5.458222246150986328e+11 -9.999999999000000000e+09
6.579988672899511585e+03 -8.475396207587398682e+11 5.458141242206870117e+11 -9.999999999000000000e+09
6.580043544098713937e+03 -8.185512780571335449e+11 5.457782870193527222e+11 -9.999999999000000000e+09
