1.300000000000000000e+03 0.000000000000000000e+00 0.000000000000000000e+00 6.588642339619374955e-01
1.300010840833093880e+03 0.000000000000000000e+00 0.000000000000000000e+00 8.903442211502128334e-01
1.300021681756590624e+03 0.000000000000000000e+00 0.000000000000000000e+00 9.797279962734556369e-01
1.300032522770491141e+03 0.000000000000000000e+00 0.000000000000000000e+00 9.979422706085701034e-01
1.300043363874795659e+03 0.000000000000000000e+00 0.000000000000000000e+00 9.998884912042834694e-01
1.300054205069505542e+03 0.000000000000000000e+00 0.000000000000000000e+00 9.999967075518718662e-01
1.300065046354620790e+03 0.000000000000000000e+00 0.000000000000000000e+00 9.999998127951414961e-01
1.300075887730143222e+03 0.000000000000000000e+00 0.000000000000000000e+00 9.999998568747739958e-01
1.300086729196072611e+03 0.000000000000000000e+00 0.000000000000000000e+00 9.999998555797953159e-01
1.300097570752410320e+03 0.000000000000000000e+00 0.000000000000000000e+00 9.999998541161480015e-01
1.300108412399156805e+03 0.000000000000000000e+00 0.000000000000000000e+00 9.999998526297229073e-01
1.300119254136312748e+03 0.000000000000000000e+00 0.000000000000000000e+00 9.999998511200409723e-01
1.300130095963879057e+03 0.000000000000000000e+00 0.000000000000000000e+00 9.999998495866092574e-01
1.300140937881856871e+03 0.000000000000000000e+00 0.000000000000000000e+00 9.999998480289225000e-01
1.300151779890245962e+03 0.000000000000000000e+00 0.000000000000000000e+00 9.999998464464615600e-01
1.300162621989048148e+03 0.000000000000000000e+00 0.000000000000000000e+00 9.999998448386933081e-01
1.300173464178263202e+03 0.000000000000000000e+00 0.000000000000000000e+00 9.999998432050697383e-01
1.300184306457892944e+03 0.000000000000000000e+00 0.000000000000000000e+00 9.999998415450285227e-01
1.300195148827937373e+03 0.000000000000000000e+00 0.000000000000000000e+00 9.999998398579913461e-01
1.300205991288397172e+03 0.000000000000000000e+00 0.000000000000000000e+00 9.999998381433646832e-01
1.300216833839273704e+03 0.000000000000000000e+00 0.000000000000000000e+00 9.999998364005376894e-01
1.300227676480567197e+03 0.000000000000000000e+00 0.000000000000000000e+00 9.999998346288823114e-01
1.300238519212278561e+03 0.000000000000000000e+00 0.000000000000000000e+00 9.999998328277538429e-01
1.300249362034408705e+03 0.000000000000000000e+00 0.000000000000000000e+00 9.999998309964883703e-01
1.300260204946958083e+03 0.000000000000000000e+00 0.000000000000000000e+00 9.999998291344042167e-01
1.300271047949928061e+03 0.000000000000000000e+00 0.000000000000000000e+00 9.999998272407986111e-01
1.300281891043318410e+03 0.000000000000000000e+00 0.000000000000000000e+00 9.999998253149499083e-01
1.300292734227130723e+03 0.000000000000000000e+00 0.000000000000000000e+00 9.999998233561155914e-01
1.300303577501365226e+03 0.000000000000000000e+00 0.000000000000000000e+00 9.999998213635302724e-01
1.300314420866023056e+03 0.000000000000000000e+00 0.000000000000000000e+00 9.999998193364078025e-01
1.300325264321104896e+03 0.000000000000000000e+00 0.000000000000000000e+00 9.999998172739376079e-01
1.300336107866611201e+03 0.000000000000000000e+00 0.000000000000000000e+00 9.999998151752856890e-01
1.300346951502543106e+03 0.000000000000000000e+00 0.000000000000000000e+00 9.999998130395931772e-01
1.300357795228901296e+03 0.000000000000000000e+00 0.000000000000000000e+00 9.999998108659753360e-01
1.300368639045686223e+03 0.000000000000000000e+00 0.000000000000000000e+00 9.999998086535205610e-01
1.300379482952898798e+03 0.000000000000000000e+00 0.000000000000000000e+00 9.999998064012901589e-01
1.300390326950539929e+03 0.000000000000000000e+00 0.000000000000000000e+00 9.999998041083161260e-01
1.300401171038610300e+03 0.000000000000000000e+00 0.000000000000000000e+00 9.999998017736009270e-01
1.300412015217110593e+03 0.000000000000000000e+00 0.000000000000000000e+00 9.999997993961168286e-01
1.300422859486041716e+03 0.000000000000000000e+00 0.000000000000000000e+00 9.999997969748027904e-01
1.300433703845404125e+03 0.000000000000000000e+00 0.000000000000000000e+00 9.999997945085657980e-01
1.300444548295198729e+03 0.000000000000000000e+00 0.000000000000000000e+00 9.999997919962778647e-01
1.300455392835426437e+03 0.000000000000000000e+00 0.000000000000000000e+00 9.999997894367753659e-01
1.300466237466087932e+03 0.000000000000000000e+00 0.000000000000000000e+00 9.999997868288570402e-01
1.300477082187183896e+03 0.000000000000000000e+00 0.000000000000000000e+00 9.999997841712836566e-01
1.300487926998715238e+03 0.000000000000000000e+00 0.000000000000000000e+00 9.999997814627761272e-01
1.300498771900682186e+03 0.000000000000000000e+00 0.000000000000000000e+00 9.999997787020129536e-01
1.300509616893086331e+03 0.000000000000000000e+00 0.000000000000000000e+00 9.999997758876297826e-01
1.300520461975927446e+03 0.000000000000000000e+00 0.000000000000000000e+00 9.999997730182170752e-01
1.300531307149207350e+03 0.000000000000000000e+00 0.000000000000000000e+00 9.999997700923189958e-01
1.300542152412926043e+03 0.000000000000000000e+00 0.000000000000000000e+00 9.999997671084301931e-01
1.300552997767084435e+03 0.000000000000000000e+00 0.000000000000000000e+00 9.999997640649953556e-01
1.300563843211683206e+03 0.000000000000000000e+00 0.000000000000000000e+00 9.999997609604067694e-01
1.300574688746723496e+03 0.000000000000000000e+00 0.000000000000000000e+00 9.999997577930006543e-01
1.300585534372205530e+03 0.000000000000000000e+00 0.000000000000000000e+00 9.999997545610568306e-01
1.300596380088130672e+03 0.000000000000000000e+00 0.000000000000000000e+00 9.999997512627963880e-01
1.300607225894499152e+03 0.000000000000000000e+00 0.000000000000000000e+00 9.999997478963764674e-01
1.300618071791312104e+03 0.000000000000000000e+00 0.000000000000000000e+00 9.999997444598915930e-01
1.300628917778569985e+03 0.000000000000000000e+00 0.000000000000000000e+00 9.999997409513680102e-01
1.300639763856273703e+03 0.000000000000000000e+00 0.000000000000000000e+00 9.999997373687616875e-01
1.300650610024423941e+03 0.000000000000000000e+00 0.000000000000000000e+00 9.999997337099554295e-01
1.300661456283021380e+03 0.000000000000000000e+00 0.000000000000000000e+00 9.999997299727555466e-01
1.300672302632066931e+03 0.000000000000000000e+00 0.000000000000000000e+00 9.999997261548887462e-01
1.300683149071561502e+03 0.000000000000000000e+00 0.000000000000000000e+00 9.999997222539986907e-01
1.300693995601505549e+03 0.000000000000000000e+00 0.000000000000000000e+00 9.999997182676414464e-01
1.300704842221899753e+03 0.000000000000000000e+00 0.000000000000000000e+00 9.999997141932827072e-01
1.300715688932745252e+03 0.000000000000000000e+00 0.000000000000000000e+00 9.999997100282926876e-01
1.300726535734042500e+03 0.000000000000000000e+00 0.000000000000000000e+00 9.999997057699427927e-01
1.300737382625792407e+03 0.000000000000000000e+00 0.000000000000000000e+00 9.999997014154005104e-01
1.300748229607995427e+03 0.000000000000000000e+00 0.000000000000000000e+00 9.999996969617246378e-01
1.300759076680652697e+03 0.000000000000000000e+00 0.000000000000000000e+00 9.999996924058602854e-01
1.300769923843764900e+03 0.000000000000000000e+00 0.000000000000000000e+00 9.999996877446342136e-01
1.300780771097332490e+03 0.000000000000000000e+00 0.000000000000000000e+00 9.999996829747477278e-01
1.300791618441356604e+03 0.000000000000000000e+00 0.000000000000000000e+00 9.999996780927720152e-01
1.300802465875837697e+03 0.000000000000000000e+00 0.000000000000000000e+00 9.999996730951418167e-01
1.300813313400776906e+03 0.000000000000000000e+00 0.000000000000000000e+00 9.999996679781482101e-01
1.300824161016174685e+03 0.000000000000000000e+00 0.000000000000000000e+00 9.999996627379321712e-01
1.300835008722031716e+03 0.000000000000000000e+00 0.000000000000000000e+00 9.999996573704764691e-01
1.300845856518348683e+03 0.000000000000000000e+00 0.000000000000000000e+00 9.999996518715992266e-01
1.300856704405126948e+03 0.000000000000000000e+00 0.000000000000000000e+00 9.999996462369440398e-01
1.300867552382366512e+03 0.000000000000000000e+00 0.000000000000000000e+00 9.999996404619725388e-01
1.300878400450068511e+03 0.000000000000000000e+00 0.000000000000000000e+00 9.999996345419542854e-01
1.300889248608233856e+03 0.000000000000000000e+00 0.000000000000000000e+00 9.999996284719570028e-01
1.300900096856862774e+03 0.000000000000000000e+00 0.000000000000000000e+00 9.999996222468372498e-01
1.300910945195956629e+03 0.000000000000000000e+00 0.000000000000000000e+00 9.999996158612273200e-01
1.300921793625515875e+03 0.000000000000000000e+00 0.000000000000000000e+00 9.999996093095259164e-01
1.300932642145541195e+03 0.000000000000000000e+00 0.000000000000000000e+00 9.999996025858839399e-01
1.300943490756033498e+03 0.000000000000000000e+00 0.000000000000000000e+00 9.999995956841921663e-01
1.300954339456993694e+03 0.000000000000000000e+00 0.000000000000000000e+00 9.999995885980659249e-01
1.300965188248421782e+03 0.000000000000000000e+00 0.000000000000000000e+00 9.999995813208327755e-01
1.300976037130319355e+03 0.000000000000000000e+00 0.000000000000000000e+00 9.999995738455129679e-01
1.300986886102687095e+03 0.000000000000000000e+00 0.000000000000000000e+00 9.999995661648061196e-01
1.300997735165525228e+03 0.000000000000000000e+00 0.000000000000000000e+00 9.999995582710704545e-01
1.301008584318834892e+03 0.000000000000000000e+00 0.000000000000000000e+00 9.999995501563052613e-01
1.301019433562616541e+03 0.000000000000000000e+00 0.000000000000000000e+00 9.999995418121292445e-01
1.301030282896871540e+03 0.000000000000000000e+00 0.000000000000000000e+00 9.999995332297592077e-01
1.301041132321600116e+03 0.000000000000000000e+00 0.000000000000000000e+00 9.999995243999869610e-01
1.301051981836803179e+03 0.000000000000000000e+00 0.000000000000000000e+00 9.999995153131534531e-01
1.301062831442481183e+03 0.000000000000000000e+00 0.000000000000000000e+00 9.999995059591224589e-01
1.301073681138635266e+03 0.000000000000000000e+00 0.000000000000000000e+00 9.999994963272522686e-01
1.301084530925266336e+03 0.000000000000000000e+00 0.000000000000000000e+00 9.999994864063650457e-01
1.301095380802374621e+03 0.000000000000000000e+00 0.000000000000000000e+00 9.999994761847134095e-01
1.301106230769961257e+03 0.000000000000000000e+00 0.000000000000000000e+00 9.999994656499460177e-01
1.301117080828026928e+03 0.000000000000000000e+00 0.000000000000000000e+00 9.999994547890693752e-01
1.301127930976572088e+03 0.000000000000000000e+00 0.000000000000000000e+00 9.999994435884073107e-01
1.301138781215598101e+03 0.000000000000000000e+00 0.000000000000000000e+00 9.999994320335577891e-01
1.301149631545105194e+03 0.000000000000000000e+00 0.000000000000000000e+00 9.999994201093459489e-01
1.301160481965094277e+03 0.000000000000000000e+00 0.000000000000000000e+00 9.999994077997736985e-01
1.301171332475566032e+03 0.000000000000000000e+00 0.000000000000000000e+00 9.999993950879654259e-01
1.301182183076521369e+03 0.000000000000000000e+00 0.000000000000000000e+00 9.999993819561096009e-01
1.301193033767961197e+03 0.000000000000000000e+00 0.000000000000000000e+00 9.999993683853961590e-01
1.301203884549885970e+03 0.000000000000000000e+00 0.000000000000000000e+00 9.999993543559471121e-01
1.301214735422296144e+03 0.000000000000000000e+00 0.000000000000000000e+00 9.999993398467454941e-01
1.301225586385193310e+03 0.000000000000000000e+00 0.000000000000000000e+00 9.999993248355526498e-01
1.301236437438577468e+03 0.000000000000000000e+00 0.000000000000000000e+00 9.999993092988249677e-01
1.301247288582449755e+03 0.000000000000000000e+00 0.000000000000000000e+00 9.999992932116189559e-01
1.301258139816810854e+03 0.000000000000000000e+00 0.000000000000000000e+00 9.999992765474908785e-01
1.301268991141661672e+03 0.000000000000000000e+00 0.000000000000000000e+00 9.999992592783868428e-01
1.301279842557002894e+03 0.000000000000000000e+00 0.000000000000000000e+00 9.999992413745234510e-01
1.301290694062834746e+03 0.000000000000000000e+00 0.000000000000000000e+00 9.999992228042582365e-01
1.301301545659158592e+03 0.000000000000000000e+00 0.000000000000000000e+00 9.999992035339488883e-01
1.301312397345975114e+03 0.000000000000000000e+00 0.000000000000000000e+00 9.999991835277981522e-01
1.301323249123284995e+03 0.000000000000000000e+00 0.000000000000000000e+00 9.999991627476878531e-01
1.301334100991088690e+03 0.000000000000000000e+00 0.000000000000000000e+00 9.999991411529947083e-01
1.301344952949387334e+03 0.000000000000000000e+00 0.000000000000000000e+00 9.999991187003889337e-01
1.301355804998181839e+03 0.000000000000000000e+00 0.000000000000000000e+00 9.999990953436170837e-01
1.301366657137472430e+03 0.000000000000000000e+00 0.000000000000000000e+00 9.999990710332596899e-01
1.301377509367260018e+03 0.000000000000000000e+00 0.000000000000000000e+00 9.999990457164680269e-01
1.301388361687545739e+03 0.000000000000000000e+00 0.000000000000000000e+00 9.999990193366748992e-01
1.301399214098330049e+03 0.000000000000000000e+00 0.000000000000000000e+00 9.999989918332747862e-01
1.301410066599613401e+03 0.000000000000000000e+00 0.000000000000000000e+00 9.999989631412731228e-01
1.301420919191397161e+03 0.000000000000000000e+00 0.000000000000000000e+00 9.999989331908993861e-01
1.301431771873681782e+03 0.000000000000000000e+00 0.000000000000000000e+00 9.999989019071774399e-01
1.301442624646467721e+03 0.000000000000000000e+00 0.000000000000000000e+00 9.999988692094538001e-01
1.301453477509756567e+03 0.000000000000000000e+00 0.000000000000000000e+00 9.999988350108722779e-01
1.301464330463548322e+03 0.000000000000000000e+00 0.000000000000000000e+00 9.999987992177910012e-01
1.301475183507843894e+03 0.000000000000000000e+00 0.000000000000000000e+00 9.999987617291379305e-01
1.301486036642643967e+03 0.000000000000000000e+00 0.000000000000000000e+00 9.999987224356884363e-01
1.301496889867949676e+03 0.000000000000000000e+00 0.000000000000000000e+00 9.999986812192638297e-01
1.301507743183761477e+03 0.000000000000000000e+00 0.000000000000000000e+00 9.999986379518339685e-01
1.301518596590080278e+03 0.000000000000000000e+00 0.000000000000000000e+00 9.999985924945142823e-01
1.301529450086906763e+03 0.000000000000000000e+00 0.000000000000000000e+00 9.999985446964403391e-01
1.301540303674241613e+03 0.000000000000000000e+00 0.000000000000000000e+00 9.999984943935047443e-01
1.301551157352085283e+03 0.000000000000000000e+00 0.000000000000000000e+00 9.999984414069343908e-01
1.301562011120439365e+03 0.000000000000000000e+00 0.000000000000000000e+00 9.999983855416886280e-01
1.301572864979303858e+03 0.000000000000000000e+00 0.000000000000000000e+00 9.999983265846449365e-01
1.301583718928679900e+03 0.000000000000000000e+00 0.000000000000000000e+00 9.999982643025472351e-01
1.301594572968568173e+03 0.000000000000000000e+00 0.000000000000000000e+00 9.999981984396761892e-01
1.301605427098969358e+03 0.000000000000000000e+00 0.000000000000000000e+00 9.999981287151969989e-01
1.301616281319884365e+03 0.000000000000000000e+00 0.000000000000000000e+00 9.999980548201351516e-01
1.301627135631313649e+03 0.000000000000000000e+00 0.000000000000000000e+00 9.999979764139178551e-01
1.301637990033258120e+03 0.000000000000000000e+00 0.000000000000000000e+00 9.999978931204065447e-01
1.301648844525718687e+03 0.000000000000000000e+00 0.000000000000000000e+00 9.999978045233376411e-01
1.301659699108696032e+03 0.000000000000000000e+00 0.000000000000000000e+00 9.999977101610628694e-01
1.301670553782190837e+03 0.000000000000000000e+00 0.000000000000000000e+00 9.999976095204654580e-01
1.301681408546203784e+03 0.000000000000000000e+00 0.000000000000000000e+00 9.999975020299027850e-01
1.301692263400735555e+03 0.000000000000000000e+00 0.000000000000000000e+00 9.999973870509892837e-01
1.301703118345787288e+03 0.000000000000000000e+00 0.000000000000000000e+00 9.999972638689988980e-01
1.301713973381359665e+03 0.000000000000000000e+00 0.000000000000000000e+00 9.999971316816133049e-01
1.301724828507453140e+03 0.000000000000000000e+00 0.000000000000000000e+00 9.999969895856815061e-01
1.301735683724068622e+03 0.000000000000000000e+00 0.000000000000000000e+00 9.999968365615758970e-01
1.301746539031206567e+03 0.000000000000000000e+00 0.000000000000000000e+00 9.999966714546368873e-01
1.301757394428868565e+03 0.000000000000000000e+00 0.000000000000000000e+00 9.999964929530589242e-01
1.301768249917054618e+03 0.000000000000000000e+00 0.000000000000000000e+00 9.999962995614222194e-01
1.301779105495765634e+03 0.000000000000000000e+00 0.000000000000000000e+00 9.999960895688519980e-01
1.301789961165002524e+03 0.000000000000000000e+00 0.000000000000000000e+00 9.999958610105210699e-01
1.301800816924765741e+03 0.000000000000000000e+00 0.000000000000000000e+00 9.999956116208469359e-01
1.301811672775056422e+03 0.000000000000000000e+00 0.000000000000000000e+00 9.999953387762635648e-01
1.301822528715875251e+03 0.000000000000000000e+00 0.000000000000000000e+00 9.999950394248129371e-01
1.301833384747222681e+03 0.000000000000000000e+00 0.000000000000000000e+00 9.999947099989501265e-01
1.301844240869099622e+03 0.000000000000000000e+00 0.000000000000000000e+00 9.999943463068060590e-01
1.301855097081506983e+03 0.000000000000000000e+00 0.000000000000000000e+00 9.999939433955603585e-01
1.301865953384445447e+03 0.000000000000000000e+00 0.000000000000000000e+00 9.999934953783909952e-01
1.301876809777915469e+03 0.000000000000000000e+00 0.000000000000000000e+00 9.999929952133831401e-01
1.301887666261918412e+03 0.000000000000000000e+00 0.000000000000000000e+00 9.999924344184061287e-01
1.301898522836454731e+03 0.000000000000000000e+00 0.000000000000000000e+00 9.999918026996750253e-01
1.301909379501525109e+03 0.000000000000000000e+00 0.000000000000000000e+00 9.999910874625005386e-01
1.301920236257130000e+03 0.000000000000000000e+00 0.000000000000000000e+00 9.999902731590442073e-01
1.301931093103270541e+03 0.000000000000000000e+00 0.000000000000000000e+00 9.999893404071971137e-01
1.301941950039947642e+03 0.000000000000000000e+00 0.000000000000000000e+00 9.999882647827295079e-01
1.301952807067161984e+03 0.000000000000000000e+00 0.000000000000000000e+00 9.999870151364053106e-01
1.301963664184914023e+03 0.000000000000000000e+00 0.000000000000000000e+00 9.999855512061138763e-01
1.301974521393204668e+03 0.000000000000000000e+00 0.000000000000000000e+00 9.999838201581022767e-01
1.301985378692034601e+03 0.000000000000000000e+00 0.000000000000000000e+00 9.999817514575031208e-01
1.301996236081404732e+03 0.000000000000000000e+00 0.000000000000000000e+00 9.999792490500423181e-01
1.302007093561315742e+03 0.000000000000000000e+00 0.000000000000000000e+00 9.999761790507237791e-01
1.302017951131768314e+03 0.000000000000000000e+00 0.000000000000000000e+00 9.999723494918884015e-01
1.302028808792763357e+03 0.000000000000000000e+00 0.000000000000000000e+00 9.999674732758538909e-01
1.302039666544301326e+03 0.000000000000000000e+00 0.000000000000000000e+00 9.999610605615731895e-01
1.302050524386383586e+03 0.000000000000000000e+00 0.000000000000000000e+00 9.999516650337628709e-01
1.302061382319010363e+03 0.000000000000000000e+00 0.000000000000000000e+00 9.999297761028127507e-01
1.302072240342182340e+03 0.000000000000000000e+00 0.000000000000000000e+00 9.998209834352204117e-01
1.302083098455900881e+03 0.000000000000000000e+00 0.000000000000000000e+00 9.991435056797358660e-01
1.302093956660166214e+03 0.000000000000000000e+00 0.000000000000000000e+00 9.955441296132996332e-01
1.302104814954979020e+03 0.000000000000000000e+00 0.000000000000000000e+00 9.807718903875353167e-01
1.302115673340340436e+03 0.000000000000000000e+00 0.000000000000000000e+00 9.354434461997961359e-01
1.302126531816250917e+03 0.000000000000000000e+00 0.000000000000000000e+00 8.335294667293574600e-01
1.302137390382711374e+03 0.000000000000000000e+00 0.000000000000000000e+00 6.683951163047506805e-01
1.302148249039722714e+03 0.000000000000000000e+00 0.000000000000000000e+00 4.794551889993051708e-01
1.302159107787285166e+03 0.000000000000000000e+00 0.000000000000000000e+00 3.365353226730628533e-01
1.302169966625399866e+03 0.000000000000000000e+00 0.000000000000000000e+00 2.940629211360254458e-01
1.302180825554067951e+03 0.000000000000000000e+00 0.000000000000000000e+00 3.670878347892794769e-01
1.302191684573289422e+03 0.000000000000000000e+00 0.000000000000000000e+00 5.293007769338166080e-01
1.302202543683065414e+03 0.000000000000000000e+00 0.000000000000000000e+00 7.181976501895661613e-01
1.302213402883396611e+03 0.000000000000000000e+00 0.000000000000000000e+00 8.679326352076468520e-01
1.302224262174283695e+03 0.000000000000000000e+00 0.000000000000000000e+00 9.523332344404220606e-01
1.302235121555727574e+03 0.000000000000000000e+00 0.000000000000000000e+00 9.867697095803660279e-01
1.302245981027729385e+03 0.000000000000000000e+00 0.000000000000000000e+00 9.971162465960056176e-01
1.302256840590288675e+03 0.000000000000000000e+00 0.000000000000000000e+00 9.994564599507755887e-01
1.302267700243407489e+03 0.000000000000000000e+00 0.000000000000000000e+00 9.998717154814642516e-01
1.302278559987085828e+03 0.000000000000000000e+00 0.000000000000000000e+00 9.999386333002275862e-01
1.302289419821325055e+03 0.000000000000000000e+00 0.000000000000000000e+00 9.999547097445173893e-01
1.302300279746125170e+03 0.000000000000000000e+00 0.000000000000000000e+00 9.999629853390965550e-01
1.302311139761487311e+03 0.000000000000000000e+00 0.000000000000000000e+00 9.999689080862163015e-01
1.302321999867412615e+03 0.000000000000000000e+00 0.000000000000000000e+00 9.999734630633394517e-01
1.302332860063900853e+03 0.000000000000000000e+00 0.000000000000000000e+00 9.999770622524882802e-01
1.302343720350953845e+03 0.000000000000000000e+00 0.000000000000000000e+00 9.999799614074932341e-01
1.302354580728571818e+03 0.000000000000000000e+00 0.000000000000000000e+00 9.999823340286621010e-01
1.302365441196755455e+03 0.000000000000000000e+00 0.000000000000000000e+00 9.999843021400260934e-01
1.302376301755505665e+03 0.000000000000000000e+00 0.000000000000000000e+00 9.999859538772621903e-01
1.302387162404823357e+03 0.000000000000000000e+00 0.000000000000000000e+00 9.999873543302937318e-01
1.302398023144708759e+03 0.000000000000000000e+00 0.000000000000000000e+00 9.999885524947853543e-01
1.302408883975163462e+03 0.000000000000000000e+00 0.000000000000000000e+00 9.999895858690081019e-01
1.302419744896187694e+03 0.000000000000000000e+00 0.000000000000000000e+00 9.999904835744610754e-01
1.302430605907781910e+03 0.000000000000000000e+00 0.000000000000000000e+00 9.999912685229833675e-01
1.302441467009947473e+03 0.000000000000000000e+00 0.000000000000000000e+00 9.999919589519805641e-01
1.302452328202684612e+03 0.000000000000000000e+00 0.000000000000000000e+00 9.999925695313832685e-01
1.302463189485994462e+03 0.000000000000000000e+00 0.000000000000000000e+00 9.999931121745074813e-01
1.302474050859877707e+03 0.000000000000000000e+00 0.000000000000000000e+00 9.999935966405324450e-01
1.302484912324335255e+03 0.000000000000000000e+00 0.000000000000000000e+00 9.999940309879560285e-01
1.302495773879367334e+03 0.000000000000000000e+00 0.000000000000000000e+00 9.999944219199237150e-01
1.302506635524975081e+03 0.000000000000000000e+00 0.000000000000000000e+00 9.999947750500632893e-01
1.302517497261159633e+03 0.000000000000000000e+00 0.000000000000000000e+00 9.999950951091601814e-01
1.302528359087920762e+03 0.000000000000000000e+00 0.000000000000000000e+00 9.999953861073166417e-01
1.302539221005260060e+03 0.000000000000000000e+00 0.000000000000000000e+00 9.999956514622676540e-01
1.302550083013177755e+03 0.000000000000000000e+00 0.000000000000000000e+00 9.999958941017166314e-01
1.302560945111675210e+03 0.000000000000000000e+00 0.000000000000000000e+00 9.999961165455573120e-01
1.302571807300752425e+03 0.000000000000000000e+00 0.000000000000000000e+00 9.999963209723894408e-01
1.302582669580410766e+03 0.000000000000000000e+00 0.000000000000000000e+00 9.999965092736735617e-01
1.302593531950650913e+03 0.000000000000000000e+00 0.000000000000000000e+00 9.999966830980916432e-01
1.302604394411473550e+03 0.000000000000000000e+00 0.000000000000000000e+00 9.999968438880941779e-01
1.302615256962878675e+03 0.000000000000000000e+00 0.000000000000000000e+00 9.999969929101653054e-01
1.302626119604868563e+03 0.000000000000000000e+00 0.000000000000000000e+00 9.999971312800219891e-01
1.302636982337442760e+03 0.000000000000000000e+00 0.000000000000000000e+00 9.999972599836880471e-01
1.302647845160602401e+03 0.000000000000000000e+00 0.000000000000000000e+00 9.999973798952039861e-01
1.302658708074348169e+03 0.000000000000000000e+00 0.000000000000000000e+00 9.999974917915718242e-01
1.302669571078680974e+03 0.000000000000000000e+00 0.000000000000000000e+00 9.999975963654176292e-01
1.302680434173601270e+03 0.000000000000000000e+00 0.000000000000000000e+00 9.999976942357664544e-01
1.302691297359110422e+03 0.000000000000000000e+00 0.000000000000000000e+00 9.999977859572380945e-01
1.302702160635208656e+03 0.000000000000000000e+00 0.000000000000000000e+00 9.999978720279296684e-01
1.302713024001896656e+03 0.000000000000000000e+00 0.000000000000000000e+00 9.999979528961935316e-01
1.302723887459175330e+03 0.000000000000000000e+00 0.000000000000000000e+00 9.999980289664813782e-01
1.302734751007045816e+03 0.000000000000000000e+00 0.000000000000000000e+00 9.999981006044029730e-01
1.302745614645508567e+03 0.000000000000000000e+00 0.000000000000000000e+00 9.999981681411149737e-01
1.302756478374564040e+03 0.000000000000000000e+00 0.000000000000000000e+00 9.999982318771423184e-01
1.302767342194213370e+03 0.000000000000000000e+00 0.000000000000000000e+00 9.999982920857106716e-01
1.302778206104457013e+03 0.000000000000000000e+00 0.000000000000000000e+00 9.999983490156652000e-01
1.302789070105296105e+03 0.000000000000000000e+00 0.000000000000000000e+00 9.999984028940277492e-01
1.302799934196731328e+03 0.000000000000000000e+00 0.000000000000000000e+00 9.999984539282488205e-01
1.302810798378763138e+03 0.000000000000000000e+00 0.000000000000000000e+00 9.999985023081899849e-01
1.302821662651392671e+03 0.000000000000000000e+00 0.000000000000000000e+00 9.999985482078752597e-01
1.302832527014620155e+03 0.000000000000000000e+00 0.000000000000000000e+00 9.999985917870437557e-01
1.302843391468447180e+03 0.000000000000000000e+00 0.000000000000000000e+00 9.999986331925244665e-01
1.302854256012873520e+03 0.000000000000000000e+00 0.000000000000000000e+00 9.999986725594594006e-01
1.302865120647900540e+03 0.000000000000000000e+00 0.000000000000000000e+00 9.999987100123938211e-01
1.302875985373528920e+03 0.000000000000000000e+00 0.000000000000000000e+00 9.999987456662481344e-01
1.302886850189759343e+03 0.000000000000000000e+00 0.000000000000000000e+00 9.999987796271859741e-01
1.302897715096592492e+03 0.000000000000000000e+00 0.000000000000000000e+00 9.999988119933942432e-01
1.302908580094029276e+03 0.000000000000000000e+00 0.000000000000000000e+00 9.999988428557790021e-01
1.302919445182070376e+03 0.000000000000000000e+00 0.000000000000000000e+00 9.999988722985950762e-01
1.302930310360716703e+03 0.000000000000000000e+00 0.000000000000000000e+00 9.999989004000079396e-01
1.302941175629968939e+03 0.000000000000000000e+00 0.000000000000000000e+00 9.999989272326045286e-01
1.302952040989827537e+03 0.000000000000000000e+00 0.000000000000000000e+00 9.999989528638512093e-01
1.302962906440293409e+03 0.000000000000000000e+00 0.000000000000000000e+00 9.999989773565090001e-01
1.302973771981367463e+03 0.000000000000000000e+00 0.000000000000000000e+00 9.999990007690090499e-01
1.302984637613050609e+03 0.000000000000000000e+00 0.000000000000000000e+00 9.999990231557932541e-01
1.302995503335343074e+03 0.000000000000000000e+00 0.000000000000000000e+00 9.999990445676221196e-01
1.303006369148245994e+03 0.000000000000000000e+00 0.000000000000000000e+00 9.999990650518568724e-01
1.303017235051760053e+03 0.000000000000000000e+00 0.000000000000000000e+00 9.999990846527122557e-01
1.303028101045886160e+03 0.000000000000000000e+00 0.000000000000000000e+00 9.999991034114914523e-01
1.303038967130624542e+03 0.000000000000000000e+00 0.000000000000000000e+00 9.999991213667955847e-01
1.303049833305976790e+03 0.000000000000000000e+00 0.000000000000000000e+00 9.999991385547172262e-01
1.303060699571942678e+03 0.000000000000000000e+00 0.000000000000000000e+00 9.999991550090175929e-01
1.303071565928523569e+03 0.000000000000000000e+00 0.000000000000000000e+00 9.999991707612858605e-01
1.303082432375720373e+03 0.000000000000000000e+00 0.000000000000000000e+00 9.999991858410883783e-01
1.303093298913533545e+03 0.000000000000000000e+00 0.000000000000000000e+00 9.999992002761015630e-01
1.303104165541963994e+03 0.000000000000000000e+00 0.000000000000000000e+00 9.999992140922360218e-01
1.303115032261012175e+03 0.000000000000000000e+00 0.000000000000000000e+00 9.999992273137502385e-01
1.303125899070678997e+03 0.000000000000000000e+00 0.000000000000000000e+00 9.999992399633523821e-01
1.303136765970965371e+03 0.000000000000000000e+00 0.000000000000000000e+00 9.999992520622960068e-01
1.303147632961871750e+03 0.000000000000000000e+00 0.000000000000000000e+00 9.999992636304673166e-01
1.303158500043399272e+03 0.000000000000000000e+00 0.000000000000000000e+00 9.999992746864642124e-01
1.303169367215548391e+03 0.000000000000000000e+00 0.000000000000000000e+00 9.999992852476685679e-01
1.303180234478320017e+03 0.000000000000000000e+00 0.000000000000000000e+00 9.999992953303147303e-01
1.303191101831715059e+03 0.000000000000000000e+00 0.000000000000000000e+00 9.999993049495488062e-01
1.303201969275733745e+03 0.000000000000000000e+00 0.000000000000000000e+00 9.999993141194855051e-01
1.303212836810377212e+03 0.000000000000000000e+00 0.000000000000000000e+00 9.999993228532589873e-01
1.303223704435646368e+03 0.000000000000000000e+00 0.000000000000000000e+00 9.999993311630683834e-01
1.303234572151541897e+03 0.000000000000000000e+00 0.000000000000000000e+00 9.999993390602209820e-01
1.303245439958064026e+03 0.000000000000000000e+00 0.000000000000000000e+00 9.999993465551693106e-01
1.303256307855213890e+03 0.000000000000000000e+00 0.000000000000000000e+00 9.999993536575469966e-01
1.303267175842992629e+03 0.000000000000000000e+00 0.000000000000000000e+00 9.999993603761978544e-01
1.303278043921400240e+03 0.000000000000000000e+00 0.000000000000000000e+00 9.999993667192053071e-01
1.303288912090438089e+03 0.000000000000000000e+00 0.000000000000000000e+00 9.999993726939149230e-01
1.303299780350106857e+03 0.000000000000000000e+00 0.000000000000000000e+00 9.999993783069569542e-01
1.303310648700406773e+03 0.000000000000000000e+00 0.000000000000000000e+00 9.999993835642640994e-01
1.303321517141339200e+03 0.000000000000000000e+00 0.000000000000000000e+00 9.999993884710877134e-01
1.303332385672904593e+03 0.000000000000000000e+00 0.000000000000000000e+00 9.999993930320101310e-01
1.303343254295103861e+03 0.000000000000000000e+00 0.000000000000000000e+00 9.999993972509552131e-01
1.303354123007937915e+03 0.000000000000000000e+00 0.000000000000000000e+00 9.999994011311942321e-01
1.303364991811406753e+03 0.000000000000000000e+00 0.000000000000000000e+00 9.999994046753529764e-01
1.303375860705511968e+03 0.000000000000000000e+00 0.000000000000000000e+00 9.999994078854124169e-01
1.303386729690254015e+03 0.000000000000000000e+00 0.000000000000000000e+00 9.999994107627087070e-01
1.303397598765633575e+03 0.000000000000000000e+00 0.000000000000000000e+00 9.999994133079294079e-01
1.303408467931651558e+03 0.000000000000000000e+00 0.000000000000000000e+00 9.999994155211078262e-01
1.303419337188308646e+03 0.000000000000000000e+00 0.000000000000000000e+00 9.999994174016151316e-01
1.303430206535605294e+03 0.000000000000000000e+00 0.000000000000000000e+00 9.999994189481471452e-01
1.303441075973542866e+03 0.000000000000000000e+00 0.000000000000000000e+00 9.999994201587096843e-01
1.303451945502121589e+03 0.000000000000000000e+00 0.000000000000000000e+00 9.999994210306013542e-01
1.303462815121342373e+03 0.000000000000000000e+00 0.000000000000000000e+00 9.999994215603920100e-01
1.303473684831206356e+03 0.000000000000000000e+00 0.000000000000000000e+00 9.999994217438968880e-01
1.303484554631713763e+03 0.000000000000000000e+00 0.000000000000000000e+00 9.999994215761482952e-01
1.303495424522865505e+03 0.000000000000000000e+00 0.000000000000000000e+00 9.999994210513625248e-01
1.303506294504662264e+03 0.000000000000000000e+00 0.000000000000000000e+00 9.999994201629025525e-01
1.303517164577105177e+03 0.000000000000000000e+00 0.000000000000000000e+00 9.999994189032352931e-01
1.303528034740194698e+03 0.000000000000000000e+00 0.000000000000000000e+00 9.999994172638853041e-01
1.303538904993931510e+03 0.000000000000000000e+00 0.000000000000000000e+00 9.999994152353796073e-01
1.303549775338316522e+03 0.000000000000000000e+00 0.000000000000000000e+00 9.999994128071907351e-01
1.303560645773350416e+03 0.000000000000000000e+00 0.000000000000000000e+00 9.999994099676697834e-01
1.303571516299033874e+03 0.000000000000000000e+00 0.000000000000000000e+00 9.999994067039711387e-01
1.303582386915367806e+03 0.000000000000000000e+00 0.000000000000000000e+00 9.999994030019736524e-01
1.303593257622353121e+03 0.000000000000000000e+00 0.000000000000000000e+00 9.999993988461877148e-01
1.303604128419990275e+03 0.000000000000000000e+00 0.000000000000000000e+00 9.999993942196546692e-01
1.303614999308279948e+03 0.000000000000000000e+00 0.000000000000000000e+00 9.999993891038345684e-01
1.303625870287223279e+03 0.000000000000000000e+00 0.000000000000000000e+00 9.999993834784813851e-01
1.303636741356820949e+03 0.000000000000000000e+00 0.000000000000000000e+00 9.999993773215049009e-01
1.303647612517073185e+03 0.000000000000000000e+00 0.000000000000000000e+00 9.999993706088157186e-01
1.303658483767981352e+03 0.000000000000000000e+00 0.000000000000000000e+00 9.999993633141531779e-01
1.303669355109546132e+03 0.000000000000000000e+00 0.000000000000000000e+00 9.999993554088957293e-01
1.303680226541767979e+03 0.000000000000000000e+00 0.000000000000000000e+00 9.999993468618443293e-01
1.303691098064648031e+03 0.000000000000000000e+00 0.000000000000000000e+00 9.999993376389866295e-01
1.303701969678186515e+03 0.000000000000000000e+00 0.000000000000000000e+00 9.999993277032297456e-01
1.303712841382384795e+03 0.000000000000000000e+00 0.000000000000000000e+00 9.999993170140987209e-01
1.303723713177242871e+03 0.000000000000000000e+00 0.000000000000000000e+00 9.999993055274053466e-01
1.303734585062762335e+03 0.000000000000000000e+00 0.000000000000000000e+00 9.999992931948685770e-01
1.303745457038943414e+03 0.000000000000000000e+00 0.000000000000000000e+00 9.999992799636923113e-01
1.303756329105787245e+03 0.000000000000000000e+00 0.000000000000000000e+00 9.999992657760861103e-01
1.303767201263294282e+03 0.000000000000000000e+00 0.000000000000000000e+00 9.999992505687271827e-01
1.303778073511465209e+03 0.000000000000000000e+00 0.000000000000000000e+00 9.999992342721475413e-01
1.303788945850300706e+03 0.000000000000000000e+00 0.000000000000000000e+00 9.999992168100412249e-01
1.303799818279802139e+03 0.000000000000000000e+00 0.000000000000000000e+00 9.999991980984777040e-01
1.303810690799969734e+03 0.000000000000000000e+00 0.000000000000000000e+00 9.999991780450013801e-01
1.303821563410804401e+03 0.000000000000000000e+00 0.000000000000000000e+00 9.999991565476082922e-01
1.303832436112306823e+03 0.000000000000000000e+00 0.000000000000000000e+00 9.999991334935703913e-01
1.303843308904477908e+03 0.000000000000000000e+00 0.000000000000000000e+00 9.999991087580868410e-01
1.303854181787318339e+03 0.000000000000000000e+00 0.000000000000000000e+00 9.999990822027318149e-01
1.303865054760828798e+03 0.000000000000000000e+00 0.000000000000000000e+00 9.999990536736612645e-01
1.303875927825009967e+03 0.000000000000000000e+00 0.000000000000000000e+00 9.999990229995370239e-01
1.303886800979862983e+03 0.000000000000000000e+00 0.000000000000000000e+00 9.999989899891137402e-01
1.303897674225388300e+03 0.000000000000000000e+00 0.000000000000000000e+00 9.999989544284270115e-01
1.303908547561586602e+03 0.000000000000000000e+00 0.000000000000000000e+00 9.999989160775040187e-01
1.303919420988458796e+03 0.000000000000000000e+00 0.000000000000000000e+00 9.999988746665013917e-01
1.303930294506005566e+03 0.000000000000000000e+00 0.000000000000000000e+00 9.999988298911539619e-01
1.303941168114228049e+03 0.000000000000000000e+00 0.000000000000000000e+00 9.999987814073898473e-01
1.303952041813126243e+03 0.000000000000000000e+00 0.000000000000000000e+00 9.999987288249322370e-01
1.303962915602701287e+03 0.000000000000000000e+00 0.000000000000000000e+00 9.999986716996609459e-01
1.303973789482954317e+03 0.000000000000000000e+00 0.000000000000000000e+00 9.999986095244567386e-01
1.303984663453885560e+03 0.000000000000000000e+00 0.000000000000000000e+00 9.999985417181644909e-01
1.303995537515496153e+03 0.000000000000000000e+00 0.000000000000000000e+00 9.999984676122235516e-01
1.304006411667786551e+03 0.000000000000000000e+00 0.000000000000000000e+00 9.999983864343852114e-01
1.304017285910757437e+03 0.000000000000000000e+00 0.000000000000000000e+00 9.999982972887545563e-01
1.304028160244409946e+03 0.000000000000000000e+00 0.000000000000000000e+00 9.999981991311880369e-01
1.304039034668744534e+03 0.000000000000000000e+00 0.000000000000000000e+00 9.999980907387469031e-01
1.304049909183761883e+03 0.000000000000000000e+00 0.000000000000000000e+00 9.999979706715143024e-01
1.304060783789463358e+03 0.000000000000000000e+00 0.000000000000000000e+00 9.999978372244864300e-01
1.304071658485849184e+03 0.000000000000000000e+00 0.000000000000000000e+00 9.999976883664676297e-01
1.304082533272919818e+03 0.000000000000000000e+00 0.000000000000000000e+00 9.999975216617640328e-01
1.304093408150676851e+03 0.000000000000000000e+00 0.000000000000000000e+00 9.999973341688702666e-01
1.304104283119120510e+03 0.000000000000000000e+00 0.000000000000000000e+00 9.999971223080237337e-01
1.304115158178251704e+03 0.000000000000000000e+00 0.000000000000000000e+00 9.999968816860904663e-01
1.304126033328070889e+03 0.000000000000000000e+00 0.000000000000000000e+00 9.999966068621615189e-01
1.304136908568579202e+03 0.000000000000000000e+00 0.000000000000000000e+00 9.999962910294908358e-01
1.304147783899777096e+03 0.000000000000000000e+00 0.000000000000000000e+00 9.999959255773838152e-01
1.304158659321665937e+03 0.000000000000000000e+00 0.000000000000000000e+00 9.999954994775516193e-01
1.304169534834245496e+03 0.000000000000000000e+00 0.000000000000000000e+00 9.999949984083119636e-01
1.304180410437517367e+03 0.000000000000000000e+00 0.000000000000000000e+00 9.999944034778135427e-01
1.304191286131481775e+03 0.000000000000000000e+00 0.000000000000000000e+00 9.999936893168370755e-01
1.304202161916140085e+03 0.000000000000000000e+00 0.000000000000000000e+00 9.999928211482010942e-01
1.304213037791492297e+03 0.000000000000000000e+00 0.000000000000000000e+00 9.999917501299524503e-01
1.304223913757539776e+03 0.000000000000000000e+00 0.000000000000000000e+00 9.999904056345153558e-01
1.304234789814282976e+03 0.000000000000000000e+00 0.000000000000000000e+00 9.999886814136296209e-01
1.304245665961722807e+03 0.000000000000000000e+00 0.000000000000000000e+00 9.999864020654474217e-01
1.304256542199859950e+03 0.000000000000000000e+00 0.000000000000000000e+00 9.999831385378390447e-01
1.304267418528695089e+03 0.000000000000000000e+00 0.000000000000000000e+00 9.999765179978389318e-01
1.304278294948229131e+03 0.000000000000000000e+00 0.000000000000000000e+00 9.999481291904084301e-01
1.304289171458462761e+03 0.000000000000000000e+00 0.000000000000000000e+00 9.997744657937189805e-01
1.304300048059396431e+03 0.000000000000000000e+00 0.000000000000000000e+00 9.988269910643714500e-01
1.304310924751031280e+03 0.000000000000000000e+00 0.000000000000000000e+00 9.947917528369408791e-01
1.304321801533368216e+03 0.000000000000000000e+00 0.000000000000000000e+00 9.818298636022646519e-01
1.304332678406407695e+03 0.000000000000000000e+00 0.000000000000000000e+00 9.510086389661083217e-01
1.304343555370150398e+03 0.000000000000000000e+00 0.000000000000000000e+00 8.980007441360229326e-01
1.304354432424597235e+03 0.000000000000000000e+00 0.000000000000000000e+00 8.352678308987930844e-01
1.304365309569749115e+03 0.000000000000000000e+00 0.000000000000000000e+00 7.923602255287913732e-01
1.304376186805606494e+03 0.000000000000000000e+00 0.000000000000000000e+00 7.948878436648669776e-01
1.304387064132170053e+03 0.000000000000000000e+00 0.000000000000000000e+00 8.412489596813317316e-01
1.304397941549441157e+03 0.000000000000000000e+00 0.000000000000000000e+00 9.041609681393513176e-01
1.304408819057419805e+03 0.000000000000000000e+00 0.000000000000000000e+00 9.551440427001287592e-01
1.304419696656107135e+03 0.000000000000000000e+00 0.000000000000000000e+00 9.837925500350817032e-01
1.304430574345504283e+03 0.000000000000000000e+00 0.000000000000000000e+00 9.954711434194741804e-01
1.304441452125611249e+03 0.000000000000000000e+00 0.000000000000000000e+00 9.990019554687320502e-01
1.304452329996428944e+03 0.000000000000000000e+00 0.000000000000000000e+00 9.998088697777516298e-01
1.304463207957958730e+03 0.000000000000000000e+00 0.000000000000000000e+00 9.999537372830799020e-01
1.304474086010200608e+03 0.000000000000000000e+00 0.000000000000000000e+00 9.999775873697418493e-01
1.304484964153155943e+03 0.000000000000000000e+00 0.000000000000000000e+00 9.999835652517518048e-01
1.304495842386825188e+03 0.000000000000000000e+00 0.000000000000000000e+00 9.999866901364014016e-01
1.304506720711209027e+03 0.000000000000000000e+00 0.000000000000000000e+00 9.999889044337948452e-01
1.304517599126308369e+03 0.000000000000000000e+00 0.000000000000000000e+00 9.999905866952868427e-01
1.304528477632123895e+03 0.000000000000000000e+00 0.000000000000000000e+00 9.999919021756061843e-01
1.304539356228656516e+03 0.000000000000000000e+00 0.000000000000000000e+00 9.999929525934472263e-01
1.304550234915906685e+03 0.000000000000000000e+00 0.000000000000000000e+00 9.999938059016024727e-01
1.304561113693875541e+03 0.000000000000000000e+00 0.000000000000000000e+00 9.999945092454316509e-01
1.304571992562563537e+03 0.000000000000000000e+00 0.000000000000000000e+00 9.999950962829249335e-01
1.304582871521971811e+03 0.000000000000000000e+00 0.000000000000000000e+00 9.999955916218397078e-01
1.304593750572100362e+03 0.000000000000000000e+00 0.000000000000000000e+00 9.999960136223506879e-01
1.304604629712950555e+03 0.000000000000000000e+00 0.000000000000000000e+00 9.999963762265785538e-01
1.304615508944523071e+03 0.000000000000000000e+00 0.000000000000000000e+00 9.999966901865775526e-01
1.304626388266818594e+03 0.000000000000000000e+00 0.000000000000000000e+00 9.999969639085811712e-01
1.304637267679838260e+03 0.000000000000000000e+00 0.000000000000000000e+00 9.999972040457263400e-01
1.304648147183582068e+03 0.000000000000000000e+00 0.000000000000000000e+00 9.999974159219735537e-01
1.304659026778051157e+03 0.000000000000000000e+00 0.000000000000000000e+00 9.999976038403615153e-01
1.304669906463246434e+03 0.000000000000000000e+00 0.000000000000000000e+00 9.999977713105050459e-01
1.304680786239168583e+03 0.000000000000000000e+00 0.000000000000000000e+00 9.999979212187722899e-01
1.304691666105818058e+03 0.000000000000000000e+00 0.000000000000000000e+00 9.999980559571509664e-01
1.304702546063196223e+03 0.000000000000000000e+00 0.000000000000000000e+00 9.999981775219289881e-01
1.304713426111303079e+03 0.000000000000000000e+00 0.000000000000000000e+00 9.999982875900436108e-01
1.304724306250139989e+03 0.000000000000000000e+00 0.000000000000000000e+00 9.999983875787151755e-01
1.304735186479707409e+03 0.000000000000000000e+00 0.000000000000000000e+00 9.999984786924350777e-01
1.304746066800006247e+03 0.000000000000000000e+00 0.000000000000000000e+00 9.999985619602945741e-01
1.304756947211036959e+03 0.000000000000000000e+00 0.000000000000000000e+00 9.999986382658641038e-01
1.304767827712800909e+03 0.000000000000000000e+00 0.000000000000000000e+00 9.999987083712806868e-01
1.304778708305298096e+03 0.000000000000000000e+00 0.000000000000000000e+00 9.999987729367967315e-01
1.304789588988529886e+03 0.000000000000000000e+00 0.000000000000000000e+00 9.999988325367435982e-01
1.304800469762496959e+03 0.000000000000000000e+00 0.000000000000000000e+00 9.999988876726420006e-01
1.304811350627199772e+03 0.000000000000000000e+00 0.000000000000000000e+00 9.999989387840338972e-01
1.304822231582639006e+03 0.000000000000000000e+00 0.000000000000000000e+00 9.999989862574736321e-01
1.304833112628815798e+03 0.000000000000000000e+00 0.000000000000000000e+00 9.999990304340304892e-01
1.304843993765730829e+03 0.000000000000000000e+00 0.000000000000000000e+00 9.999990716155779946e-01
1.304854874993384783e+03 0.000000000000000000e+00 0.000000000000000000e+00 9.999991100700900137e-01
1.304865756311778341e+03 0.000000000000000000e+00 0.000000000000000000e+00 9.999991460361176143e-01
1.304876637720912186e+03 0.000000000000000000e+00 0.000000000000000000e+00 9.999991797265908033e-01
1.304887519220787681e+03 0.000000000000000000e+00 0.000000000000000000e+00 9.999992113320571585e-01
1.304898400811404599e+03 0.000000000000000000e+00 0.000000000000000000e+00 9.999992410234543883e-01
1.304909282492764532e+03 0.000000000000000000e+00 0.000000000000000000e+00 9.999992689544860980e-01
1.304920164264867708e+03 0.000000000000000000e+00 0.000000000000000000e+00 9.999992952636700405e-01
1.304931046127715035e+03 0.000000000000000000e+00 0.000000000000000000e+00 9.999993200761082557e-01
1.304941928081307424e+03 0.000000000000000000e+00 0.000000000000000000e+00 9.999993435050184010e-01
1.304952810125645783e+03 0.000000000000000000e+00 0.000000000000000000e+00 9.999993656530656860e-01
1.304963692260730340e+03 0.000000000000000000e+00 0.000000000000000000e+00 9.999993866135250542e-01
1.304974574486562233e+03 0.000000000000000000e+00 0.000000000000000000e+00 9.999994064712938169e-01
1.304985456803142142e+03 0.000000000000000000e+00 0.000000000000000000e+00 9.999994253037811642e-01
1.304996339210470978e+03 0.000000000000000000e+00 0.000000000000000000e+00 9.999994431816883189e-01
1.305007221708548968e+03 0.000000000000000000e+00 0.000000000000000000e+00 9.999994601696954311e-01
1.305018104297377477e+03 0.000000000000000000e+00 0.000000000000000000e+00 9.999994763270677600e-01
1.305028986976956958e+03 0.000000000000000000e+00 0.000000000000000000e+00 9.999994917081915791e-01
1.305039869747288094e+03 0.000000000000000000e+00 0.000000000000000000e+00 9.999995063630500169e-01
1.305050752608372022e+03 0.000000000000000000e+00 0.000000000000000000e+00 9.999995203376439434e-01
1.305061635560208742e+03 0.000000000000000000e+00 0.000000000000000000e+00 9.999995336743680019e-01
1.305072518602800073e+03 0.000000000000000000e+00 0.000000000000000000e+00 9.999995464123456745e-01
1.305083401736145788e+03 0.000000000000000000e+00 0.000000000000000000e+00 9.999995585877270443e-01
1.305094284960247251e+03 0.000000000000000000e+00 0.000000000000000000e+00 9.999995702339574688e-01
1.305105168275105143e+03 0.000000000000000000e+00 0.000000000000000000e+00 9.999995813820173884e-01
1.305116051680720147e+03 0.000000000000000000e+00 0.000000000000000000e+00 9.999995920606373767e-01
1.305126935177092719e+03 0.000000000000000000e+00 0.000000000000000000e+00 9.999996022964905418e-01
1.305137818764223766e+03 0.000000000000000000e+00 0.000000000000000000e+00 9.999996121143708283e-01
1.305148702442114654e+03 0.000000000000000000e+00 0.000000000000000000e+00 9.999996215373455621e-01
1.305159586210765383e+03 0.000000000000000000e+00 0.000000000000000000e+00 9.999996305869014446e-01
1.305170470070176862e+03 0.000000000000000000e+00 0.000000000000000000e+00 9.999996392830716729e-01
1.305181354020350227e+03 0.000000000000000000e+00 0.000000000000000000e+00 9.999996476445529581e-01
1.305192238061285707e+03 0.000000000000000000e+00 0.000000000000000000e+00 9.999996556888112176e-01
1.305203122192984438e+03 0.000000000000000000e+00 0.000000000000000000e+00 9.999996634321780542e-01
1.305214006415447102e+03 0.000000000000000000e+00 0.000000000000000000e+00 9.999996708899379083e-01
1.305224890728674382e+03 0.000000000000000000e+00 0.000000000000000000e+00 9.999996780764091042e-01
1.305235775132666959e+03 0.000000000000000000e+00 0.000000000000000000e+00 9.999996850050137942e-01
1.305246659627425743e+03 0.000000000000000000e+00 0.000000000000000000e+00 9.999996916883473475e-01
1.305257544212951643e+03 0.000000000000000000e+00 0.000000000000000000e+00 9.999996981382377470e-01
1.305268428889244888e+03 0.000000000000000000e+00 0.000000000000000000e+00 9.999997043658008788e-01
1.305279313656306613e+03 0.000000000000000000e+00 0.000000000000000000e+00 9.999997103814924904e-01
1.305290198514137728e+03 0.000000000000000000e+00 0.000000000000000000e+00 9.999997161951537095e-01
1.305301083462738916e+03 0.000000000000000000e+00 0.000000000000000000e+00 9.999997218160547874e-01
1.305311968502110403e+03 0.000000000000000000e+00 0.000000000000000000e+00 9.999997272529345116e-01
1.305322853632253782e+03 0.000000000000000000e+00 0.000000000000000000e+00 9.999997325140362880e-01
1.305333738853169052e+03 0.000000000000000000e+00 0.000000000000000000e+00 9.999997376071416699e-01
1.305344624164857350e+03 0.000000000000000000e+00 0.000000000000000000e+00 9.999997425396009998e-01
1.305355509567319359e+03 0.000000000000000000e+00 0.000000000000000000e+00 9.999997473183617203e-01
1.305366395060555760e+03 0.000000000000000000e+00 0.000000000000000000e+00 9.999997519499961296e-01
1.305377280644567463e+03 0.000000000000000000e+00 0.000000000000000000e+00 9.999997564407230310e-01
1.305388166319355150e+03 0.000000000000000000e+00 0.000000000000000000e+00 9.999997607964330459e-01
1.305399052084919958e+03 0.000000000000000000e+00 0.000000000000000000e+00 9.999997650227069323e-01
1.305409937941262115e+03 0.000000000000000000e+00 0.000000000000000000e+00 9.999997691248365683e-01
1.305420823888382074e+03 0.000000000000000000e+00 0.000000000000000000e+00 9.999997731078424934e-01
1.305431709926281428e+03 0.000000000000000000e+00 0.000000000000000000e+00 9.999997769764903399e-01
1.305442596054960859e+03 0.000000000000000000e+00 0.000000000000000000e+00 9.999997807353058210e-01
1.305453482274420594e+03 0.000000000000000000e+00 0.000000000000000000e+00 9.999997843885901627e-01
1.305464368584661543e+03 0.000000000000000000e+00 0.000000000000000000e+00 9.999997879404329826e-01
1.305475254985684387e+03 0.000000000000000000e+00 0.000000000000000000e+00 9.999997913947240580e-01
1.305486141477490264e+03 0.000000000000000000e+00 0.000000000000000000e+00 9.999997947551655386e-01
1.305497028060079401e+03 0.000000000000000000e+00 0.000000000000000000e+00 9.999997980252833818e-01
1.305507914733453390e+03 0.000000000000000000e+00 0.000000000000000000e+00 9.999998012084366783e-01
1.305518801497612003e+03 0.000000000000000000e+00 0.000000000000000000e+00 9.999998043078267562e-01
1.305529688352556832e+03 0.000000000000000000e+00 0.000000000000000000e+00 9.999998073265065068e-01
1.305540575298287877e+03 0.000000000000000000e+00 0.000000000000000000e+00 9.999998102673890443e-01
1.305551462334806729e+03 0.000000000000000000e+00 0.000000000000000000e+00 9.999998131332542561e-01
1.305562349462113389e+03 0.000000000000000000e+00 0.000000000000000000e+00 9.999998159267580178e-01
1.305573236680208765e+03 0.000000000000000000e+00 0.000000000000000000e+00 9.999998186504359676e-01
1.305584123989093996e+03 0.000000000000000000e+00 0.000000000000000000e+00 9.999998213067122776e-01
1.305595011388769763e+03 0.000000000000000000e+00 0.000000000000000000e+00 9.999998238979050935e-01
1.305605898879236520e+03 0.000000000000000000e+00 0.000000000000000000e+00 9.999998264262318637e-01
1.305616786460495177e+03 0.000000000000000000e+00 0.000000000000000000e+00 9.999998288938136692e-01
1.305627674132546417e+03 0.000000000000000000e+00 0.000000000000000000e+00 9.999998313026825514e-01
1.305638561895391149e+03 0.000000000000000000e+00 0.000000000000000000e+00 9.999998336547832878e-01
1.305649449749030055e+03 0.000000000000000000e+00 0.000000000000000000e+00 9.999998359519800539e-01
1.305660337693464044e+03 0.000000000000000000e+00 0.000000000000000000e+00 9.999998381960587546e-01
1.305671225728693116e+03 0.000000000000000000e+00 0.000000000000000000e+00 9.999998403887324638e-01
1.305682113854719319e+03 0.000000000000000000e+00 0.000000000000000000e+00 9.999998425316439787e-01
1.305693002071542423e+03 0.000000000000000000e+00 0.000000000000000000e+00 9.999998446263698160e-01
1.305703890379163340e+03 0.000000000000000000e+00 0.000000000000000000e+00 9.999998466744225434e-01
1.305714778777583206e+03 0.000000000000000000e+00 0.000000000000000000e+00 9.999998486772551098e-01
1.305725667266802475e+03 0.000000000000000000e+00 0.000000000000000000e+00 9.999998506362629547e-01
1.305736555846822057e+03 0.000000000000000000e+00 0.000000000000000000e+00 9.999998525527867832e-01
1.305747444517642407e+03 0.000000000000000000e+00 0.000000000000000000e+00 9.999998544281158974e-01
1.305758333279264662e+03 0.000000000000000000e+00 0.000000000000000000e+00 9.999998562634887511e-01
1.305769222131689276e+03 0.000000000000000000e+00 0.000000000000000000e+00 9.999998580600971687e-01
1.305780111074917386e+03 0.000000000000000000e+00 0.000000000000000000e+00 9.999998598190881216e-01
1.305791000108949220e+03 0.000000000000000000e+00 0.000000000000000000e+00 9.999998615415648384e-01
1.305801889233786142e+03 0.000000000000000000e+00 0.000000000000000000e+00 9.999998632285895805e-01
1.305812778449428151e+03 0.000000000000000000e+00 0.000000000000000000e+00 9.999998648811855295e-01
1.305823667755876613e+03 0.000000000000000000e+00 0.000000000000000000e+00 9.999998665003382303e-01
1.305834557153132437e+03 0.000000000000000000e+00 0.000000000000000000e+00 9.999998680869970347e-01
1.305845446641195849e+03 0.000000000000000000e+00 0.000000000000000000e+00 9.999998696420770994e-01
1.305856336220067760e+03 0.000000000000000000e+00 0.000000000000000000e+00 9.999998711664611628e-01
1.305867225889749079e+03 0.000000000000000000e+00 0.000000000000000000e+00 9.999998726609999888e-01
1.305878115650240261e+03 0.000000000000000000e+00 0.000000000000000000e+00 9.999998741265146984e-01
1.305889005501542670e+03 0.000000000000000000e+00 0.000000000000000000e+00 9.999998755637973247e-01
1.305899895443656305e+03 0.000000000000000000e+00 0.000000000000000000e+00 9.999998769736127002e-01
1.305910785476582078e+03 0.000000000000000000e+00 0.000000000000000000e+00 9.999998783566983462e-01
1.305921675600321578e+03 0.000000000000000000e+00 0.000000000000000000e+00 9.999998797137678030e-01
1.305932565814874579e+03 0.000000000000000000e+00 0.000000000000000000e+00 9.999998808988286303e-01
1.305943456120241990e+03 0.000000000000000000e+00 0.000000000000000000e+00 9.999998366345268508e-01
1.305954346516425176e+03 0.000000000000000000e+00 0.000000000000000000e+00 9.999967281978185962e-01
1.305965237003424136e+03 0.000000000000000000e+00 0.000000000000000000e+00 9.998884501740776809e-01
1.305976127581240462e+03 0.000000000000000000e+00 0.000000000000000000e+00 9.979416625076755754e-01
1.305987018249874154e+03 0.000000000000000000e+00 0.000000000000000000e+00 9.797251038442750248e-01
1.305997909009326122e+03 0.000000000000000000e+00 0.000000000000000000e+00 8.903377263078627868e-01
1.306008799859597502e+03 0.000000000000000000e+00 0.000000000000000000e+00 -9.999999999000000000e+09
