1.300000000000000000e+03 5.621447077663386249e-01 9.999998817189352171e-03 5.423934986936835845e-01
1.300010840833093880e+03 7.456468335959306470e-01 9.999998817189352171e-03 7.351148790806253386e-01
1.300021681756590624e+03 8.456209156118655867e-01 9.999998817189352171e-03 8.606350351370657403e-01
1.300032522770491141e+03 9.659466002217517167e-01 9.999998817189352171e-03 9.777044472107263573e-01
1.300043363874795659e+03 9.884673486490055394e-01 9.999998817189352171e-03 9.996333892047968295e-01
1.300054205069505542e+03 1.020265829886569886e+00 9.999998817189352171e-03 9.999972582110459030e-01
1.300065046354620790e+03 9.883000302580915442e-01 9.999998817189352171e-03 9.999998591433536532e-01
1.300075887730143222e+03 9.767687300287601904e-01 9.999998817189352171e-03 9.999998577346985718e-01
1.300086729196072611e+03 9.874371330898003007e-01 9.999998817189352171e-03 9.999998563044142363e-01
1.300097570752410320e+03 1.003265056169047931e+00 9.999998817189352171e-03 9.999998548520514507e-01
1.300108412399156805e+03 1.005425193676861229e+00 9.999998817189352171e-03 9.999998533771485842e-01
1.300119254136312748e+03 9.953474692615943420e-01 9.999998817189352171e-03 9.999998518792325708e-01
1.300130095963879057e+03 1.017327347135918325e+00 9.999998817189352171e-03 9.999998503578181319e-01
1.300140937881856871e+03 9.904192608120881980e-01 9.999998817189352171e-03 9.999998488124056673e-01
1.300151779890245962e+03 1.022300914082641343e+00 9.999998817189352171e-03 9.999998472424833640e-01
1.300162621989048148e+03 1.004220115314410799e+00 9.999998817189352171e-03 9.999998456475254205e-01
1.300173464178263202e+03 1.001726672723432188e+00 9.999998817189352171e-03 9.999998440269907141e-01
1.300184306457892944e+03 9.994032751665586911e-01 9.999998817189352171e-03 9.999998423803255765e-01
1.300195148827937373e+03 1.002604295110593791e+00 9.999998817189352171e-03 9.999998407069586870e-01
1.300205991288397172e+03 1.002462778326181025e+00 9.999998817189352171e-03 9.999998390063049580e-01
1.300216833839273704e+03 9.875664776352128804e-01 9.999998817189352171e-03 9.999998372777619826e-01
1.300227676480567197e+03 1.005479937782191024e+00 9.999998817189352171e-03 9.999998355207108114e-01
1.300238519212278561e+03 9.898887286520845485e-01 9.999998817189352171e-03 9.999998337345156196e-01
1.300249362034408705e+03 1.010375663203927799e+00 9.999998817189352171e-03 9.999998319185218199e-01
1.300260204946958083e+03 1.005570591726049567e+00 9.999998817189352171e-03 9.999998300720568389e-01
1.300271047949928061e+03 1.034084799803866250e+00 9.999998817189352171e-03 9.999998281944291190e-01
1.300281891043318410e+03 9.900702021991460988e-01 9.999998817189352171e-03 9.999998262849267849e-01
1.300292734227130723e+03 9.909901612216994726e-01 9.999998817189352171e-03 9.999998243428173117e-01
1.300303577501365226e+03 1.015014799224168485e+00 9.999998817189352171e-03 9.999998223673477460e-01
1.300314420866023056e+03 1.018120664581942059e+00 9.999998817189352171e-03 9.999998203577422640e-01
1.300325264321104896e+03 9.752600060093166157e-01 9.999998817189352171e-03 9.999998183132028373e-01
1.300336107866611201e+03 1.011935601972162813e+00 9.999998817189352171e-03 9.999998162329080120e-01
1.300346951502543106e+03 1.014539002341217300e+00 9.999998817189352171e-03 9.999998141160109100e-01
1.300357795228901296e+03 1.003906061794533677e+00 9.999998817189352171e-03 9.999998119616405612e-01
1.300368639045686223e+03 9.938234550416544799e-01 9.999998817189352171e-03 9.999998097688991283e-01
1.300379482952898798e+03 9.932293642131472255e-01 9.999998817189352171e-03 9.999998075368619066e-01
1.300390326950539929e+03 9.865999635091164954e-01 9.999998817189352171e-03 9.999998052645761026e-01
1.300401171038610300e+03 9.844199025460893537e-01 9.999998817189352171e-03 9.999998029510590580e-01
1.300412015217110593e+03 9.891691826714186231e-01 9.999998817189352171e-03 9.999998005952989155e-01
1.300422859486041716e+03 9.999747208460129100e-01 9.999998817189352171e-03 9.999997981962511773e-01
1.300433703845404125e+03 9.937613140144025969e-01 9.999998817189352171e-03 9.999997957528401482e-01
1.300444548295198729e+03 1.005549621902504631e+00 9.999998817189352171e-03 9.999997932639553833e-01
1.300455392835426437e+03 9.976460830102159560e-01 9.999998817189352171e-03 9.999997907284514653e-01
1.300466237466087932e+03 9.924899337717525416e-01 9.999998817189352171e-03 9.999997881451468951e-01
1.300477082187183896e+03 9.901456917121757018e-01 9.999998817189352171e-03 9.999997855128223145e-01
1.300487926998715238e+03 9.816516770018313132e-01 9.999998817189352171e-03 9.999997828302182867e-01
1.300498771900682186e+03 9.994664502782918403e-01 9.999998817189352171e-03 9.999997800960358507e-01
1.300509616893086331e+03 9.967279861236646443e-01 9.999998817189352171e-03 9.999997773089324138e-01
1.300520461975927446e+03 1.008083219194109592e+00 9.999998817189352171e-03 9.999997744675223066e-01
1.300531307149207350e+03 9.873415939687472109e-01 9.999998817189352171e-03 9.999997715703730083e-01
1.300542152412926043e+03 9.983267634169741278e-01 9.999998817189352171e-03 9.999997686160050359e-01
1.300552997767084435e+03 9.797197616672098652e-01 9.999998817189352171e-03 9.999997656028890569e-01
1.300563843211683206e+03 9.831418321805042160e-01 9.999998817189352171e-03 9.999997625294441139e-01
1.300574688746723496e+03 1.003303228955326976e+00 9.999998817189352171e-03 9.999997593940352925e-01
1.300585534372205530e+03 9.953286979002312629e-01 9.999998817189352171e-03 9.999997561949722780e-01
1.300596380088130672e+03 1.014134390314439305e+00 9.999998817189352171e-03 9.999997529305059141e-01
1.300607225894499152e+03 9.752435476744263365e-01 9.999998817189352171e-03 9.999997495988264262e-01
1.300618071791312104e+03 1.016352676987029025e+00 9.999998817189352171e-03 9.999997461980614233e-01
1.300628917778569985e+03 1.000148583646238265e+00 9.999998817189352171e-03 9.999997427262716787e-01
1.300639763856273703e+03 9.893034188308568178e-01 9.999998817189352171e-03 9.999997391814497982e-01
1.300650610024423941e+03 1.002006562495759701e+00 9.999998817189352171e-03 9.999997355615170003e-01
1.300661456283021380e+03 9.912078862626952924e-01 9.999998817189352171e-03 9.999997318643188970e-01
1.300672302632066931e+03 1.006718235951259643e+00 9.999998817189352171e-03 9.999997280876234962e-01
1.300683149071561502e+03 9.948242036871247640e-01 9.999998817189352171e-03 9.999997242291174260e-01
1.300693995601505549e+03 1.002198717015788665e+00 9.999998817189352171e-03 9.999997202864021606e-01
1.300704842221899753e+03 1.015627003549699481e+00 9.999998817189352171e-03 9.999997162569902454e-01
1.300715688932745252e+03 1.000007977975240214e+00 9.999998817189352171e-03 9.999997121383019660e-01
1.300726535734042500e+03 1.001029126393251811e+00 9.999998817189352171e-03 9.999997079276597978e-01
1.300737382625792407e+03 1.009552039143678304e+00 9.999998817189352171e-03 9.999997036222849633e-01
1.300748229607995427e+03 9.972182283515396151e-01 9.999998817189352171e-03 9.999996992192932144e-01
1.300759076680652697e+03 1.008450276643070742e+00 9.999998817189352171e-03 9.999996947156886140e-01
1.300769923843764900e+03 9.900448449517021965e-01 9.999998817189352171e-03 9.999996901083593182e-01
1.300780771097332490e+03 1.023823959771376746e+00 9.999998817189352171e-03 9.999996853940718022e-01
1.300791618441356604e+03 1.022509215063703403e+00 9.999998817189352171e-03 9.999996805694657542e-01
1.300802465875837697e+03 1.010986361532072442e+00 9.999998817189352171e-03 9.999996756310463031e-01
1.300813313400776906e+03 9.919207728885907072e-01 9.999998817189352171e-03 9.999996705751792447e-01
1.300824161016174685e+03 1.003403640659940033e+00 9.999998817189352171e-03 9.999996653980846029e-01
1.300835008722031716e+03 9.971331876264132310e-01 9.999998817189352171e-03 9.999996600958270809e-01
1.300845856518348683e+03 1.006245723473236930e+00 9.999998817189352171e-03 9.999996546643107331e-01
1.300856704405126948e+03 1.003626424821667973e+00 9.999998817189352171e-03 9.999996490992705267e-01
1.300867552382366512e+03 1.006800046914751334e+00 9.999998817189352171e-03 9.999996433962629050e-01
1.300878400450068511e+03 1.000450155626973814e+00 9.999998817189352171e-03 9.999996375506577939e-01
1.300889248608233856e+03 1.000320333429003172e+00 9.999998817189352171e-03 9.999996315576284989e-01
1.300900096856862774e+03 1.007117637972549051e+00 9.999998817189352171e-03 9.999996254121420458e-01
1.300910945195956629e+03 1.004456295004084065e+00 9.999998817189352171e-03 9.999996191089479680e-01
1.300921793625515875e+03 9.875720496518448632e-01 9.999998817189352171e-03 9.999996126425673149e-01
1.300932642145541195e+03 9.998495554579012179e-01 9.999998817189352171e-03 9.999996060072806614e-01
1.300943490756033498e+03 9.952691020648909426e-01 9.999998817189352171e-03 9.999995991971151188e-01
1.300954339456993694e+03 9.975855657144048205e-01 9.999998817189352171e-03 9.999995922058303455e-01
1.300965188248421782e+03 9.916226526838475275e-01 9.999998817189352171e-03 9.999995850269052244e-01
1.300976037130319355e+03 1.006687256342912118e+00 9.999998817189352171e-03 9.999995776535207659e-01
1.300986886102687095e+03 1.000896296407525865e+00 9.999998817189352171e-03 9.999995700785454522e-01
1.300997735165525228e+03 9.985541396967487771e-01 9.999998817189352171e-03 9.999995622945165863e-01
1.301008584318834892e+03 1.001813583733568658e+00 9.999998817189352171e-03 9.999995542936220838e-01
1.301019433562616541e+03 1.001509785517210149e+00 9.999998817189352171e-03 9.999995460676809333e-01
1.301030282896871540e+03 9.858535166554827089e-01 9.999998817189352171e-03 9.999995376081216580e-01
1.301041132321600116e+03 1.015534949606965442e+00 9.999998817189352171e-03 9.999995289059594450e-01
1.301051981836803179e+03 9.888361322445807788e-01 9.999998817189352171e-03 9.999995199517728306e-01
1.301062831442481183e+03 9.897134583488264026e-01 9.999998817189352171e-03 9.999995107356773882e-01
1.301073681138635266e+03 1.000018144129447561e+00 9.999998817189352171e-03 9.999995012472983058e-01
1.301084530925266336e+03 9.859504810811120512e-01 9.999998817189352171e-03 9.999994914757401876e-01
1.301095380802374621e+03 9.845581859314387341e-01 9.999998817189352171e-03 9.999994814095568563e-01
1.301106230769961257e+03 1.013851736684943772e+00 9.999998817189352171e-03 9.999994710367163808e-01
1.301117080828026928e+03 9.983234771739482039e-01 9.999998817189352171e-03 9.999994603445644392e-01
1.301127930976572088e+03 9.998894277594955193e-01 9.999998817189352171e-03 9.999994493197867929e-01
1.301138781215598101e+03 1.016097791699732245e+00 9.999998817189352171e-03 9.999994379483652107e-01
1.301149631545105194e+03 1.000103978105099545e+00 9.999998817189352171e-03 9.999994262155349478e-01
1.301160481965094277e+03 9.935925076702677439e-01 9.999998817189352171e-03 9.999994141057344521e-01
1.301171332475566032e+03 1.001366372475602784e+00 9.999998817189352171e-03 9.999994016025539612e-01
1.301182183076521369e+03 9.951065649067133423e-01 9.999998817189352171e-03 9.999993886886793248e-01
1.301193033767961197e+03 1.004451690579446943e+00 9.999998817189352171e-03 9.999993753458307211e-01
1.301203884549885970e+03 1.007933794870018662e+00 9.999998817189352171e-03 9.999993615546991510e-01
1.301214735422296144e+03 1.008609748620806990e+00 9.999998817189352171e-03 9.999993472948739415e-01
1.301225586385193310e+03 1.008268700210911639e+00 9.999998817189352171e-03 9.999993325447670278e-01
1.301236437438577468e+03 1.011309230661234126e+00 9.999998817189352171e-03 9.999993172815317966e-01
1.301247288582449755e+03 1.005167395080066806e+00 9.999998817189352171e-03 9.999993014809712699e-01
1.301258139816810854e+03 1.000362235669330913e+00 9.999998817189352171e-03 9.999992851174438480e-01
1.301268991141661672e+03 1.003215816596258136e+00 9.999998817189352171e-03 9.999992681637566161e-01
1.301279842557002894e+03 9.959627741814230939e-01 9.999998817189352171e-03 9.999992505910519913e-01
1.301290694062834746e+03 9.966517651488547846e-01 9.999998817189352171e-03 9.999992323686841544e-01
1.301301545659158592e+03 1.005253119983513521e+00 9.999998817189352171e-03 9.999992134640827146e-01
1.301312397345975114e+03 1.013861994517379905e+00 9.999998817189352171e-03 9.999991938426081584e-01
1.301323249123284995e+03 1.014822169119937278e+00 9.999998817189352171e-03 9.999991734673890909e-01
1.301334100991088690e+03 1.008928818123173032e+00 9.999998817189352171e-03 9.999991522991507065e-01
1.301344952949387334e+03 9.992201304003994755e-01 9.999998817189352171e-03 9.999991302960203887e-01
1.301355804998181839e+03 9.983652176981234749e-01 9.999998817189352171e-03 9.999991074133214308e-01
1.301366657137472430e+03 1.001249564719463470e+00 9.999998817189352171e-03 9.999990836033429975e-01
1.301377509367260018e+03 1.003419681325295798e+00 9.999998817189352171e-03 9.999990588150902138e-01
1.301388361687545739e+03 9.861024864816443358e-01 9.999998817189352171e-03 9.999990329940077194e-01
1.301399214098330049e+03 9.908562893658108273e-01 9.999998817189352171e-03 9.999990060816781323e-01
1.301410066599613401e+03 1.011555015551392156e+00 9.999998817189352171e-03 9.999989780154873165e-01
1.301420919191397161e+03 1.015844553519380300e+00 9.999998817189352171e-03 9.999989487282586742e-01
1.301431771873681782e+03 9.972804273173974110e-01 9.999998817189352171e-03 9.999989181478475819e-01
1.301442624646467721e+03 9.917761417969656046e-01 9.999998817189352171e-03 9.999988861966924159e-01
1.301453477509756567e+03 9.961511502330799850e-01 9.999998817189352171e-03 9.999988527913197256e-01
1.301464330463548322e+03 9.905461190179799535e-01 9.999998817189352171e-03 9.999988178417942297e-01
1.301475183507843894e+03 9.913146379956458976e-01 9.999998817189352171e-03 9.999987812511081930e-01
1.301486036642643967e+03 1.006212000631178105e+00 9.999998817189352171e-03 9.999987429145029694e-01
1.301496889867949676e+03 1.015139824806592150e+00 9.999998817189352171e-03 9.999987027187134947e-01
1.301507743183761477e+03 1.005891375234253315e+00 9.999998817189352171e-03 9.999986605411244067e-01
1.301518596590080278e+03 9.931303186132173222e-01 9.999998817189352171e-03 9.999986162488271324e-01
1.301529450086906763e+03 9.957341384407710771e-01 9.999998817189352171e-03 9.999985696975637328e-01
1.301540303674241613e+03 1.006216077069565396e+00 9.999998817189352171e-03 9.999985207305444046e-01
1.301551157352085283e+03 1.005241189771536536e+00 9.999998817189352171e-03 9.999984691771148793e-01
1.301562011120439365e+03 9.908194916645171046e-01 9.999998817189352171e-03 9.999984148512561788e-01
1.301572864979303858e+03 9.870970527634027603e-01 9.999998817189352171e-03 9.999983575498948563e-01
1.301583718928679900e+03 1.017357868541952204e+00 9.999998817189352171e-03 9.999982970509868618e-01
1.301594572968568173e+03 9.818528145478313540e-01 9.999998817189352171e-03 9.999982331113503875e-01
1.301605427098969358e+03 1.005173913182871637e+00 9.999998817189352171e-03 9.999981654641978412e-01
1.301616281319884365e+03 1.008530261309545040e+00 9.999998817189352171e-03 9.999980938163307576e-01
1.301627135631313649e+03 9.979691601332505435e-01 9.999998817189352171e-03 9.999980178449341395e-01
1.301637990033258120e+03 9.968543192235138628e-01 9.999998817189352171e-03 9.999979371939063943e-01
1.301648844525718687e+03 1.009700416006442447e+00 9.999998817189352171e-03 9.999978514696488130e-01
1.301659699108696032e+03 1.010053284302518506e+00 9.999998817189352171e-03 9.999977602362175588e-01
1.301670553782190837e+03 9.834688436078682372e-01 9.999998817189352171e-03 9.999976630097282548e-01
1.301681408546203784e+03 9.926030081208102596e-01 9.999998817189352171e-03 9.999975592518769441e-01
1.301692263400735555e+03 9.834177730027020559e-01 9.999998817189352171e-03 9.999974483624136656e-01
1.301703118345787288e+03 9.905653722618109613e-01 9.999998817189352171e-03 9.999973296703718040e-01
1.301713973381359665e+03 9.953658115192370870e-01 9.999998817189352171e-03 9.999972024238104051e-01
1.301724828507453140e+03 1.011446042161464387e+00 9.999998817189352171e-03 9.999970657777732530e-01
1.301735683724068622e+03 1.006494411281906309e+00 9.999998817189352171e-03 9.999969187801038828e-01
1.301746539031206567e+03 9.924821878907312822e-01 9.999998817189352171e-03 9.999967603546645600e-01
1.301757394428868565e+03 9.906139743358624017e-01 9.999998817189352171e-03 9.999965892813991175e-01
1.301768249917054618e+03 9.995887266535824489e-01 9.999998817189352171e-03 9.999964041725490915e-01
1.301779105495765634e+03 1.001569800619218187e+00 9.999998817189352171e-03 9.999962034441363112e-01
1.301789961165002524e+03 1.004570445891634689e+00 9.999998817189352171e-03 9.999959852816127093e-01
1.301800816924765741e+03 1.017749243193761144e+00 9.999998817189352171e-03 9.999957475982605981e-01
1.301811672775056422e+03 9.808626207247173046e-01 9.999998817189352171e-03 9.999954879845404099e-01
1.301822528715875251e+03 1.016112343588941203e+00 9.999998817189352171e-03 9.999952036460533211e-01
1.301833384747222681e+03 1.005432435940606606e+00 9.999998817189352171e-03 9.999948913270836348e-01
1.301844240869099622e+03 1.010155914572910207e+00 9.999998817189352171e-03 9.999945472157527604e-01
1.301855097081506983e+03 9.917057337503490944e-01 9.999998817189352171e-03 9.999941668255217797e-01
1.301865953384445447e+03 1.009493471268386955e+00 9.999998817189352171e-03 9.999937448460295419e-01
1.301876809777915469e+03 9.918527424326318842e-01 9.999998817189352171e-03 9.999932749538060772e-01
1.301887666261918412e+03 9.976758800140679284e-01 9.999998817189352171e-03 9.999927495699724167e-01
1.301898522836454731e+03 9.796126037895506178e-01 9.999998817189352171e-03 9.999921595471571445e-01
1.301909379501525109e+03 9.801364398395145949e-01 9.999998817189352171e-03 9.999914937608259669e-01
1.301920236257130000e+03 9.792808230012092219e-01 9.999998817189352171e-03 9.999907385699435824e-01
1.301931093103270541e+03 1.010312310308149497e+00 9.999998817189352171e-03 9.999898770965760519e-01
1.301941950039947642e+03 9.996249714507160489e-01 9.999998817189352171e-03 9.999888882509271326e-01
1.301952807067161984e+03 9.908000031891422976e-01 9.999998817189352171e-03 9.999877453926167004e-01
1.301963664184914023e+03 1.003486563250993502e+00 9.999998817189352171e-03 9.999864144628084484e-01
1.301974521393204668e+03 9.865601304713533803e-01 9.999998817189352171e-03 9.999848513311375697e-01
1.301985378692034601e+03 1.011383096322969743e+00 9.999998817189352171e-03 9.999829979511982714e-01
1.301996236081404732e+03 1.005165752966324044e+00 9.999998817189352171e-03 9.999807766619616123e-01
1.302007093561315742e+03 9.829861308057824543e-01 9.999998817189352171e-03 9.999780815194903028e-01
1.302017951131768314e+03 9.967517932037606165e-01 9.999998817189352171e-03 9.999747647103707227e-01
1.302028808792763357e+03 9.878579091741171991e-01 9.999998817189352171e-03 9.999706144930786689e-01
1.302039666544301326e+03 1.011486094601845798e+00 9.999998817189352171e-03 9.999653178395696562e-01
1.302050524386383586e+03 1.005830069292015017e+00 9.999998817189352171e-03 9.999583937793691257e-01
1.302061382319010363e+03 9.854170201766069281e-01 9.999998817189352171e-03 9.999490656268251731e-01
1.302072240342182340e+03 1.018656335861782836e+00 9.999998817189352171e-03 9.999359421998285091e-01
1.302083098455900881e+03 1.000143257195991175e+00 9.999998817189352171e-03 9.999142922917073628e-01
1.302093956660166214e+03 1.005889969746189827e+00 9.999998817189352171e-03 9.998308299862334048e-01
1.302104814954979020e+03 1.017254877442215877e+00 9.999998817189352171e-03 9.990545929097752742e-01
1.302115673340340436e+03 9.888257169752546760e-01 9.999998817189352171e-03 9.928313634344292371e-01
1.302126531816250917e+03 9.499203190166330968e-01 9.999998817189352171e-03 9.608689609031916268e-01
1.302137390382711374e+03 8.451225372918619305e-01 9.999998817189352171e-03 8.605939217697041732e-01
1.302148249039722714e+03 6.637505987269834984e-01 9.999998817189352171e-03 6.727430870094608384e-01
1.302159107787285166e+03 4.768417774749077465e-01 9.999998817189352171e-03 4.750042037097834680e-01
1.302169966625399866e+03 3.776184589407531322e-01 9.999998817189352171e-03 3.908359178066693751e-01
1.302180825554067951e+03 4.331735354985618014e-01 9.999998817189352171e-03 4.440518409810934597e-01
1.302191684573289422e+03 5.899299954129390011e-01 9.999998817189352171e-03 5.855597622626924625e-01
1.302202543683065414e+03 7.243704563769798321e-01 9.999998817189352171e-03 7.424622615122149494e-01
1.302213402883396611e+03 8.706379870211560235e-01 9.999998817189352171e-03 8.702052865649930746e-01
1.302224262174283695e+03 9.689052429500536467e-01 9.999998817189352171e-03 9.634251639970041747e-01
1.302235121555727574e+03 1.004865506394811536e+00 9.999998817189352171e-03 9.957037493721896393e-01
1.302245981027729385e+03 9.910630897102761239e-01 9.999998817189352171e-03 9.996688438087781847e-01
1.302256840590288675e+03 9.982390637158892188e-01 9.999998817189352171e-03 9.998911709187019436e-01
1.302267700243407489e+03 1.010300621253680697e+00 9.999998817189352171e-03 9.999222266725948938e-01
1.302278559987085828e+03 1.005745213189521037e+00 9.999998817189352171e-03 9.999397821058086944e-01
1.302289419821325055e+03 9.923251560432335694e-01 9.999998817189352171e-03 9.999517695103067316e-01
1.302300279746125170e+03 1.006376968831743213e+00 9.999998817189352171e-03 9.999604007830626973e-01
1.302311139761487311e+03 1.006499711184844825e+00 9.999998817189352171e-03 9.999668515453112860e-01
1.302321999867412615e+03 1.002140413876803748e+00 9.999998817189352171e-03 9.999718135646540329e-01
1.302332860063900853e+03 9.947776902351035400e-01 9.999998817189352171e-03 9.999757197650422924e-01
1.302343720350953845e+03 1.016378048016413072e+00 9.999998817189352171e-03 9.999788540762917233e-01
1.302354580728571818e+03 1.012964750059353713e+00 9.999998817189352171e-03 9.999814097913546362e-01
1.302365441196755455e+03 9.905964195191543364e-01 9.999998817189352171e-03 9.999835225919404547e-01
1.302376301755505665e+03 9.998714775907392438e-01 9.999998817189352171e-03 9.999852901991637122e-01
1.302387162404823357e+03 9.952921060913916262e-01 9.999998817189352171e-03 9.999867845556632551e-01
1.302398023144708759e+03 9.829809133764713103e-01 9.999998817189352171e-03 9.999880596418929679e-01
1.302408883975163462e+03 1.003809230103328343e+00 9.999998817189352171e-03 9.999891566404898180e-01
1.302419744896187694e+03 9.919651992881342029e-01 9.999998817189352171e-03 9.999901074361938758e-01
1.302430605907781910e+03 9.769932015698660210e-01 9.999998817189352171e-03 9.999909370410774434e-01
1.302441467009947473e+03 9.883381836558520206e-01 9.999998817189352171e-03 9.999916653084500728e-01
1.302452328202684612e+03 9.896925085381879095e-01 9.999998817189352171e-03 9.999923081654875645e-01
1.302463189485994462e+03 1.003742756052192986e+00 9.999998817189352171e-03 9.999928785138079146e-01
1.302474050859877707e+03 9.918560096754504007e-01 9.999998817189352171e-03 9.999933868968735595e-01
1.302484912324335255e+03 9.820886903712251481e-01 9.999998817189352171e-03 9.999938420010359152e-01
1.302495773879367334e+03 1.003164860277397930e+00 9.999998817189352171e-03 9.999942510361607972e-01
1.302506635524975081e+03 1.015871790868775548e+00 9.999998817189352171e-03 9.999946200279282715e-01
1.302517497261159633e+03 9.823774030537878454e-01 9.999998817189352171e-03 9.999949540445562945e-01
1.302528359087920762e+03 9.863594109385557251e-01 9.999998817189352171e-03 9.999952573742904027e-01
1.302539221005260060e+03 1.014693247559841360e+00 9.999998817189352171e-03 9.999955336655477200e-01
1.302550083013177755e+03 1.003419315661834510e+00 9.999998817189352171e-03 9.999957860384578456e-01
1.302560945111675210e+03 9.950403374298617543e-01 9.999998817189352171e-03 9.999960171742975357e-01
1.302571807300752425e+03 1.008556230149400212e+00 9.999998817189352171e-03 9.999962293877058261e-01
1.302582669580410766e+03 9.955310406972822657e-01 9.999998817189352171e-03 9.999964246853709771e-01
1.302593531950650913e+03 9.949612534776464123e-01 9.999998817189352171e-03 9.999966048140201957e-01
1.302604394411473550e+03 9.995960860177675045e-01 9.999998817189352171e-03 9.999967712998844016e-01
1.302615256962878675e+03 9.874979289432893603e-01 9.999998817189352171e-03 9.999969254813360076e-01
1.302626119604868563e+03 1.010654810137754156e+00 9.999998817189352171e-03 9.999970685360093370e-01
1.302636982337442760e+03 9.949117317288123097e-01 9.999998817189352171e-03 9.999972015034573891e-01
1.302647845160602401e+03 1.000942110494906334e+00 9.999998817189352171e-03 9.999973253041591903e-01
1.302658708074348169e+03 1.021071660894305122e+00 9.999998817189352171e-03 9.999974407555380918e-01
1.302669571078680974e+03 1.015558088605033049e+00 9.999998817189352171e-03 9.999975485855155943e-01
1.302680434173601270e+03 9.949518634202488832e-01 9.999998817189352171e-03 9.999976494440300234e-01
1.302691297359110422e+03 1.002963255375784568e+00 9.999998817189352171e-03 9.999977439128558965e-01
1.302702160635208656e+03 1.012894610609383461e+00 9.999998817189352171e-03 9.999978325140090885e-01
1.302713024001896656e+03 9.992455619708695558e-01 9.999998817189352171e-03 9.999979157169665012e-01
1.302723887459175330e+03 9.996882522511955083e-01 9.999998817189352171e-03 9.999979939448844224e-01
1.302734751007045816e+03 9.872092033671600042e-01 9.999998817189352171e-03 9.999980675799751140e-01
1.302745614645508567e+03 1.004902762960876217e+00 9.999998817189352171e-03 9.999981369681668619e-01
1.302756478374564040e+03 1.022486040845896893e+00 9.999998817189352171e-03 9.999982024231567346e-01
1.302767342194213370e+03 9.885914078266806460e-01 9.999998817189352171e-03 9.999982642299425351e-01
1.302778206104457013e+03 9.836868176932798136e-01 9.999998817189352171e-03 9.999983226479105536e-01
1.302789070105296105e+03 1.003919287120475401e+00 9.999998817189352171e-03 9.999983779135442896e-01
1.302799934196731328e+03 9.987547611400365843e-01 9.999998817189352171e-03 9.999984302427991079e-01
1.302810798378763138e+03 1.005251921300795992e+00 9.999998817189352171e-03 9.999984798332002267e-01
1.302821662651392671e+03 1.006809940542882309e+00 9.999998817189352171e-03 9.999985268656871318e-01
1.302832527014620155e+03 9.930029491715920420e-01 9.999998817189352171e-03 9.999985715062509328e-01
1.302843391468447180e+03 1.013026095581377906e+00 9.999998817189352171e-03 9.999986139073830937e-01
1.302854256012873520e+03 9.824418486048466237e-01 9.999998817189352171e-03 9.999986542093622921e-01
1.302865120647900540e+03 9.917801887078089296e-01 9.999998817189352171e-03 9.999986925414015015e-01
1.302875985373528920e+03 1.003169290369936295e+00 9.999998817189352171e-03 9.999987290226682868e-01
1.302886850189759343e+03 1.003125615089631273e+00 9.999998817189352171e-03 9.999987637631984061e-01
1.302897715096592492e+03 1.010338637991034183e+00 9.999998817189352171e-03 9.999987968647119363e-01
1.302908580094029276e+03 1.017561014099617855e+00 9.999998817189352171e-03 9.999988284213466860e-01
1.302919445182070376e+03 1.008081424939679893e+00 9.999998817189352171e-03 9.999988585203143376e-01
1.302930310360716703e+03 1.005747864948263626e+00 9.999998817189352171e-03 9.999988872424921960e-01
1.302941175629968939e+03 1.003731386814852300e+00 9.999998817189352171e-03 9.999989146629559844e-01
1.302952040989827537e+03 1.013651815349210894e+00 9.999998817189352171e-03 9.999989408514602385e-01
1.302962906440293409e+03 9.825533871777409889e-01 9.999998817189352171e-03 9.999989658728722919e-01
1.302973771981367463e+03 9.970859137263555771e-01 9.999998817189352171e-03 9.999989897875638523e-01
1.302984637613050609e+03 9.974953092995650916e-01 9.999998817189352171e-03 9.999990126517683819e-01
1.302995503335343074e+03 9.925645730516937659e-01 9.999998817189352171e-03 9.999990345179023965e-01
1.303006369148245994e+03 1.003499704259764647e+00 9.999998817189352171e-03 9.999990554348574534e-01
1.303017235051760053e+03 1.017317721870163894e+00 9.999998817189352171e-03 9.999990754482684929e-01
1.303028101045886160e+03 9.937413104512723416e-01 9.999998817189352171e-03 9.999990946007539794e-01
1.303038967130624542e+03 9.917599642560810391e-01 9.999998817189352171e-03 9.999991129321375016e-01
1.303049833305976790e+03 1.019049330205001436e+00 9.999998817189352171e-03 9.999991304796488345e-01
1.303060699571942678e+03 1.011770368302695067e+00 9.999998817189352171e-03 9.999991472781071256e-01
1.303071565928523569e+03 9.883375311783423323e-01 9.999998817189352171e-03 9.999991633600892049e-01
1.303082432375720373e+03 9.854935236731899861e-01 9.999998817189352171e-03 9.999991787560824630e-01
1.303093298913533545e+03 1.006988120271552267e+00 9.999998817189352171e-03 9.999991934946251826e-01
1.303104165541963994e+03 1.010531966029165618e+00 9.999998817189352171e-03 9.999992076024353249e-01
1.303115032261012175e+03 9.965821472649869506e-01 9.999998817189352171e-03 9.999992211045267698e-01
1.303125899070678997e+03 1.016180804830602247e+00 9.999998817189352171e-03 9.999992340243183397e-01
1.303136765970965371e+03 9.986536839595386850e-01 9.999998817189352171e-03 9.999992463837319434e-01
1.303147632961871750e+03 1.006009371092339899e+00 9.999998817189352171e-03 9.999992582032826149e-01
1.303158500043399272e+03 1.002427414557909069e+00 9.999998817189352171e-03 9.999992695021623357e-01
1.303169367215548391e+03 9.922187334646295209e-01 9.999998817189352171e-03 9.999992802983145301e-01
1.303180234478320017e+03 1.014612764953684465e+00 9.999998817189352171e-03 9.999992906085048983e-01
1.303191101831715059e+03 1.006300751351492773e+00 9.999998817189352171e-03 9.999993004483844761e-01
1.303201969275733745e+03 1.001097496994417746e+00 9.999998817189352171e-03 9.999993098325475893e-01
1.303212836810377212e+03 1.016322874791693698e+00 9.999998817189352171e-03 9.999993187745849221e-01
1.303223704435646368e+03 9.938342233407092552e-01 9.999998817189352171e-03 9.999993272871330330e-01
1.303234572151541897e+03 9.984862140515283757e-01 9.999998817189352171e-03 9.999993353819170983e-01
1.303245439958064026e+03 9.821630321895321591e-01 9.999998817189352171e-03 9.999993430697914354e-01
1.303256307855213890e+03 1.003879807967974935e+00 9.999998817189352171e-03 9.999993503607754741e-01
1.303267175842992629e+03 9.980708142769476598e-01 9.999998817189352171e-03 9.999993572640866191e-01
1.303278043921400240e+03 1.008405248317400416e+00 9.999998817189352171e-03 9.999993637881690045e-01
1.303288912090438089e+03 9.871517083610854559e-01 9.999998817189352171e-03 9.999993699407191405e-01
1.303299780350106857e+03 9.954146029259726136e-01 9.999998817189352171e-03 9.999993757287096718e-01
1.303310648700406773e+03 9.833825510814503401e-01 9.999998817189352171e-03 9.999993811584072523e-01
1.303321517141339200e+03 9.943761564376973894e-01 9.999998817189352171e-03 9.999993862353917518e-01
1.303332385672904593e+03 9.996242379296467195e-01 9.999998817189352171e-03 9.999993909645688017e-01
1.303343254295103861e+03 9.881562545876204640e-01 9.999998817189352171e-03 9.999993953501817856e-01
1.303354123007937915e+03 9.969012064537590145e-01 9.999998817189352171e-03 9.999993993958199434e-01
1.303364991811406753e+03 1.007577505407123875e+00 9.999998817189352171e-03 9.999994031044254772e-01
1.303375860705511968e+03 1.002709819980891037e+00 9.999998817189352171e-03 9.999994064782964376e-01
1.303386729690254015e+03 9.913040026613911815e-01 9.999998817189352171e-03 9.999994095190875010e-01
1.303397598765633575e+03 1.002446425184965184e+00 9.999998817189352171e-03 9.999994122278078601e-01
1.303408467931651558e+03 9.858105720662511118e-01 9.999998817189352171e-03 9.999994146048172272e-01
1.303419337188308646e+03 1.015509361785462028e+00 9.999998817189352171e-03 9.999994166498182846e-01
1.303430206535605294e+03 1.006828338896861297e+00 9.999998817189352171e-03 9.999994183618461374e-01
1.303441075973542866e+03 1.020815339092306928e+00 9.999998817189352171e-03 9.999994197392556572e-01
1.303451945502121589e+03 9.884254391197588863e-01 9.999998817189352171e-03 9.999994207797037182e-01
1.303462815121342373e+03 1.015031007230716265e+00 9.999998817189352171e-03 9.999994214801317671e-01
1.303473684831206356e+03 9.979087172065884692e-01 9.999998817189352171e-03 9.999994218367401766e-01
1.303484554631713763e+03 1.006911148078165175e+00 9.999998817189352171e-03 9.999994218449635985e-01
1.303495424522865505e+03 1.008978776086799645e+00 9.999998817189352171e-03 9.999994214994389896e-01
1.303506294504662264e+03 9.861882304885257744e-01 9.999998817189352171e-03 9.999994207939699731e-01
1.303517164577105177e+03 9.944328349213736873e-01 9.999998817189352171e-03 9.999994197214888692e-01
1.303528034740194698e+03 1.003536532538024106e+00 9.999998817189352171e-03 9.999994182740105098e-01
1.303538904993931510e+03 9.894171603392786229e-01 9.999998817189352171e-03 9.999994164425828336e-01
1.303549775338316522e+03 9.947779852811678980e-01 9.999998817189352171e-03 9.999994142172308198e-01
1.303560645773350416e+03 9.965229356808403827e-01 9.999998817189352171e-03 9.999994115868945377e-01
1.303571516299033874e+03 9.932176588327613631e-01 9.999998817189352171e-03 9.999994085393584253e-01
1.303582386915367806e+03 9.897437189554574299e-01 9.999998817189352171e-03 9.999994050611750174e-01
1.303593257622353121e+03 9.960588753163428510e-01 9.999998817189352171e-03 9.999994011375792358e-01
1.303604128419990275e+03 1.003999638223532331e+00 9.999998817189352171e-03 9.999993967523913563e-01
1.303614999308279948e+03 9.989224001786450868e-01 9.999998817189352171e-03 9.999993918879130916e-01
1.303625870287223279e+03 1.023555691063392503e+00 9.999998817189352171e-03 9.999993865248075764e-01
1.303636741356820949e+03 1.009598673843328465e+00 9.999998817189352171e-03 9.999993806419696929e-01
1.303647612517073185e+03 1.002357616269111018e+00 9.999998817189352171e-03 9.999993742163800770e-01
1.303658483767981352e+03 1.009637183030561491e+00 9.999998817189352171e-03 9.999993672229429142e-01
1.303669355109546132e+03 9.924639263682233370e-01 9.999998817189352171e-03 9.999993596343055291e-01
1.303680226541767979e+03 9.910266795624735892e-01 9.999998817189352171e-03 9.999993514206566569e-01
1.303691098064648031e+03 1.009252494436043257e+00 9.999998817189352171e-03 9.999993425495020682e-01
1.303701969678186515e+03 9.935671903197670352e-01 9.999998817189352171e-03 9.999993329854142132e-01
1.303712841382384795e+03 1.006351352052011761e+00 9.999998817189352171e-03 9.999993226897497811e-01
1.303723713177242871e+03 9.914665552893657807e-01 9.999998817189352171e-03 9.999993116203362842e-01
1.303734585062762335e+03 1.003527456088197267e+00 9.999998817189352171e-03 9.999992997311177856e-01
1.303745457038943414e+03 1.010512745072274843e+00 9.999998817189352171e-03 9.999992869717579946e-01
1.303756329105787245e+03 1.011799665326319264e+00 9.999998817189352171e-03 9.999992732871925138e-01
1.303767201263294282e+03 9.897463288659620329e-01 9.999998817189352171e-03 9.999992586171249087e-01
1.303778073511465209e+03 1.015700646494147596e+00 9.999998817189352171e-03 9.999992428954547208e-01
1.303788945850300706e+03 1.016108851752907993e+00 9.999998817189352171e-03 9.999992260496318730e-01
1.303799818279802139e+03 1.001871114024883935e+00 9.999998817189352171e-03 9.999992079999217021e-01
1.303810690799969734e+03 1.001109438198769519e+00 9.999998817189352171e-03 9.999991886585707368e-01
1.303821563410804401e+03 9.902001523968112506e-01 9.999998817189352171e-03 9.999991679288537938e-01
1.303832436112306823e+03 9.962330167456079355e-01 9.999998817189352171e-03 9.999991457039844045e-01
1.303843308904477908e+03 1.003141987331448437e+00 9.999998817189352171e-03 9.999991218658663694e-01
1.303854181787318339e+03 9.780088719554881349e-01 9.999998817189352171e-03 9.999990962836602382e-01
1.303865054760828798e+03 1.005245618263117979e+00 9.999998817189352171e-03 9.999990688121270788e-01
1.303875927825009967e+03 1.004260872926316717e+00 9.999998817189352171e-03 9.999990392897197822e-01
1.303886800979862983e+03 9.876776216705138722e-01 9.999998817189352171e-03 9.999990075363640596e-01
1.303897674225388300e+03 9.991755167400725446e-01 9.999998817189352171e-03 9.999989733508813927e-01
1.303908547561586602e+03 1.002578066023717129e+00 9.999998817189352171e-03 9.999989365079796633e-01
1.303919420988458796e+03 1.005660773608922254e+00 9.999998817189352171e-03 9.999988967547283059e-01
1.303930294506005566e+03 1.001051114115639296e+00 9.999998817189352171e-03 9.999988538064157328e-01
1.303941168114228049e+03 9.780795852675009394e-01 9.999998817189352171e-03 9.999988073416595791e-01
1.303952041813126243e+03 1.002119877307320550e+00 9.999998817189352171e-03 9.999987569966133361e-01
1.303962915602701287e+03 1.000966073616148533e+00 9.999998817189352171e-03 9.999987023580725332e-01
1.303973789482954317e+03 9.891537292597499809e-01 9.999998817189352171e-03 9.999986429552339962e-01
1.303984663453885560e+03 1.001773283425816841e+00 9.999998817189352171e-03 9.999985782497973208e-01
1.303995537515496153e+03 1.007644515480756953e+00 9.999998817189352171e-03 9.999985076240186510e-01
1.304006411667786551e+03 1.000611477518172920e+00 9.999998817189352171e-03 9.999984303662138307e-01
1.304017285910757437e+03 1.010878708422354944e+00 9.999998817189352171e-03 9.999983456530646686e-01
1.304028160244409946e+03 1.004042711178368297e+00 9.999998817189352171e-03 9.999982525279008660e-01
1.304039034668744534e+03 9.784733244448241551e-01 9.999998817189352171e-03 9.999981498738673702e-01
1.304049909183761883e+03 9.968376533899893088e-01 9.999998817189352171e-03 9.999980363805507366e-01
1.304060783789463358e+03 1.002647178739538569e+00 9.999998817189352171e-03 9.999979105021656878e-01
1.304071658485849184e+03 9.950273868079748674e-01 9.999998817189352171e-03 9.999977704047673388e-01
1.304082533272919818e+03 1.001778175721463215e+00 9.999998817189352171e-03 9.999976138990488428e-01
1.304093408150676851e+03 1.003484833345393623e+00 9.999998817189352171e-03 9.999974383540244371e-01
1.304104283119120510e+03 9.977193164846251960e-01 9.999998817189352171e-03 9.999972405850858781e-01
1.304115158178251704e+03 9.837867263130671835e-01 9.999998817189352171e-03 9.999970167073062299e-01
1.304126033328070889e+03 1.009432724122115044e+00 9.999998817189352171e-03 9.999967619410037312e-01
1.304136908568579202e+03 9.946139399739214459e-01 9.999998817189352171e-03 9.999964703508247288e-01
1.304147783899777096e+03 9.938795511718704345e-01 9.999998817189352171e-03 9.999961344908256944e-01
1.304158659321665937e+03 9.960026010203386626e-01 9.999998817189352171e-03 9.999957449144177835e-01
1.304169534834245496e+03 9.997280019882588409e-01 9.999998817189352171e-03 9.999952894863973762e-01
1.304180410437517367e+03 1.007311144246344714e+00 9.999998817189352171e-03 9.999947523991066234e-01
1.304191286131481775e+03 1.008511294317900209e+00 9.999998817189352171e-03 9.999941127359083248e-01
1.304202161916140085e+03 9.906340642999357238e-01 9.999998817189352171e-03 9.999933423236150309e-01
1.304213037791492297e+03 1.004824399690345871e+00 9.999998817189352171e-03 9.999924024339360562e-01
1.304223913757539776e+03 9.834852937866360723e-01 9.999998817189352171e-03 9.999912385555044247e-01
1.304234789814282976e+03 9.844788227302367911e-01 9.999998817189352171e-03 9.999897717952468401e-01
1.304245665961722807e+03 1.011597630520208790e+00 9.999998817189352171e-03 9.999878840903310140e-01
1.304256542199859950e+03 1.007917635027735681e+00 9.999998817189352171e-03 9.999853913260251526e-01
1.304267418528695089e+03 9.994729512891163958e-01 9.999998817189352171e-03 9.999819906731846064e-01
1.304278294948229131e+03 9.947385905393071326e-01 9.999998817189352171e-03 9.999771310516708533e-01
1.304289171458462761e+03 1.006443437402362528e+00 9.999998817189352171e-03 9.999690212759364538e-01
1.304300048059396431e+03 1.004675276440208265e+00 9.999998817189352171e-03 9.999381243748146630e-01
1.304310924751031280e+03 9.903600368320544245e-01 9.999998817189352171e-03 9.996458312024045778e-01
1.304321801533368216e+03 9.663173290388632486e-01 9.999998817189352171e-03 9.972140199197122579e-01
1.304332678406407695e+03 9.914402762303182737e-01 9.999998817189352171e-03 9.842217100491520432e-01
1.304343555370150398e+03 9.275295223581561110e-01 9.999998817189352171e-03 9.422008874347078677e-01
1.304354432424597235e+03 8.691738388966777640e-01 9.999998817189352171e-03 8.642209645618335045e-01
1.304365309569749115e+03 7.986904057346688734e-01 9.999998817189352171e-03 7.940825830283952946e-01
1.304376186805606494e+03 7.803569192077508543e-01 9.999998817189352171e-03 7.922128502084764268e-01
1.304387064132170053e+03 8.280543434126378388e-01 9.999998817189352171e-03 8.397279180760435224e-01
1.304397941549441157e+03 8.696510790745591857e-01 9.999998817189352171e-03 8.850628371011124429e-01
1.304408819057419805e+03 9.370673677605408924e-01 9.999998817189352171e-03 9.353753935693459587e-01
1.304419696656107135e+03 1.001869493865901184e+00 9.999998817189352171e-03 9.806767107892853108e-01
1.304430574345504283e+03 9.944626283491601049e-01 9.999998817189352171e-03 9.975558284114576235e-01
1.304441452125611249e+03 1.010206235976275568e+00 9.999998817189352171e-03 9.998269709950127204e-01
1.304452329996428944e+03 9.941277867274784796e-01 9.999998817189352171e-03 9.999565383393832496e-01
1.304463207957958730e+03 9.883177384105518160e-01 9.999998817189352171e-03 9.999704781718408153e-01
1.304474086010200608e+03 9.900362336970527366e-01 9.999998817189352171e-03 9.999776325334306382e-01
1.304484964153155943e+03 1.002684313573519725e+00 9.999998817189352171e-03 9.999823538976025938e-01
1.304495842386825188e+03 1.014403033805016507e+00 9.999998817189352171e-03 9.999856740566885893e-01
1.304506720711209027e+03 1.011337919987822520e+00 9.999998817189352171e-03 9.999881113306517966e-01
1.304517599126308369e+03 1.012900378843378579e+00 9.999998817189352171e-03 9.999899596541477198e-01
1.304528477632123895e+03 1.003198638416191502e+00 9.999998817189352171e-03 9.999913979169910982e-01
1.304539356228656516e+03 1.014493664573121734e+00 9.999998817189352171e-03 9.999925408767353918e-01
1.304550234915906685e+03 1.004816556108950154e+00 9.999998817189352171e-03 9.999934652568759352e-01
1.304561113693875541e+03 1.015701537911452679e+00 9.999998817189352171e-03 9.999942241034350809e-01
1.304571992562563537e+03 9.901510507575466136e-01 9.999998817189352171e-03 9.999948551309664202e-01
1.304582871521971811e+03 1.017357164899722166e+00 9.999998817189352171e-03 9.999953857965317994e-01
1.304593750572100362e+03 1.006904678798510755e+00 9.999998817189352171e-03 9.999958365014226525e-01
1.304604629712950555e+03 9.809730890245230706e-01 9.999998817189352171e-03 9.999962226762380002e-01
1.304615508944523071e+03 1.000041497129642076e+00 9.999998817189352171e-03 9.999965561761520183e-01
1.304626388266818594e+03 1.000534116880563706e+00 9.999998817189352171e-03 9.999968462369588362e-01
1.304637267679838260e+03 9.983192768897560798e-01 9.999998817189352171e-03 9.999971001439676987e-01
1.304648147183582068e+03 9.891576769543534153e-01 9.999998817189352171e-03 9.999973237087547151e-01
1.304659026778051157e+03 9.928901711431488142e-01 9.999998817189352171e-03 9.999975216146517187e-01
1.304669906463246434e+03 9.923543562194113710e-01 9.999998817189352171e-03 9.999976976708934151e-01
1.304680786239168583e+03 1.001202639237566805e+00 9.999998817189352171e-03 9.999978550021243473e-01
1.304691666105818058e+03 1.001480163672552770e+00 9.999998817189352171e-03 9.999979961914648996e-01
1.304702546063196223e+03 9.950366300409249076e-01 9.999998817189352171e-03 9.999981233897529131e-01
1.304713426111303079e+03 1.007373725865275516e+00 9.999998817189352171e-03 9.999982383998249347e-01
1.304724306250139989e+03 1.018046269675713988e+00 9.999998817189352171e-03 9.999983427421744731e-01
1.304735186479707409e+03 1.002897068151327176e+00 9.999998817189352171e-03 9.999984377065551655e-01
1.304746066800006247e+03 9.955953330324731620e-01 9.999998817189352171e-03 9.999985243928770640e-01
1.304756947211036959e+03 1.005405394085555182e+00 9.999998817189352171e-03 9.999986037438679531e-01
1.304767827712800909e+03 9.870875403353042143e-01 9.999998817189352171e-03 9.999986765713458903e-01
1.304778708305298096e+03 9.837681958448372121e-01 9.999998817189352171e-03 9.999987435774940758e-01
1.304789588988529886e+03 9.965007912159655756e-01 9.999998817189352171e-03 9.999988053722033143e-01
1.304800469762496959e+03 1.020020997728201317e+00 9.999998817189352171e-03 9.999988624872850895e-01
1.304811350627199772e+03 9.999883188070036732e-01 9.999998817189352171e-03 9.999989153881939652e-01
1.304822231582639006e+03 9.974341693401413966e-01 9.999998817189352171e-03 9.999989644837399272e-01
1.304833112628815798e+03 9.906672700361145445e-01 9.999998817189352171e-03 9.999990101341811322e-01
1.304843993765730829e+03 9.977311982703632731e-01 9.999998817189352171e-03 9.999990526579958239e-01
1.304854874993384783e+03 1.014837415856601588e+00 9.999998817189352171e-03 9.999990923375745577e-01
1.304865756311778341e+03 1.006931331887436665e+00 9.999998817189352171e-03 9.999991294240280215e-01
1.304876637720912186e+03 9.972072237701268271e-01 9.999998817189352171e-03 9.999991641412624421e-01
1.304887519220787681e+03 1.001946661341310829e+00 9.999998817189352171e-03 9.999991966894462569e-01
1.304898400811404599e+03 1.003615380989502981e+00 9.999998817189352171e-03 9.999992272479737432e-01
1.304909282492764532e+03 9.868471079620140252e-01 9.999998817189352171e-03 9.999992559780025436e-01
1.304920164264867708e+03 9.917384510767098815e-01 9.999998817189352171e-03 9.999992830246385855e-01
1.304931046127715035e+03 9.990228296997540891e-01 9.999998817189352171e-03 9.999993085188204622e-01
1.304941928081307424e+03 1.008867543001017664e+00 9.999998817189352171e-03 9.999993325789493515e-01
1.304952810125645783e+03 1.007574200899321815e+00 9.999998817189352171e-03 9.999993553123054379e-01
1.304963692260730340e+03 1.010163352701932693e+00 9.999998817189352171e-03 9.999993768162804830e-01
1.304974574486562233e+03 1.004580815809824168e+00 9.999998817189352171e-03 9.999993971794530756e-01
1.304985456803142142e+03 1.008851182221494724e+00 9.999998817189352171e-03 9.999994164825306564e-01
1.304996339210470978e+03 9.950891067398071055e-01 9.999998817189352171e-03 9.999994347991754129e-01
1.305007221708548968e+03 1.011714965381610432e+00 9.999998817189352171e-03 9.999994521967305872e-01
1.305018104297377477e+03 9.821078615950906698e-01 9.999998817189352171e-03 9.999994687368612967e-01
1.305028986976956958e+03 1.004253627525409032e+00 9.999998817189352171e-03 9.999994844761209700e-01
1.305039869747288094e+03 9.976371921619914263e-01 9.999998817189352171e-03 9.999994994664517245e-01
1.305050752608372022e+03 9.843991642977414358e-01 9.999998817189352171e-03 9.999995137556292324e-01
1.305061635560208742e+03 1.005182363516019306e+00 9.999998817189352171e-03 9.999995273876587376e-01
1.305072518602800073e+03 1.001491744000909234e+00 9.999998817189352171e-03 9.999995404031265522e-01
1.305083401736145788e+03 9.990025147028847030e-01 9.999998817189352171e-03 9.999995528395150268e-01
1.305094284960247251e+03 1.026881767137142409e+00 9.999998817189352171e-03 9.999995647314829927e-01
1.305105168275105143e+03 1.007309787980552596e+00 9.999998817189352171e-03 9.999995761111188930e-01
1.305116051680720147e+03 9.997266056084150865e-01 9.999998817189352171e-03 9.999995870081654914e-01
1.305126935177092719e+03 1.002630400838107505e+00 9.999998817189352171e-03 9.999995974502237095e-01
1.305137818764223766e+03 9.953285555307137544e-01 9.999998817189352171e-03 9.999996074629355913e-01
1.305148702442114654e+03 1.005435209820714215e+00 9.999998817189352171e-03 9.999996170701486164e-01
1.305159586210765383e+03 9.955371593359200189e-01 9.999998817189352171e-03 9.999996262940648029e-01
1.305170470070176862e+03 9.903428825754411191e-01 9.999998817189352171e-03 9.999996351553761542e-01
1.305181354020350227e+03 1.008689412848778222e+00 9.999998817189352171e-03 9.999996436733857852e-01
1.305192238061285707e+03 9.984271753264321037e-01 9.999998817189352171e-03 9.999996518661182776e-01
1.305203122192984438e+03 9.972545801832113366e-01 9.999998817189352171e-03 9.999996597504218210e-01
1.305214006415447102e+03 9.972565000554868275e-01 9.999998817189352171e-03 9.999996673420568083e-01
1.305224890728674382e+03 9.943384797146098686e-01 9.999998817189352171e-03 9.999996746557826555e-01
1.305235775132666959e+03 1.019308776069491884e+00 9.999998817189352171e-03 9.999996817054299658e-01
1.305246659627425743e+03 1.004625745786460911e+00 9.999998817189352171e-03 9.999996885039721395e-01
1.305257544212951643e+03 9.903095378590967002e-01 9.999998817189352171e-03 9.999996950635873239e-01
1.305268428889244888e+03 9.960659887808490653e-01 9.999998817189352171e-03 9.999997013957179215e-01
1.305279313656306613e+03 1.008732958799457124e+00 9.999998817189352171e-03 9.999997075111222156e-01
1.305290198514137728e+03 9.849984323264933117e-01 9.999998817189352171e-03 9.999997134199226645e-01
1.305301083462738916e+03 9.960387802010653990e-01 9.999998817189352171e-03 9.999997191316520873e-01
1.305311968502110403e+03 1.013154251582049969e+00 9.999998817189352171e-03 9.999997246552929653e-01
1.305322853632253782e+03 9.947187858569012109e-01 9.999998817189352171e-03 9.999997299993166333e-01
1.305333738853169052e+03 1.016833262516026792e+00 9.999998817189352171e-03 9.999997351717171412e-01
1.305344624164857350e+03 1.008112002112522498e+00 9.999998817189352171e-03 9.999997401800436725e-01
1.305355509567319359e+03 9.995719358442060054e-01 9.999998817189352171e-03 9.999997450314296321e-01
1.305366395060555760e+03 9.945211608972556183e-01 9.999998817189352171e-03 9.999997497326195139e-01
1.305377280644567463e+03 1.003805888436776650e+00 9.999998817189352171e-03 9.999997542899962122e-01
1.305388166319355150e+03 9.928711926222386630e-01 9.999998817189352171e-03 9.999997587096013385e-01
1.305399052084919958e+03 1.008342768240153786e+00 9.999998817189352171e-03 9.999997629971592028e-01
1.305409937941262115e+03 1.013020004916205474e+00 9.999998817189352171e-03 9.999997671580953540e-01
1.305420823888382074e+03 1.023795318606545601e+00 9.999998817189352171e-03 9.999997711975561199e-01
1.305431709926281428e+03 1.029149913920004655e+00 9.999998817189352171e-03 9.999997751204251495e-01
1.305442596054960859e+03 9.987861681850062068e-01 9.999998817189352171e-03 9.999997789313390673e-01
1.305453482274420594e+03 1.004811334141395340e+00 9.999998817189352171e-03 9.999997826347039043e-01
1.305464368584661543e+03 9.970149326958385183e-01 9.999998817189352171e-03 9.999997862347070887e-01
1.305475254985684387e+03 1.001940252707725687e+00 9.999998817189352171e-03 9.999997897353309906e-01
1.305486141477490264e+03 9.966326954355362311e-01 9.999998817189352171e-03 9.999997931403656892e-01
1.305497028060079401e+03 9.901270288636493389e-01 9.999998817189352171e-03 9.999997964534191874e-01
1.305507914733453390e+03 1.000801719135829604e+00 9.999998817189352171e-03 9.999997996779270704e-01
1.305518801497612003e+03 1.017188273494927797e+00 9.999998817189352171e-03 9.999998028171652731e-01
1.305529688352556832e+03 9.986934580027074793e-01 9.999998817189352171e-03 9.999998058742554097e-01
1.305540575298287877e+03 1.002436432230731533e+00 9.999998817189352171e-03 9.999998088521758755e-01
1.305551462334806729e+03 9.930237926343040700e-01 9.999998817189352171e-03 9.999998117537689524e-01
1.305562349462113389e+03 9.908114135359172847e-01 9.999998817189352171e-03 9.999998145817480255e-01
1.305573236680208765e+03 1.002409997831896105e+00 9.999998817189352171e-03 9.999998173387046885e-01
1.305584123989093996e+03 1.010388237203352801e+00 9.999998817189352171e-03 9.999998200271157378e-01
1.305595011388769763e+03 9.716569923541312770e-01 9.999998817189352171e-03 9.999998226493491682e-01
1.305605898879236520e+03 9.832917784908574710e-01 9.999998817189352171e-03 9.999998252076686134e-01
1.305616786460495177e+03 9.969795301401501719e-01 9.999998817189352171e-03 9.999998277042407846e-01
1.305627674132546417e+03 9.891663254262010874e-01 9.999998817189352171e-03 9.999998301411393564e-01
1.305638561895391149e+03 9.886388749939402087e-01 9.999998817189352171e-03 9.999998325203499627e-01
1.305649449749030055e+03 9.900271721929758684e-01 9.999998817189352171e-03 9.999998348437744156e-01
1.305660337693464044e+03 1.007277079137581577e+00 9.999998817189352171e-03 9.999998371132358121e-01
1.305671225728693116e+03 9.959674382694148065e-01 9.999998817189352171e-03 9.999998393304807554e-01
1.305682113854719319e+03 9.796760680119352971e-01 9.999998817189352171e-03 9.999998414971853489e-01
1.305693002071542423e+03 1.006629730371816356e+00 9.999998817189352171e-03 9.999998436149570846e-01
1.305703890379163340e+03 9.755955466337871140e-01 9.999998817189352171e-03 9.999998456853390616e-01
1.305714778777583206e+03 9.749315987200718459e-01 9.999998817189352171e-03 9.999998477098115401e-01
1.305725667266802475e+03 1.007867593583962496e+00 9.999998817189352171e-03 9.999998496897974931e-01
1.305736555846822057e+03 1.008786491332426039e+00 9.999998817189352171e-03 9.999998516266636051e-01
1.305747444517642407e+03 1.012794770035426284e+00 9.999998817189352171e-03 9.999998535217227147e-01
1.305758333279264662e+03 1.002573824214632481e+00 9.999998817189352171e-03 9.999998553762370346e-01
1.305769222131689276e+03 9.993731104596697001e-01 9.999998817189352171e-03 9.999998571914211487e-01
1.305780111074917386e+03 1.022654163606266708e+00 9.999998817189352171e-03 9.999998589684429007e-01
1.305791000108949220e+03 9.997950290479152846e-01 9.999998817189352171e-03 9.999998607084259472e-01
1.305801889233786142e+03 9.803889485927642644e-01 9.999998817189352171e-03 9.999998624124520896e-01
1.305812778449428151e+03 1.004669061143341313e+00 9.999998817189352171e-03 9.999998640815626061e-01
1.305823667755876613e+03 1.011627107414416304e+00 9.999998817189352171e-03 9.999998657167609162e-01
1.305834557153132437e+03 9.990085063540283805e-01 9.999998817189352171e-03 9.999998673190138021e-01
1.305845446641195849e+03 9.994488752285212163e-01 9.999998817189352171e-03 9.999998688892521859e-01
1.305856336220067760e+03 9.944349058228160176e-01 9.999998817189352171e-03 9.999998704283740159e-01
1.305867225889749079e+03 9.760552224217994288e-01 9.999998817189352171e-03 9.999998719372460432e-01
1.305878115650240261e+03 1.002091001603722775e+00 9.999998817189352171e-03 9.999998734167020453e-01
1.305889005501542670e+03 9.982966481740267461e-01 9.999998817189352171e-03 9.999998748675489324e-01
1.305899895443656305e+03 1.006745581874240569e+00 9.999998817189352171e-03 9.999998762905635274e-01
1.305910785476582078e+03 9.929772107177172735e-01 9.999998817189352171e-03 9.999998776864970074e-01
1.305921675600321578e+03 9.978604491124344333e-01 9.999998817189352171e-03 9.999998790560740147e-01
1.305932565814874579e+03 9.946231892581848255e-01 9.999998817189352171e-03 9.999998803999945451e-01
1.305943456120241990e+03 1.017086999527646585e+00 9.999998817189352171e-03 9.999998817189352796e-01
1.305954346516425176e+03 9.984374714664149275e-01 9.999998817189352171e-03 9.999974186437750046e-01
1.305965237003424136e+03 9.997533976271523182e-01 9.999998817189352171e-03 9.999060745501979763e-01
1.305976127581240462e+03 1.009479148751019517e+00 9.999998817189352171e-03 9.982790983970406540e-01
1.305987018249874154e+03 9.890220012150200413e-01 9.999998817189352171e-03 9.831642707734470354e-01
1.305997909009326122e+03 9.182547431452289244e-01 9.999998817189352171e-03 9.093720321243580207e-01
1.306008799859597502e+03 -9.999999998980499268e+09 9.999998817189352171e-03 -9.999999999000000000e+09
