1.300000000000000000e+03 6.593889683672679025e-01 6.636022262050604950e-05 6.593188788043704562e-01
1.300010840833093880e+03 8.910489122583381549e-01 8.921213078177939377e-05 8.909573124865891591e-01
1.300021681756590624e+03 9.803667898324056607e-01 9.806055056469384443e-05 9.804006670070289919e-01
1.300032522770491141e+03 9.985909274094748600e-01 9.986456216309463072e-05 9.986250816111870154e-01
1.300043363874795659e+03 1.000508978292848905e+00 1.000571217833894381e-04 1.000570149304109702e+00
1.300054205069505542e+03 1.000558430162661105e+00 1.000675947899230323e-04 1.000675937305937069e+00
1.300065046354620790e+03 1.000714131433656062e+00 1.000676545840645807e-04 1.000676541287169430e+00
1.300075887730143222e+03 1.000768742253738131e+00 1.000674111134161940e-04 1.000674081987649400e+00
1.300086729196072611e+03 1.000681913483207230e+00 1.000671631481928747e-04 1.000671577288319458e+00
1.300097570752410320e+03 1.000551193120744031e+00 1.000669151668868528e-04 1.000669072426475514e+00
1.300108412399156805e+03 1.000703660461552902e+00 1.000666671839513971e-04 1.000666567548109898e+00
1.300119254136312748e+03 1.000588100690397164e+00 1.000664191993389922e-04 1.000664062652742770e+00
1.300130095963879057e+03 1.000484929549436020e+00 1.000661712130009170e-04 1.000661557739881857e+00
1.300140937881856871e+03 1.000630734324795101e+00 1.000659232248870948e-04 1.000659052809021343e+00
1.300151779890245962e+03 1.000688641736801943e+00 1.000656752349460532e-04 1.000656547859641421e+00
1.300162621989048148e+03 1.000794216207617993e+00 1.000654272431251133e-04 1.000654042891209849e+00
1.300173464178263202e+03 1.000661318329052696e+00 1.000651792493699568e-04 1.000651537903177957e+00
1.300184306457892944e+03 1.000634965386009601e+00 1.000649312536248828e-04 1.000649032894983304e+00
1.300195148827937373e+03 1.000648961959522687e+00 1.000646832558326995e-04 1.000646527866047908e+00
1.300205991288397172e+03 1.000697803918720652e+00 1.000644352559345077e-04 1.000644022815777134e+00
1.300216833839273704e+03 1.000671408851116828e+00 1.000641872538698902e-04 1.000641517743560582e+00
1.300227676480567197e+03 1.000648306524789088e+00 1.000639392495766681e-04 1.000639012648770088e+00
1.300238519212278561e+03 1.000697580909659656e+00 1.000636912429909818e-04 1.000636507530760611e+00
1.300249362034408705e+03 1.000758412748432136e+00 1.000634432340471151e-04 1.000634002388868460e+00
1.300260204946958083e+03 1.000657575126092436e+00 1.000631952226775358e-04 1.000631497222411292e+00
1.300271047949928061e+03 1.000707936305750945e+00 1.000629472088126651e-04 1.000628992030686559e+00
1.300281891043318410e+03 1.000641385122725824e+00 1.000626991923810272e-04 1.000626486812972171e+00
1.300292734227130723e+03 1.000513857281716268e+00 1.000624511733091266e-04 1.000623981568525611e+00
1.300303577501365226e+03 1.000633146263511852e+00 1.000622031515211640e-04 1.000621476296581491e+00
1.300314420866023056e+03 1.000591565377616732e+00 1.000619551269392937e-04 1.000618970996353108e+00
1.300325264321104896e+03 1.000602819984597547e+00 1.000617070994832441e-04 1.000616465667029997e+00
1.300336107866611201e+03 1.000580140876732749e+00 1.000614590690704667e-04 1.000613960307778161e+00
1.300346951502543106e+03 1.000583201782912601e+00 1.000612110356158382e-04 1.000611454917737841e+00
1.300357795228901296e+03 1.000641253255502239e+00 1.000609629990318364e-04 1.000608949496024858e+00
1.300368639045686223e+03 1.000606302006263659e+00 1.000607149592281741e-04 1.000606444041727494e+00
1.300379482952898798e+03 1.000607512135416322e+00 1.000604669161118677e-04 1.000603938553906058e+00
1.300390326950539929e+03 1.000690154323130576e+00 1.000602188695871278e-04 1.000601433031593324e+00
1.300401171038610300e+03 1.000562788221448285e+00 1.000599708195551836e-04 1.000598927473791422e+00
1.300412015217110593e+03 1.000654730792525759e+00 1.000597227659142150e-04 1.000596421879472064e+00
1.300422859486041716e+03 1.000449858267540071e+00 1.000594747085591763e-04 1.000593916247574100e+00
1.300433703845404125e+03 1.000478461841830313e+00 1.000592266473818642e-04 1.000591410577004403e+00
1.300444548295198729e+03 1.000420142205050267e+00 1.000589785822705787e-04 1.000588904866634987e+00
1.300455392835426437e+03 1.000699636519320812e+00 1.000587305131101504e-04 1.000586399115302116e+00
1.300466237466087932e+03 1.000455587840017202e+00 1.000584824397816018e-04 1.000583893321804307e+00
1.300477082187183896e+03 1.000563392442728849e+00 1.000582343621622146e-04 1.000581387484901885e+00
1.300487926998715238e+03 1.000559018432726655e+00 1.000579862801253677e-04 1.000578881603315873e+00
1.300498771900682186e+03 1.000512179801431811e+00 1.000577381935402249e-04 1.000576375675724661e+00
1.300509616893086331e+03 1.000545198763248544e+00 1.000574901022716946e-04 1.000573869700763785e+00
1.300520461975927446e+03 1.000528777351231691e+00 1.000572420061801994e-04 1.000571363677023040e+00
1.300531307149207350e+03 1.000716500452396573e+00 1.000569939051216352e-04 1.000568857603047146e+00
1.300542152412926043e+03 1.000386581954503917e+00 1.000567457989469649e-04 1.000566351477330640e+00
1.300552997767084435e+03 1.000464200332804143e+00 1.000564976875022182e-04 1.000563845298318100e+00
1.300563843211683206e+03 1.000516814271869448e+00 1.000562495706281530e-04 1.000561339064401034e+00
1.300574688746723496e+03 1.000618450609441989e+00 1.000560014481600518e-04 1.000558832773915885e+00
1.300585534372205530e+03 1.000672781630149721e+00 1.000557533199277084e-04 1.000556326425143139e+00
1.300596380088130672e+03 1.000663538348522730e+00 1.000555051857548723e-04 1.000553820016302664e+00
1.300607225894499152e+03 1.000583654573232062e+00 1.000552570454592348e-04 1.000551313545552601e+00
1.300618071791312104e+03 1.000532480232547483e+00 1.000550088988520634e-04 1.000548807010986918e+00
1.300628917778569985e+03 1.000639626804037174e+00 1.000547607457379713e-04 1.000546300410631861e+00
1.300639763856273703e+03 1.000568756525808123e+00 1.000545125859146059e-04 1.000543793742443288e+00
1.300650610024423941e+03 1.000537055256976560e+00 1.000542644191724042e-04 1.000541287004304669e+00
1.300661456283021380e+03 1.000447408007199890e+00 1.000540162452942143e-04 1.000538780194022648e+00
1.300672302632066931e+03 1.000569680587848787e+00 1.000537680640549150e-04 1.000536273309322821e+00
1.300683149071561502e+03 1.000336357742331650e+00 1.000535198752212945e-04 1.000533766347849740e+00
1.300693995601505549e+03 1.000495263780819100e+00 1.000532716785514130e-04 1.000531259307159804e+00
1.300704842221899753e+03 1.000625030171730323e+00 1.000530234737943863e-04 1.000528752184718373e+00
1.300715688932745252e+03 1.000513842865350167e+00 1.000527752606899243e-04 1.000526244977896440e+00
1.300726535734042500e+03 1.000362231897468979e+00 1.000525270389679254e-04 1.000523737683965741e+00
1.300737382625792407e+03 1.000629928853749462e+00 1.000522788083480012e-04 1.000521230300094100e+00
1.300748229607995427e+03 1.000408665948220976e+00 1.000520305685390570e-04 1.000518722823340978e+00
1.300759076680652697e+03 1.000485228360025403e+00 1.000517823192387088e-04 1.000516215250651930e+00
1.300769923843764900e+03 1.000533749482933388e+00 1.000515340601327956e-04 1.000513707578853939e+00
1.300780771097332490e+03 1.000549635491780887e+00 1.000512857908948504e-04 1.000511199804649198e+00
1.300791618441356604e+03 1.000498848153198228e+00 1.000510375111855857e-04 1.000508691924610449e+00
1.300802465875837697e+03 1.000509987671843737e+00 1.000507892206520396e-04 1.000506183935172322e+00
1.300813313400776906e+03 1.000457098091599439e+00 1.000505409189271960e-04 1.000503675832627781e+00
1.300824161016174685e+03 1.000634660980507462e+00 1.000502926056290093e-04 1.000501167613117692e+00
1.300835008722031716e+03 1.000346169116315131e+00 1.000500442803600786e-04 1.000498659272627933e+00
1.300845856518348683e+03 1.000594982858889370e+00 1.000497959427064284e-04 1.000496150806976736e+00
1.300856704405126948e+03 1.000550026392930780e+00 1.000495475922369394e-04 1.000493642211809586e+00
1.300867552382366512e+03 1.000381125360231049e+00 1.000492992285025349e-04 1.000491133482590111e+00
1.300878400450068511e+03 1.000501426439166064e+00 1.000490508510350700e-04 1.000488624614589650e+00
1.300889248608233856e+03 1.000373503285778565e+00 1.000488024593465183e-04 1.000486115602878812e+00
1.300900096856862774e+03 1.000506899821550943e+00 1.000485540529278468e-04 1.000483606442315487e+00
1.300910945195956629e+03 1.000451376165725437e+00 1.000483056312479726e-04 1.000481097127535524e+00
1.300921793625515875e+03 1.000551677316890986e+00 1.000480571937526652e-04 1.000478587652940288e+00
1.300932642145541195e+03 1.000459831699954005e+00 1.000478087398631367e-04 1.000476078012683567e+00
1.300943490756033498e+03 1.000388641954077062e+00 1.000475602689749580e-04 1.000473568200660024e+00
1.300954339456993694e+03 1.000195843135189833e+00 1.000473117804565406e-04 1.000471058210489872e+00
1.300965188248421782e+03 1.000431789380535896e+00 1.000470632736476055e-04 1.000468548035503558e+00
1.300976037130319355e+03 1.000509509845175504e+00 1.000468147478577192e-04 1.000466037668727104e+00
1.300986886102687095e+03 1.000593827826997462e+00 1.000465662023646268e-04 1.000463527102865013e+00
1.300997735165525228e+03 1.000448246120938744e+00 1.000463176364124225e-04 1.000461016330281616e+00
1.301008584318834892e+03 1.000481916625529433e+00 1.000460690492096117e-04 1.000458505342982418e+00
1.301019433562616541e+03 1.000437358995197812e+00 1.000458204399271863e-04 1.000455994132593007e+00
1.301030282896871540e+03 1.000514420971814866e+00 1.000455718076963615e-04 1.000453482690338181e+00
1.301041132321600116e+03 1.000570514633788211e+00 1.000453231516063263e-04 1.000450971007017298e+00
1.301051981836803179e+03 1.000480195837714747e+00 1.000450744707017628e-04 1.000448459072981189e+00
1.301062831442481183e+03 1.000588906089808772e+00 1.000448257639802044e-04 1.000445946878103731e+00
1.301073681138635266e+03 1.000325980262575909e+00 1.000445770303892159e-04 1.000443434411753874e+00
1.301084530925266336e+03 1.000658489867020773e+00 1.000443282688233176e-04 1.000440921662765659e+00
1.301095380802374621e+03 1.000445474559062076e+00 1.000440794781209632e-04 1.000438408619405806e+00
1.301106230769961257e+03 1.000616628652260864e+00 1.000438306570606499e-04 1.000435895269335962e+00
1.301117080828026928e+03 1.000371872925894134e+00 1.000435818043576521e-04 1.000433381599579175e+00
1.301127930976572088e+03 1.000547469546531731e+00 1.000433329186596853e-04 1.000430867596475926e+00
1.301138781215598101e+03 1.000694598380489131e+00 1.000430839985428668e-04 1.000428353245643276e+00
1.301149631545105194e+03 1.000541766372786689e+00 1.000428350425068910e-04 1.000425838531926903e+00
1.301160481965094277e+03 1.000526576635799803e+00 1.000425860489701646e-04 1.000423323439350698e+00
1.301171332475566032e+03 1.000413110013696816e+00 1.000423370162644527e-04 1.000420807951063917e+00
1.301182183076521369e+03 1.000503553991913153e+00 1.000420879426289840e-04 1.000418292049281010e+00
1.301193033767961197e+03 1.000476142109656408e+00 1.000418388262044737e-04 1.000415775715221001e+00
1.301203884549885970e+03 1.000257065495094633e+00 1.000415896650262118e-04 1.000413258929038429e+00
1.301214735422296144e+03 1.000594697946690426e+00 1.000413404570168265e-04 1.000410741669749637e+00
1.301225586385193310e+03 1.000474686993069406e+00 1.000410911999785585e-04 1.000408223915155048e+00
1.301236437438577468e+03 1.000269030865075015e+00 1.000408418915845881e-04 1.000405705641751020e+00
1.301247288582449755e+03 1.000553178657248132e+00 1.000405925293700358e-04 1.000403186824639690e+00
1.301258139816810854e+03 1.000461704623193837e+00 1.000403431107217575e-04 1.000400667437425950e+00
1.301268991141661672e+03 1.000445591003474410e+00 1.000400936328677871e-04 1.000398147452109532e+00
1.301279842557002894e+03 1.000163161298262882e+00 1.000398440928652882e-04 1.000395626838965102e+00
1.301290694062834746e+03 1.000383824967447710e+00 1.000395944875879503e-04 1.000393105566413476e+00
1.301301545659158592e+03 1.000420369595187431e+00 1.000393448137121245e-04 1.000390583600882177e+00
1.301312397345975114e+03 1.000276942022021665e+00 1.000390950677013737e-04 1.000388060906649557e+00
1.301323249123284995e+03 1.000487010814096633e+00 1.000388452457901147e-04 1.000385537445679374e+00
1.301334100991088690e+03 1.000309010948873922e+00 1.000385953439655932e-04 1.000383013177438274e+00
1.301344952949387334e+03 1.000478650519017298e+00 1.000383453579478942e-04 1.000380488058694839e+00
1.301355804998181839e+03 1.000334071892776899e+00 1.000380952831685013e-04 1.000377962043302205e+00
1.301366657137472430e+03 1.000518768173782824e+00 1.000378451147464448e-04 1.000375435081957365e+00
1.301377509367260018e+03 1.000338117389780512e+00 1.000375948474623754e-04 1.000372907121939381e+00
1.301388361687545739e+03 1.000262730546578771e+00 1.000373444757298602e-04 1.000370378106819613e+00
1.301399214098330049e+03 1.000482683192909006e+00 1.000370939935639811e-04 1.000367847976143754e+00
1.301410066599613401e+03 1.000332162328663621e+00 1.000368433945467221e-04 1.000365316665083215e+00
1.301420919191397161e+03 1.000114918961476640e+00 1.000365926717885611e-04 1.000362784104046776e+00
1.301431771873681782e+03 1.000319900392429684e+00 1.000363418178865251e-04 1.000360250218256031e+00
1.301442624646467721e+03 1.000323027541020648e+00 1.000360908248770813e-04 1.000357714927271546e+00
1.301453477509756567e+03 1.000193352292450877e+00 1.000358396841848004e-04 1.000355178144471946e+00
1.301464330463548322e+03 1.000635718195579837e+00 1.000355883865645549e-04 1.000352639776471930e+00
1.301475183507843894e+03 1.000374166452579594e+00 1.000353369220379309e-04 1.000350099722479014e+00
1.301486036642643967e+03 1.000418913961410805e+00 1.000350852798220905e-04 1.000347557873574988e+00
1.301496889867949676e+03 1.000448179276853811e+00 1.000348334482504354e-04 1.000345014111915010e+00
1.301507743183761477e+03 1.000293149195978559e+00 1.000345814146842585e-04 1.000342468309834754e+00
1.301518596590080278e+03 1.000447602621896692e+00 1.000343291654135251e-04 1.000339920328848553e+00
1.301529450086906763e+03 1.000401060357290151e+00 1.000340766855461626e-04 1.000337370018530514e+00
1.301540303674241613e+03 1.000334475616008412e+00 1.000338239588829167e-04 1.000334817215251082e+00
1.301551157352085283e+03 1.000390181769585718e+00 1.000335709677774212e-04 1.000332261740763506e+00
1.301562011120439365e+03 1.000468275742838475e+00 1.000333176929774710e-04 1.000329703400600234e+00
1.301572864979303858e+03 1.000286722594928790e+00 1.000330641134465897e-04 1.000327141982270351e+00
1.301583718928679900e+03 1.000380817233029962e+00 1.000328102061609850e-04 1.000324577253209224e+00
1.301594572968568173e+03 1.000291297533890011e+00 1.000325559458797121e-04 1.000322008958457243e+00
1.301605427098969358e+03 1.000210593420604033e+00 1.000323013048830283e-04 1.000319436818015051e+00
1.301616281319884365e+03 1.000524207556770184e+00 1.000320462526735192e-04 1.000316860523826845e+00
1.301627135631313649e+03 1.000253773310499916e+00 1.000317907556348728e-04 1.000314279736332468e+00
1.301637990033258120e+03 1.000193033770390594e+00 1.000315347766400224e-04 1.000311694080509017e+00
1.301648844525718687e+03 1.000393258516894868e+00 1.000312782746010939e-04 1.000309103141325817e+00
1.301659699108696032e+03 1.000280081988557557e+00 1.000310212039500727e-04 1.000306506458497502e+00
1.301670553782190837e+03 1.000310215086427812e+00 1.000307635140381020e-04 1.000303903520417537e+00
1.301681408546203784e+03 1.000261993837066044e+00 1.000305051484387200e-04 1.000301293757118737e+00
1.301692263400735555e+03 1.000077476899340789e+00 1.000302460441366057e-04 1.000298676532079822e+00
1.301703118345787288e+03 1.000288259699854798e+00 1.000299861305800403e-04 1.000296051132653741e+00
1.301713973381359665e+03 1.000259075108910434e+00 1.000297253285697220e-04 1.000293416758843978e+00
1.301724828507453140e+03 1.000372645834975316e+00 1.000294635489519502e-04 1.000290772510104009e+00
1.301735683724068622e+03 1.000519390522560004e+00 1.000292006910740979e-04 1.000288117369735552e+00
1.301746539031206567e+03 1.000143105682540723e+00 1.000289366409528387e-04 1.000285450186386926e+00
1.301757394428868565e+03 1.000312041104244321e+00 1.000286712690913904e-04 1.000282769652003578e+00
1.301768249917054618e+03 1.000388371873875526e+00 1.000284044278667640e-04 1.000280074275436970e+00
1.301779105495765634e+03 1.000345377743348863e+00 1.000281359483875149e-04 1.000277362350705079e+00
1.301789961165002524e+03 1.000173699660993343e+00 1.000278656366945367e-04 1.000274631918615764e+00
1.301800816924765741e+03 1.000286020615854810e+00 1.000275932691429827e-04 1.000271880720119411e+00
1.301811672775056422e+03 1.000144168689174329e+00 1.000273185867562697e-04 1.000269106139278774e+00
1.301822528715875251e+03 1.000337618190801470e+00 1.000270412882809095e-04 1.000266305133114653e+00
1.301833384747222681e+03 1.000341288490030456e+00 1.000267610215870235e-04 1.000263474144742704e+00
1.301844240869099622e+03 1.000209189905693297e+00 1.000264773729467896e-04 1.000260608995074296e+00
1.301855097081506983e+03 1.000302325831195382e+00 1.000261898535662796e-04 1.000257704746773113e+00
1.301865953384445447e+03 1.000174495172517108e+00 1.000258978825313517e-04 1.000254755531991391e+00
1.301876809777915469e+03 1.000025989877824095e+00 1.000256007650262056e-04 1.000251754332354137e+00
1.301887666261918412e+03 1.000324391959395820e+00 1.000252976642544564e-04 1.000248692695331343e+00
1.301898522836454731e+03 1.000188874504924996e+00 1.000249875648747018e-04 1.000245560364899644e+00
1.301909379501525109e+03 1.000294879949525706e+00 1.000246692248624869e-04 1.000242344795296390e+00
1.301920236257130000e+03 1.000235285397212737e+00 1.000243411113708558e-04 1.000239030503143001e+00
1.301931093103270541e+03 1.000011200974717296e+00 1.000240013141406940e-04 1.000235598192797948e+00
1.301941950039947642e+03 1.000402356206945065e+00 1.000236474268936050e-04 1.000232023558298433e+00
1.301952807067161984e+03 1.000193931954988402e+00 1.000232763822268931e-04 1.000228275615624884e+00
1.301963664184914023e+03 1.000248413363250988e+00 1.000228842175970894e-04 1.000224314338884479e+00
1.301974521393204668e+03 1.000161720252718212e+00 1.000224657367961467e-04 1.000220087240862421e+00
1.301985378692034601e+03 1.000297749636060107e+00 1.000220140087172265e-04 1.000215524310021697e+00
1.301996236081404732e+03 1.000136891290881014e+00 1.000215196049343254e-04 1.000210530309245671e+00
1.302007093561315742e+03 1.000268607812466959e+00 1.000209694024738563e-04 1.000204972682555482e+00
1.302017951131768314e+03 1.000131490022308833e+00 1.000203446261810076e-04 1.000198661780921539e+00
1.302028808792763357e+03 1.000236052024076949e+00 1.000196173824514288e-04 1.000191315849253915e+00
1.302039666544301326e+03 1.000194151599740788e+00 1.000187420252353544e-04 1.000182473813835182e+00
1.302050524386383586e+03 1.000098685212326366e+00 1.000176030544107581e-04 1.000170969000471644e+00
1.302061382319010363e+03 1.000257059636909807e+00 1.000155099769252696e-04 1.000149826694417765e+00
1.302072240342182340e+03 9.998260027499289437e-01 1.000068413812609593e-04 1.000062264622028296e+00
1.302083098455900881e+03 9.995607854375632151e-01 9.995265312919368074e-05 9.995149036743897764e-01
1.302093956660166214e+03 9.964251645949538938e-01 9.964962460594448818e-05 9.964539267705211367e-01
1.302104814954979020e+03 9.834243047091038026e-01 9.833936167642963141e-05 9.832174872576860958e-01
1.302115673340340436e+03 9.407161046697936069e-01 9.413243643075774338e-05 9.407057388977049239e-01
1.302126531816250917e+03 8.416066034359411807e-01 8.432043143387613863e-05 8.414633545041013685e-01
1.302137390382711374e+03 6.759390442818711264e-01 6.799135635717814803e-05 6.758973903154924523e-01
1.302148249039722714e+03 4.824407341665378768e-01 4.904039777400830976e-05 4.825045316868440404e-01
1.302159107787285166e+03 3.343957364312233338e-01 3.474162293153317064e-05 3.343688338440150565e-01
1.302169966625399866e+03 2.901166885641522364e-01 3.055072746626989169e-05 2.901082179760920421e-01
1.302180825554067951e+03 3.661621928500981005e-01 3.777997904638537752e-05 3.661416863778685915e-01
1.302191684573289422e+03 5.337797908276045167e-01 5.404933808229312175e-05 5.338251049020648065e-01
1.302202543683065414e+03 7.263775526025343376e-01 7.294993971052993978e-05 7.262438482578563725e-01
1.302213402883396611e+03 8.752551055940067659e-01 8.766458562037369312e-05 8.753033602170836591e-01
1.302224262174283695e+03 9.568276857352691067e-01 9.571662392413267178e-05 9.567166416191138500e-01
1.302235121555727574e+03 9.885233784301052928e-01 9.887551476825969345e-05 9.886339915486159757e-01
1.302245981027729385e+03 9.977497685361452762e-01 9.978028412006033408e-05 9.977737670910213907e-01
1.302256840590288675e+03 9.996932971181567984e-01 9.997392336143897187e-05 9.997297567731621148e-01
1.302267700243407489e+03 1.000148899695989968e+00 1.000063148581336562e-04 1.000056946173757622e+00
1.302278559987085828e+03 1.000032460523695432e+00 1.000112924275510073e-04 1.000107224951896523e+00
1.302289419821325055e+03 1.000233689680487981e+00 1.000124574235924431e-04 1.000118992655046002e+00
1.302300279746125170e+03 1.000180979110056434e+00 1.000130087433551807e-04 1.000124561572462545e+00
1.302311139761487311e+03 1.000065917008122973e+00 1.000133446633747917e-04 1.000127954722663803e+00
1.302321999867412615e+03 1.000009767725122733e+00 1.000135479439940173e-04 1.000130008073506049e+00
1.302332860063900853e+03 9.999822392773938251e-01 1.000136577512228923e-04 1.000131117243495904e+00
1.302343720350953845e+03 1.000008683042926005e+00 1.000136990275024194e-04 1.000131534177887582e+00
1.302354580728571818e+03 1.000072480277585774e+00 1.000136887764800441e-04 1.000131430631642226e+00
1.302365441196755455e+03 1.000145595570195667e+00 1.000136389876976400e-04 1.000130927711902817e+00
1.302376301755505665e+03 1.000228524606032954e+00 1.000135583409715671e-04 1.000130113094055861e+00
1.302387162404823357e+03 9.999578831441335858e-01 1.000134532618640289e-04 1.000129051683118053e+00
1.302398023144708759e+03 1.000217838849727370e+00 1.000133286001487522e-04 1.000127792466964260e+00
1.302408883975163462e+03 1.000229887529974437e+00 1.000131880793925476e-04 1.000126373057579787e+00
1.302419744896187694e+03 1.000326264739615612e+00 1.000130346026942648e-04 1.000124822779350664e+00
1.302430605907781910e+03 1.000050402091080981e+00 1.000128704653432558e-04 1.000123164817140253e+00
1.302441467009947473e+03 1.000111274209391388e+00 1.000126975057024378e-04 1.000121417740368779e+00
1.302452328202684612e+03 1.000179886607437618e+00 1.000125172141729294e-04 1.000119596603672223e+00
1.302463189485994462e+03 1.000027026740634151e+00 1.000123308131514803e-04 1.000117713754557380e+00
1.302474050859877707e+03 1.000185533146296768e+00 1.000121393165589578e-04 1.000115779434703311e+00
1.302484912324335255e+03 1.000047451593717440e+00 1.000119435747534488e-04 1.000113802233630889e+00
1.302495773879367334e+03 1.000052765559235057e+00 1.000117443088363139e-04 1.000111789435231158e+00
1.302506635524975081e+03 1.000123244220269436e+00 1.000115421371602258e-04 1.000109747285523598e+00
1.302517497261159633e+03 1.000226160713446166e+00 1.000113375960350455e-04 1.000107681201809040e+00
1.302528359087920762e+03 1.000073660594205549e+00 1.000111311560705979e-04 1.000105595937747394e+00
1.302539221005260060e+03 1.000110685316991876e+00 1.000109232352039033e-04 1.000103495714947943e+00
1.302550083013177755e+03 1.000153663779829172e+00 1.000107142091845774e-04 1.000101384328881959e+00
1.302560945111675210e+03 1.000149440328254924e+00 1.000105044200937473e-04 1.000099265234934087e+00
1.302571807300752425e+03 1.000325111195562888e+00 1.000102941833289554e-04 1.000097141618955687e+00
1.302582669580410766e+03 1.000118482820238297e+00 1.000100837933827410e-04 1.000095016455636143e+00
1.302593531950650913e+03 1.000254942181981077e+00 1.000098735286650216e-04 1.000092892557213009e+00
1.302604394411473550e+03 1.000191100738311079e+00 1.000096636555607475e-04 1.000090772614459222e+00
1.302615256962878675e+03 1.000166834276110750e+00 1.000094544318707251e-04 1.000088659231439081e+00
1.302626119604868563e+03 1.000042861120624904e+00 1.000092461097498188e-04 1.000086554955186724e+00
1.302636982337442760e+03 1.000356064549540624e+00 1.000090389382298487e-04 1.000084462301190635e+00
1.302647845160602401e+03 1.000022746225704084e+00 1.000088331653954215e-04 1.000082383775371397e+00
1.302658708074348169e+03 1.000094428203057939e+00 1.000086290402640729e-04 1.000080321893073831e+00
1.302669571078680974e+03 1.000054994641956130e+00 1.000084268144086540e-04 1.000078279195453890e+00
1.302680434173601270e+03 1.000096180850765126e+00 1.000082267433509919e-04 1.000076258263556728e+00
1.302691297359110422e+03 1.000142439672101702e+00 1.000080290877456216e-04 1.000074261730273806e+00
1.302702160635208656e+03 1.000097105008306286e+00 1.000078341143665456e-04 1.000072292290309806e+00
1.302713024001896656e+03 9.998357364213160681e-01 1.000076420969035263e-04 1.000070352708226196e+00
1.302723887459175330e+03 9.999462438187659563e-01 1.000074533165694828e-04 1.000068445824576324e+00
1.302734751007045816e+03 1.000053019544768107e+00 1.000072680625171230e-04 1.000066574560114496e+00
1.302745614645508567e+03 9.999961397523525752e-01 1.000070866320593480e-04 1.000064741918021749e+00
1.302756478374564040e+03 9.999418720348353107e-01 1.000069093306858004e-04 1.000062950984072829e+00
1.302767342194213370e+03 1.000061164357317178e+00 1.000067364718655252e-04 1.000061204924643787e+00
1.302778206104457013e+03 1.000028346758656816e+00 1.000065683766269097e-04 1.000059506982468038e+00
1.302789070105296105e+03 1.000067818911781981e+00 1.000064053729033943e-04 1.000057860470027205e+00
1.302799934196731328e+03 1.000036238258464660e+00 1.000062477946368105e-04 1.000056268760494804e+00
1.302810798378763138e+03 1.000192028727455495e+00 1.000060959806309995e-04 1.000054735276155737e+00
1.302821662651392671e+03 1.000116716626074709e+00 1.000059502731512128e-04 1.000053263474259158e+00
1.302832527014620155e+03 9.999044768218030566e-01 1.000058110162695249e-04 1.000051856830304731e+00
1.302843391468447180e+03 1.000100707480146456e+00 1.000056785539611503e-04 1.000050518818814238e+00
1.302854256012873520e+03 1.000059898442678952e+00 1.000055532279623310e-04 1.000049252891693552e+00
1.302865120647900540e+03 1.000121742358520471e+00 1.000054353754074946e-04 1.000048062454364839e+00
1.302875985373528920e+03 1.000063894505666795e+00 1.000053253262705229e-04 1.000046950839921234e+00
1.302886850189759343e+03 9.999416147157976775e-01 1.000052234006435945e-04 1.000045921281640604e+00
1.302897715096592492e+03 9.998972489815595166e-01 1.000051299058932007e-04 1.000044976884256531e+00
1.302908580094029276e+03 1.000046023697809483e+00 1.000050451337421641e-04 1.000044120594485664e+00
1.302919445182070376e+03 1.000073128412836576e+00 1.000049693573323590e-04 1.000043355171356341e+00
1.302930310360716703e+03 1.000043953186559476e+00 1.000049028283277636e-04 1.000042683156947332e+00
1.302941175629968939e+03 1.000169998528465554e+00 1.000048457741227752e-04 1.000042106848188173e+00
1.302952040989827537e+03 9.999592997275732476e-01 1.000047983952207447e-04 1.000041628270379901e+00
1.302962906440293409e+03 1.000105990466081174e+00 1.000047608628493146e-04 1.000041249153106770e+00
1.302973771981367463e+03 1.000056215124887959e+00 1.000047333168734384e-04 1.000040970909156446e+00
1.302984637613050609e+03 9.999697497155423109e-01 1.000047158640641261e-04 1.000040794617031548e+00
1.302995503335343074e+03 1.000054132004146279e+00 1.000047085767709885e-04 1.000040721007541489e+00
1.303006369148245994e+03 9.999808843413395820e-01 1.000047114920368633e-04 1.000040750454858962e+00
1.303017235051760053e+03 1.000139114769055482e+00 1.000047246111810756e-04 1.000040882972310419e+00
1.303028101045886160e+03 1.000207684262431673e+00 1.000047478998644895e-04 1.000041118213033320e+00
1.303038967130624542e+03 9.999469645373586513e-01 1.000047812886346047e-04 1.000041455475482177e+00
1.303049833305976790e+03 1.000023555953454046e+00 1.000048246739366695e-04 1.000041893713641494e+00
1.303060699571942678e+03 1.000088210718790949e+00 1.000048779195625276e-04 1.000042431551661393e+00
1.303071565928523569e+03 9.999661462522746458e-01 1.000049408584968789e-04 1.000043067302506472e+00
1.303082432375720373e+03 1.000128060737157654e+00 1.000050132951122600e-04 1.000043798990126964e+00
1.303093298913533545e+03 9.999262449388619522e-01 1.000050950076540899e-04 1.000044624374561542e+00
1.303104165541963994e+03 1.000084738911771964e+00 1.000051857509546318e-04 1.000045540979350722e+00
1.303115032261012175e+03 9.999535831710872902e-01 1.000052852593100584e-04 1.000046546120597624e+00
1.303125899070678997e+03 9.999801937230202720e-01 1.000053932494557199e-04 1.000047636937022588e+00
1.303136765970965371e+03 1.000119469121211635e+00 1.000055094235770004e-04 1.000048810420375522e+00
1.303147632961871750e+03 1.000101998924481261e+00 1.000056334722971218e-04 1.000050063445615978e+00
1.303158500043399272e+03 1.000177256505895951e+00 1.000057650775894866e-04 1.000051392800330952e+00
1.303169367215548391e+03 9.999562438480944504e-01 1.000059039155685504e-04 1.000052795212925894e+00
1.303180234478320017e+03 1.000188327888542172e+00 1.000060496591214103e-04 1.000054267379206108e+00
1.303191101831715059e+03 1.000003959652314478e+00 1.000062019803501335e-04 1.000055805987047908e+00
1.303201969275733745e+03 1.000098259590731287e+00 1.000063605528027469e-04 1.000057407738933035e+00
1.303212836810377212e+03 9.999531762764123366e-01 1.000065250534788215e-04 1.000059069372207787e+00
1.303223704435646368e+03 9.999689804335717414e-01 1.000066951646015330e-04 1.000060787676982255e+00
1.303234572151541897e+03 9.999445188103226467e-01 1.000068705751551418e-04 1.000062559511661009e+00
1.303245439958064026e+03 9.999943860098721160e-01 1.000070509821926359e-04 1.000064381816152093e+00
1.303256307855213890e+03 9.999943673004653144e-01 1.000072360919207731e-04 1.000066251622825586e+00
1.303267175842992629e+03 1.000060054291205258e+00 1.000074256205748694e-04 1.000068166065351871e+00
1.303278043921400240e+03 1.000042257446485783e+00 1.000076192950979438e-04 1.000070122385559923e+00
1.303288912090438089e+03 1.000100047889246779e+00 1.000078168536400739e-04 1.000072117938482830e+00
1.303299780350106857e+03 1.000090859228920825e+00 1.000080180458949602e-04 1.000074150195756406e+00
1.303310648700406773e+03 9.999009021864607716e-01 1.000082226332917615e-04 1.000076216747557423e+00
1.303321517141339200e+03 1.000213450331567167e+00 1.000084303890592257e-04 1.000078315303251530e+00
1.303332385672904593e+03 9.999687783950883535e-01 1.000086410981795707e-04 1.000080443690926746e+00
1.303343254295103861e+03 1.000030436308510406e+00 1.000088545572479443e-04 1.000082599855974808e+00
1.303354123007937915e+03 9.999268700882854022e-01 1.000090705742528329e-04 1.000084781858871619e+00
1.303364991811406753e+03 9.999747738406917774e-01 1.000092889682916754e-04 1.000086987872306654e+00
1.303375860705511968e+03 1.000120387764296348e+00 1.000095095692339061e-04 1.000089216177777240e+00
1.303386729690254015e+03 9.999994315069655748e-01 1.000097322173431247e-04 1.000091465161773829e+00
1.303397598765633575e+03 1.000100809181566408e+00 1.000099567628691101e-04 1.000093733311657518e+00
1.303408467931651558e+03 1.000188834104817293e+00 1.000101830656174200e-04 1.000096019211313303e+00
1.303419337188308646e+03 1.000073080578673945e+00 1.000104109945054232e-04 1.000098321536665225e+00
1.303430206535605294e+03 1.000080197942215587e+00 1.000106404271107566e-04 1.000100639051115792e+00
1.303441075973542866e+03 9.999994259591666879e-01 1.000108712492179120e-04 1.000102970600964758e+00
1.303451945502121589e+03 1.000077084613772982e+00 1.000111033543677228e-04 1.000105315110860538e+00
1.303462815121342373e+03 1.000101758109906758e+00 1.000113366434135596e-04 1.000107671579314905e+00
1.303473684831206356e+03 1.000183492079742997e+00 1.000115710240869984e-04 1.000110039074317836e+00
1.303484554631713763e+03 9.999746200286490083e-01 1.000118064105760802e-04 1.000112416729075804e+00
1.303495424522865505e+03 1.000091539827599130e+00 1.000120427231170132e-04 1.000114803737889080e+00
1.303506294504662264e+03 1.000138454764128770e+00 1.000122798876015704e-04 1.000117199352184683e+00
1.303517164577105177e+03 1.000074184548408018e+00 1.000125178352008980e-04 1.000119602876716973e+00
1.303528034740194698e+03 1.000061361842937480e+00 1.000127565020056419e-04 1.000122013665933007e+00
1.303538904993931510e+03 1.000073058873457210e+00 1.000129958286836919e-04 1.000124431120514634e+00
1.303549775338316522e+03 1.000066951609493993e+00 1.000132357601549486e-04 1.000126854684093569e+00
1.303560645773350416e+03 1.000140738780919580e+00 1.000134762452827860e-04 1.000129283840135219e+00
1.303571516299033874e+03 1.000191554669095817e+00 1.000137172365825100e-04 1.000131718108992818e+00
1.303582386915367806e+03 1.000217226289273231e+00 1.000139586899456321e-04 1.000134157045123651e+00
1.303593257622353121e+03 1.000098767311425441e+00 1.000142005643796066e-04 1.000136600234458939e+00
1.303604128419990275e+03 1.000015891754905129e+00 1.000144428217626517e-04 1.000139047291927596e+00
1.303614999308279948e+03 1.000199462418988938e+00 1.000146854266122998e-04 1.000141497859118767e+00
1.303625870287223279e+03 1.000162576751693733e+00 1.000149283458673914e-04 1.000143951602079362e+00
1.303636741356820949e+03 1.000156528371570319e+00 1.000151715486825101e-04 1.000146408209237503e+00
1.303647612517073185e+03 1.000186945677732586e+00 1.000154150062336803e-04 1.000148867389440310e+00
1.303658483767981352e+03 1.000167439761705523e+00 1.000156586915349339e-04 1.000151328870100720e+00
1.303669355109546132e+03 9.999957092389640811e-01 1.000159025792645258e-04 1.000153792395441776e+00
1.303680226541767979e+03 1.000159358522282771e+00 1.000161466455999864e-04 1.000156257724831077e+00
1.303691098064648031e+03 1.000091389049988733e+00 1.000163908680608038e-04 1.000158724631191820e+00
1.303701969678186515e+03 1.000131313598336069e+00 1.000166352253581669e-04 1.000161192899483797e+00
1.303712841382384795e+03 1.000075947392895070e+00 1.000168796972506039e-04 1.000163662325246561e+00
1.303723713177242871e+03 1.000234068919158670e+00 1.000171242644042150e-04 1.000166132713187439e+00
1.303734585062762335e+03 1.000286982402096125e+00 1.000173689082569983e-04 1.000168603875810414e+00
1.303745457038943414e+03 1.000059513496053709e+00 1.000176136108856689e-04 1.000171075632070972e+00
1.303756329105787245e+03 1.000168653667056651e+00 1.000178583548739689e-04 1.000173547806046503e+00
1.303767201263294282e+03 1.000023153303641665e+00 1.000181031231811270e-04 1.000176020225607143e+00
1.303778073511465209e+03 1.000081161236522576e+00 1.000183478990096395e-04 1.000178492721080392e+00
1.303788945850300706e+03 1.000115124031023539e+00 1.000185926656696369e-04 1.000180965123880439e+00
1.303799818279802139e+03 1.000069011532427554e+00 1.000188374064395235e-04 1.000183437265101949e+00
1.303810690799969734e+03 1.000102868107470622e+00 1.000190821044203684e-04 1.000185908974047688e+00
1.303821563410804401e+03 1.000142699218647513e+00 1.000193267423818682e-04 1.000188380076673322e+00
1.303832436112306823e+03 1.000137801091921963e+00 1.000195713025976832e-04 1.000190850393923858e+00
1.303843308904477908e+03 1.000083606263635794e+00 1.000198157666671813e-04 1.000193319739933973e+00
1.303854181787318339e+03 1.000217049048196971e+00 1.000200601153207832e-04 1.000195787920060031e+00
1.303865054760828798e+03 1.000079828151263728e+00 1.000203043282043414e-04 1.000198254728704272e+00
1.303875927825009967e+03 1.000128331060174514e+00 1.000205483836385151e-04 1.000200719946882089e+00
1.303886800979862983e+03 1.000364654886215954e+00 1.000207922583476792e-04 1.000203183339485324e+00
1.303897674225388300e+03 1.000129362421606105e+00 1.000210359271516989e-04 1.000205644652168102e+00
1.303908547561586602e+03 1.000187565966750292e+00 1.000212793626128869e-04 1.000208103607780785e+00
1.303919420988458796e+03 1.000103479131039030e+00 1.000215225346281800e-04 1.000210559902251051e+00
1.303930294506005566e+03 1.000083068903743433e+00 1.000217654099553027e-04 1.000213013199796830e+00
1.303941168114228049e+03 1.000308731013777708e+00 1.000220079516581838e-04 1.000215463127324789e+00
1.303952041813126243e+03 1.000332490906145289e+00 1.000222501184532507e-04 1.000217909267827832e+00
1.303962915602701287e+03 1.000227449069249319e+00 1.000224918639353494e-04 1.000220351152564913e+00
1.303973789482954317e+03 1.000152477890916103e+00 1.000227331356539501e-04 1.000222788251730721e+00
1.303984663453885560e+03 1.000180987063662874e+00 1.000229738740048756e-04 1.000225219963260637e+00
1.303995537515496153e+03 1.000186312681735856e+00 1.000232140108922878e-04 1.000227645599314874e+00
1.304006411667786551e+03 1.000178492605166891e+00 1.000234534681029803e-04 1.000230064369858285e+00
1.304017285910757437e+03 1.000109486030447137e+00 1.000236921553180605e-04 1.000232475362575091e+00
1.304028160244409946e+03 1.000153902882971568e+00 1.000239299676653761e-04 1.000234877518146437e+00
1.304039034668744534e+03 1.000267978139371294e+00 1.000241667826844952e-04 1.000237269599593581e+00
1.304049909183761883e+03 1.000110526132273137e+00 1.000244024565359824e-04 1.000239650153987414e+00
1.304060783789463358e+03 1.000119958330341952e+00 1.000246368192285787e-04 1.000242017464237687e+00
1.304071658485849184e+03 1.000156271460149071e+00 1.000248696685600698e-04 1.000244369487889973e+00
1.304082533272919818e+03 1.000206199590373268e+00 1.000251007623554554e-04 1.000246703778722601e+00
1.304093408150676851e+03 1.000245941788364901e+00 1.000253298084269934e-04 1.000249017385332895e+00
1.304104283119120510e+03 1.000293425881229270e+00 1.000255564514521145e-04 1.000251306718590083e+00
1.304115158178251704e+03 1.000171231020844376e+00 1.000257802556260789e-04 1.000253567376409469e+00
1.304126033328070889e+03 1.000175495125445124e+00 1.000260006814441530e-04 1.000255793909226920e+00
1.304136908568579202e+03 1.000147036712608406e+00 1.000262170541987053e-04 1.000257979501787631e+00
1.304147783899777096e+03 1.000284625719508824e+00 1.000264285205891107e-04 1.000260115534860272e+00
1.304158659321665937e+03 1.000307556417669108e+00 1.000266339879481528e-04 1.000262190971359377e+00
1.304169534834245496e+03 1.000066468443066237e+00 1.000268320375082080e-04 1.000264191480243481e+00
1.304180410437517367e+03 1.000388687253529252e+00 1.000270207979588917e-04 1.000266098159314776e+00
1.304191286131481775e+03 1.000208839770676317e+00 1.000271977565740655e-04 1.000267885627402320e+00
1.304202161916140085e+03 1.000352092243707247e+00 1.000273594689925731e-04 1.000269519092844117e+00
1.304213037791492297e+03 1.000347120765642916e+00 1.000275010980519784e-04 1.000270949695222455e+00
1.304223913757539776e+03 1.000136443765172967e+00 1.000276156491906946e-04 1.000272106782122972e+00
1.304234789814282976e+03 1.000259830022681706e+00 1.000276926003604148e-04 1.000272884069809409e+00
1.304245665961722807e+03 1.000263605064390937e+00 1.000277145812691258e-04 1.000273106100087350e+00
1.304256542199859950e+03 1.000219115692037697e+00 1.000276391027699833e-04 1.000272343687923060e+00
1.304267418528695089e+03 1.000223828966728234e+00 1.000272311841118622e-04 1.000268223280680102e+00
1.304278294948229131e+03 1.000133035452894337e+00 1.000246675661793677e-04 1.000242328040848561e+00
1.304289171458462761e+03 1.000207125740693703e+00 1.000077174660140693e-04 1.000071114016989782e+00
1.304300048059396431e+03 9.992113214022102508e-01 9.991413752162560359e-05 9.991258518482076800e-01
1.304310924751031280e+03 9.950906354925193043e-01 9.951478820216751165e-05 9.950918756507605156e-01
1.304321801533368216e+03 9.820353523373399618e-01 9.823157017814902769e-05 9.821284829495224855e-01
1.304332678406407695e+03 9.513095834823120933e-01 9.518066275057153859e-05 9.513001797369431412e-01
1.304343555370150398e+03 8.981932664079095296e-01 8.993599013005177192e-05 8.982782001136015992e-01
1.304354432424597235e+03 8.356294688109328073e-01 8.373407296729349779e-05 8.355279907257002758e-01
1.304365309569749115e+03 7.927069856400377201e-01 7.949594197043540649e-05 7.926091260691014995e-01
1.304376186805606494e+03 7.950726381491898254e-01 7.974573589451416542e-05 7.951397150719290430e-01
1.304387064132170053e+03 8.416540211559426776e-01 8.432580478641310572e-05 8.415177430634438460e-01
1.304397941549441157e+03 9.044377151404242587e-01 9.054649675818078375e-05 9.044520987824091751e-01
1.304408819057419805e+03 9.553903093597143625e-01 9.559167109763919775e-05 9.554538896040876139e-01
1.304419696656107135e+03 9.840334053504879996e-01 9.842810773345786999e-05 9.841140684289489959e-01
1.304430574345504283e+03 9.958075476808450066e-01 9.958478220429210195e-05 9.957989230274943981e-01
1.304441452125611249e+03 9.994592651950092721e-01 9.993468249945996497e-05 9.993333798849970417e-01
1.304452329996428944e+03 1.000087909328837288e+00 1.000148399833592037e-04 1.000143059046729288e+00
1.304463207957958730e+03 1.000305344391979157e+00 1.000294342313657497e-04 1.000290476371725523e+00
1.304474086010200608e+03 1.000282758373506109e+00 1.000320439023517997e-04 1.000316836783117891e+00
1.304484964153155943e+03 1.000487619711643239e+00 1.000328836530012423e-04 1.000325319143096081e+00
1.304495842386825188e+03 1.000372533675965458e+00 1.000334408664330641e-04 1.000330947581231866e+00
1.304506720711209027e+03 1.000336077402321999e+00 1.000339079036544201e-04 1.000335665145133390e+00
1.304517599126308369e+03 1.000381701416633184e+00 1.000343222533210447e-04 1.000339850509497142e+00
1.304528477632123895e+03 1.000483518295451013e+00 1.000347002808824878e-04 1.000343668982512479e+00
1.304539356228656516e+03 1.000292595117812988e+00 1.000350520597016426e-04 1.000347222315697060e+00
1.304550234915906685e+03 1.000390115224201182e+00 1.000353843192468642e-04 1.000350578483728770e+00
1.304561113693875541e+03 1.000293742438211897e+00 1.000357017283910933e-04 1.000353784647112887e+00
1.304571992562563537e+03 1.000199624439345403e+00 1.000360076203305707e-04 1.000356874474620295e+00
1.304582871521971811e+03 1.000327082262506995e+00 1.000363044320017047e-04 1.000359872581859211e+00
1.304593750572100362e+03 1.000307326253136120e+00 1.000365939816325723e-04 1.000362797334835685e+00
1.304604629712950555e+03 1.000446414731126499e+00 1.000368776499242280e-04 1.000365662680075207e+00
1.304615508944523071e+03 1.000349226055834650e+00 1.000371565016606616e-04 1.000368479373009212e+00
1.304626388266818594e+03 1.000476814249441571e+00 1.000374313693155030e-04 1.000371255822492644e+00
1.304637267679838260e+03 1.000192456190914125e+00 1.000377029117508637e-04 1.000373998683721677e+00
1.304648147183582068e+03 1.000169434761359888e+00 1.000379716561988373e-04 1.000376713282291607e+00
1.304659026778051157e+03 1.000490575109758362e+00 1.000382380287883369e-04 1.000379403922550203e+00
1.304669906463246434e+03 1.000407698274109691e+00 1.000385023770746802e-04 1.000382074115169662e+00
1.304680786239168583e+03 1.000386997958667035e+00 1.000387649868926320e-04 1.000384726747379549e+00
1.304691666105818058e+03 1.000358355086453654e+00 1.000390260951179375e-04 1.000387364211872576e+00
1.304702546063196223e+03 1.000423176661146440e+00 1.000392858994401040e-04 1.000389988505519634e+00
1.304713426111303079e+03 1.000289836106794006e+00 1.000395445659231665e-04 1.000392601305740703e+00
1.304724306250139989e+03 1.000482907963643475e+00 1.000398022349114447e-04 1.000395204030160246e+00
1.304735186479707409e+03 1.000377573259128017e+00 1.000400590256826953e-04 1.000397797883608275e+00
1.304746066800006247e+03 1.000399497142852479e+00 1.000403150401448616e-04 1.000400383895461376e+00
1.304756947211036959e+03 1.000614510497810805e+00 1.000405703657950918e-04 1.000402962949532348e+00
1.304767827712800909e+03 1.000413078109473330e+00 1.000408250781051057e-04 1.000405535808164048e+00
1.304778708305298096e+03 1.000355382687289074e+00 1.000410792424571190e-04 1.000408103131785520e+00
1.304789588988529886e+03 1.000470628414513952e+00 1.000413329157246372e-04 1.000410665494878337e+00
1.304800469762496959e+03 1.000548533302971999e+00 1.000415861475710045e-04 1.000413223399094331e+00
1.304811350627199772e+03 1.000431774808004937e+00 1.000418389815219236e-04 1.000415777284088259e+00
1.304822231582639006e+03 1.000423162251255382e+00 1.000420914558557622e-04 1.000418327536511942e+00
1.304833112628815798e+03 1.000501039028126149e+00 1.000423436043466918e-04 1.000420874497519597e+00
1.304843993765730829e+03 1.000292820962410012e+00 1.000425954568875757e-04 1.000423418469060355e+00
1.304854874993384783e+03 1.000315265307528456e+00 1.000428470400141674e-04 1.000425959719173141e+00
1.304865756311778341e+03 1.000563910893030872e+00 1.000430983773486164e-04 1.000428498486466422e+00
1.304876637720912186e+03 1.000578086584754001e+00 1.000433494899759989e-04 1.000431034983920942e+00
1.304887519220787681e+03 1.000392062837710760e+00 1.000436003967648883e-04 1.000433569402129574e+00
1.304898400811404599e+03 1.000435459139334071e+00 1.000438511146421202e-04 1.000436101912070885e+00
1.304909282492764532e+03 1.000438402609038713e+00 1.000441016588276839e-04 1.000438632667482564e+00
1.304920164264867708e+03 1.000416314831102271e+00 1.000443520430381329e-04 1.000441161806916002e+00
1.304931046127715035e+03 1.000506399745110686e+00 1.000446022796612494e-04 1.000443689455500884e+00
1.304941928081307424e+03 1.000434126140259838e+00 1.000448523799081312e-04 1.000446215726481070e+00
1.304952810125645783e+03 1.000546750110797856e+00 1.000451023539449354e-04 1.000448740722545304e+00
1.304963692260730340e+03 1.000483940726285104e+00 1.000453522110078991e-04 1.000451264536988960e+00
1.304974574486562233e+03 1.000617157531480617e+00 1.000456019595037226e-04 1.000453787254728777e+00
1.304985456803142142e+03 1.000419360339733998e+00 1.000458516070976475e-04 1.000456308953191709e+00
1.304996339210470978e+03 1.000546876857167033e+00 1.000461011607906112e-04 1.000458829703094299e+00
1.305007221708548968e+03 1.000505889783109614e+00 1.000463506269873889e-04 1.000461349569131686e+00
1.305018104297377477e+03 1.000448730369976058e+00 1.000466000115564417e-04 1.000463868610581342e+00
1.305028986976956958e+03 1.000395963305372726e+00 1.000468493198833678e-04 1.000466386881843306e+00
1.305039869747288094e+03 1.000416419047662764e+00 1.000470985569174416e-04 1.000468904432910699e+00
1.305050752608372022e+03 1.000387614610671161e+00 1.000473477272138708e-04 1.000471421309795605e+00
1.305061635560208742e+03 1.000521992903105506e+00 1.000475968349706185e-04 1.000473937554901882e+00
1.305072518602800073e+03 1.000397588386635173e+00 1.000478458840617558e-04 1.000476453207361782e+00
1.305083401736145788e+03 1.000467486978649845e+00 1.000480948780669389e-04 1.000478968303333716e+00
1.305094284960247251e+03 1.000596978521001379e+00 1.000483438202981072e-04 1.000481482876271366e+00
1.305105168275105143e+03 1.000649276068375393e+00 1.000485927138229295e-04 1.000483996957161503e+00
1.305116051680720147e+03 1.000386467667791157e+00 1.000488415614864064e-04 1.000486510574741583e+00
1.305126935177092719e+03 1.000526624816878485e+00 1.000490903659298578e-04 1.000489023755691820e+00
1.305137818764223766e+03 1.000523051663764873e+00 1.000493391296082698e-04 1.000491536524810154e+00
1.305148702442114654e+03 1.000377421638684705e+00 1.000495878548060292e-04 1.000494048905171240e+00
1.305159586210765383e+03 1.000502828766459240e+00 1.000498365436507608e-04 1.000496560918266109e+00
1.305170470070176862e+03 1.000449868364131412e+00 1.000500851981262428e-04 1.000499072584133176e+00
1.305181354020350227e+03 1.000441368667557507e+00 1.000503338200838861e-04 1.000501583921473481e+00
1.305192238061285707e+03 1.000417948040514649e+00 1.000505824112532370e-04 1.000504094947757494e+00
1.305203122192984438e+03 1.000616202658039633e+00 1.000508309732515321e-04 1.000506605679320593e+00
1.305214006415447102e+03 1.000483478076539701e+00 1.000510795075922906e-04 1.000509116131451437e+00
1.305224890728674382e+03 1.000657334205097948e+00 1.000513280156933507e-04 1.000511626318471237e+00
1.305235775132666959e+03 1.000514211179675650e+00 1.000515764988838902e-04 1.000514136253806141e+00
1.305246659627425743e+03 1.000560146330869982e+00 1.000518249584112158e-04 1.000516645950055405e+00
1.305257544212951643e+03 1.000536661909583236e+00 1.000520733954465369e-04 1.000519155419049344e+00
1.305268428889244888e+03 1.000422206403781322e+00 1.000523218110906169e-04 1.000521664671906841e+00
1.305279313656306613e+03 1.000601961027990372e+00 1.000525702063788418e-04 1.000524173719086418e+00
1.305290198514137728e+03 1.000622498806512883e+00 1.000528185822857603e-04 1.000526682570431980e+00
1.305301083462738916e+03 1.000408150613745661e+00 1.000530669397294340e-04 1.000529191235216775e+00
1.305311968502110403e+03 1.000577703506692284e+00 1.000533152795751648e-04 1.000531699722181589e+00
1.305322853632253782e+03 1.000422143833604949e+00 1.000535636026392890e-04 1.000534208039572048e+00
1.305333738853169052e+03 1.000616045189295811e+00 1.000538119096923764e-04 1.000536716195171705e+00
1.305344624164857350e+03 1.000529480940647309e+00 1.000540602014623738e-04 1.000539224196333565e+00
1.305355509567319359e+03 1.000508437042715082e+00 1.000543084786372481e-04 1.000541732050006960e+00
1.305366395060555760e+03 1.000780332695117014e+00 1.000545567418678188e-04 1.000544239762765519e+00
1.305377280644567463e+03 1.000458186080405376e+00 1.000548049917699398e-04 1.000546747340830489e+00
1.305388166319355150e+03 1.000612916997714708e+00 1.000550532289269662e-04 1.000549254790094045e+00
1.305399052084919958e+03 1.000592607187172023e+00 1.000553014538915834e-04 1.000551762116138832e+00
1.305409937941262115e+03 1.000480787757486389e+00 1.000555496671878136e-04 1.000554269324258172e+00
1.305420823888382074e+03 1.000532601046852266e+00 1.000557978693128583e-04 1.000556776419474270e+00
1.305431709926281428e+03 1.000395290250980951e+00 1.000560460607385893e-04 1.000559283406553535e+00
1.305442596054960859e+03 1.000589080858701241e+00 1.000562942419132431e-04 1.000561790290023678e+00
1.305453482274420594e+03 1.000636762221531750e+00 1.000565424132628296e-04 1.000564297074187703e+00
1.305464368584661543e+03 1.000529996672091970e+00 1.000567905751922307e-04 1.000566803763135448e+00
1.305475254985684387e+03 1.000570106934646208e+00 1.000570387280867447e-04 1.000569310360758690e+00
1.305486141477490264e+03 1.000633959046277610e+00 1.000572868723129675e-04 1.000571816870760689e+00
1.305497028060079401e+03 1.000613689302677134e+00 1.000575350082200799e-04 1.000574323296668400e+00
1.305507914733453390e+03 1.000553576284439083e+00 1.000577831361407422e-04 1.000576829641842025e+00
1.305518801497612003e+03 1.000647067160038928e+00 1.000580312563919752e-04 1.000579335909483669e+00
1.305529688352556832e+03 1.000616177235686299e+00 1.000582793692761493e-04 1.000581842102647778e+00
1.305540575298287877e+03 1.000519686794303142e+00 1.000585274750817437e-04 1.000584348224248243e+00
1.305551462334806729e+03 1.000477735709020877e+00 1.000587755740841184e-04 1.000586854277066395e+00
1.305562349462113389e+03 1.000388132472311620e+00 1.000590236665461385e-04 1.000589360263757666e+00
1.305573236680208765e+03 1.000835587976229402e+00 1.000592717527190405e-04 1.000591866186859580e+00
1.305584123989093996e+03 1.000413953436531722e+00 1.000595198328428940e-04 1.000594372048797087e+00
1.305595011388769763e+03 1.000667719019006530e+00 1.000597679071471975e-04 1.000596877851888555e+00
1.305605898879236520e+03 1.000714594791961121e+00 1.000600159758516239e-04 1.000599383598352876e+00
1.305616786460495177e+03 1.000675987513148568e+00 1.000602640391662373e-04 1.000601889290311686e+00
1.305627674132546417e+03 1.000479534088520861e+00 1.000605120972922386e-04 1.000604394929797580e+00
1.305638561895391149e+03 1.000448380755144306e+00 1.000607601504222634e-04 1.000606900518756115e+00
1.305649449749030055e+03 1.000525271360496848e+00 1.000610081987408836e-04 1.000609406059052020e+00
1.305660337693464044e+03 1.000551112976331591e+00 1.000612562424249867e-04 1.000611911552471867e+00
1.305671225728693116e+03 1.000630891597356964e+00 1.000615042816443046e-04 1.000614417000729839e+00
1.305682113854719319e+03 1.000722781586155241e+00 1.000617523165614134e-04 1.000616922405468623e+00
1.305693002071542423e+03 1.000536906085654820e+00 1.000620003473324924e-04 1.000619427768265401e+00
1.305703890379163340e+03 1.000528388831290361e+00 1.000622483741073378e-04 1.000621933090633631e+00
1.305714778777583206e+03 1.000585299435575948e+00 1.000624963970298909e-04 1.000624438374026814e+00
1.305725667266802475e+03 1.000582949748004769e+00 1.000627444162383197e-04 1.000626943619840947e+00
1.305736555846822057e+03 1.000509170745528031e+00 1.000629924318653712e-04 1.000629448829416956e+00
1.305747444517642407e+03 1.000822878675947436e+00 1.000632404440387373e-04 1.000631954004044255e+00
1.305758333279264662e+03 1.000578771302653047e+00 1.000634884528811363e-04 1.000634459144962962e+00
1.305769222131689276e+03 1.000774315151677696e+00 1.000637364585105156e-04 1.000636964253363903e+00
1.305780111074917386e+03 1.000552780843558143e+00 1.000639844610405404e-04 1.000639469330395714e+00
1.305791000108949220e+03 1.000804828725631479e+00 1.000642324605804169e-04 1.000641974377161070e+00
1.305801889233786142e+03 1.000662605832848939e+00 1.000644804572353806e-04 1.000644479394723341e+00
1.305812778449428151e+03 1.000575985267077916e+00 1.000647284511067635e-04 1.000646984384105931e+00
1.305823667755876613e+03 1.000762180420358582e+00 1.000649764422921440e-04 1.000649489346294274e+00
1.305834557153132437e+03 1.000679860603343130e+00 1.000652244308855766e-04 1.000651994282238721e+00
1.305845446641195849e+03 1.000689962952294287e+00 1.000654724169777141e-04 1.000654499192854985e+00
1.305856336220067760e+03 1.000639675901585202e+00 1.000657204006559161e-04 1.000657004079025025e+00
1.305867225889749079e+03 1.000704804143474069e+00 1.000659683820045201e-04 1.000659508941601272e+00
1.305878115650240261e+03 1.000721301940287633e+00 1.000662163611048004e-04 1.000662013781404402e+00
1.305889005501542670e+03 1.000622247024465228e+00 1.000664643380351721e-04 1.000664518599226671e+00
1.305899895443656305e+03 1.000502468130905154e+00 1.000667123128714343e-04 1.000667023395833466e+00
1.305910785476582078e+03 1.000754827058062846e+00 1.000669602856866489e-04 1.000669528171963085e+00
1.305921675600321578e+03 1.000564940391530877e+00 1.000672082565513973e-04 1.000672032928328292e+00
1.305932565814874579e+03 1.000699254536652649e+00 1.000674562110024632e-04 1.000674537518835949e+00
1.305943456120241990e+03 1.000680323035818109e+00 1.000676996634709750e-04 1.000676996634709770e+00
1.305954346516425176e+03 1.000670640047254922e+00 1.000676395529423462e-04 1.000676389457651139e+00
1.305965237003424136e+03 1.000386800620286287e+00 1.000571604316830964e-04 1.000570539691330474e+00
1.305976127581240462e+03 9.985549158370604639e-01 9.986454454979180602e-05 9.986249036953778191e-01
1.305987018249874154e+03 9.803392063210203400e-01 9.806030591862869238e-05 9.803981953183102949e-01
1.305997909009326122e+03 8.910131343933699322e-01 8.921152616972729209e-05 8.909511973151097441e-01
1.306008799859597502e+03 -1.000087352855746841e+10 9.949874370071212761e+05 -9.999999999000000000e+09
