1.300000000000000000e+03 5.728862751544535614e-01 3.291748409863454877e-02 5.705306077791620911e-01
1.300010840833093880e+03 7.129717283350174295e-01 3.791995327820229383e-02 7.030284704335179047e-01
1.300021681756590624e+03 8.182286350883268833e-01 4.228012225354785963e-02 8.128752158258100158e-01
1.300032522770491141e+03 9.349250770620465278e-01 4.555823611722396166e-02 8.932426175499916798e-01
1.300043363874795659e+03 9.394580916791172021e-01 4.770615943571279716e-02 9.451323301121575815e-01
1.300054205069505542e+03 9.007079409266731673e-01 4.893950097823235312e-02 9.746977218559689238e-01
1.300065046354620790e+03 9.379405318144717896e-01 4.956202094414090265e-02 9.895631616672387887e-01
1.300075887730143222e+03 9.382586019393103216e-01 4.983871562202130817e-02 9.961587370484826787e-01
1.300086729196072611e+03 9.288756657794760008e-01 4.994712510466316896e-02 9.987409724495807106e-01
1.300097570752410320e+03 1.027410607077766658e+00 4.998458664885994246e-02 9.996330301285890618e-01
1.300108412399156805e+03 9.595776417948569392e-01 4.999600651258652440e-02 9.999049416938025070e-01
1.300119254136312748e+03 1.002832399686239162e+00 4.999907783048219284e-02 9.999780689932686872e-01
1.300130095963879057e+03 9.565137059922956819e-01 4.999980655092797072e-02 9.999954195165017268e-01
1.300140937881856871e+03 1.032309652242153764e+00 4.999995904782603140e-02 9.999990503965557886e-01
1.300151779890245962e+03 1.031372748324652200e+00 4.999998715602070598e-02 9.999997196393376475e-01
1.300162621989048148e+03 1.010773255348030863e+00 4.999999167845210757e-02 9.999998273162773454e-01
1.300173464178263202e+03 1.064149880488561850e+00 4.999999226938437596e-02 9.999998413860933244e-01
1.300184306457892944e+03 1.001070933303944033e+00 4.999999227248432682e-02 9.999998414599018393e-01
1.300195148827937373e+03 9.574016697948357635e-01 4.999999220155010304e-02 9.999998397709918274e-01
1.300205991288397172e+03 9.983088454204911422e-01 4.999999212945493987e-02 9.999998380544401488e-01
1.300216833839273704e+03 1.054124807613146420e+00 4.999999205617308706e-02 9.999998363096340714e-01
1.300227676480567197e+03 9.951267992287220476e-01 4.999999198167811437e-02 9.999998345359444318e-01
1.300238519212278561e+03 9.779547671392744279e-01 4.999999190594286297e-02 9.999998327327240810e-01
1.300249362034408705e+03 1.001548391935168425e+00 4.999999182893934829e-02 9.999998308993071072e-01
1.300260204946958083e+03 9.225412175360409028e-01 4.999999175063886414e-02 9.999998290350097241e-01
1.300271047949928061e+03 1.045818385302771159e+00 4.999999167101181613e-02 9.999998271391277171e-01
1.300281891043318410e+03 9.790397257453734570e-01 4.999999159002780497e-02 9.999998252109367769e-01
1.300292734227130723e+03 1.033005794899700014e+00 4.999999150765550848e-02 9.999998232496916106e-01
1.300303577501365226e+03 9.252867859674670514e-01 4.999999142386271633e-02 9.999998212546252763e-01
1.300314420866023056e+03 9.734136114920054483e-01 4.999999133861628142e-02 9.999998192249481832e-01
1.300325264321104896e+03 1.078879415107664830e+00 4.999999125188206439e-02 9.999998171598478702e-01
1.300336107866611201e+03 9.744878515492619853e-01 4.999999116362494056e-02 9.999998150584875622e-01
1.300346951502543106e+03 9.666668420836594944e-01 4.999999107380868890e-02 9.999998129200055041e-01
1.300357795228901296e+03 1.005306568873522099e+00 4.999999098239604062e-02 9.999998107435137396e-01
1.300368639045686223e+03 1.091454828764868434e+00 4.999999088934857505e-02 9.999998085280978888e-01
1.300379482952898798e+03 9.843863591274386593e-01 4.999999079462674051e-02 9.999998062728160386e-01
1.300390326950539929e+03 9.949461142092547172e-01 4.999999069818972242e-02 9.999998039766966329e-01
1.300401171038610300e+03 9.860647322396178804e-01 4.999999059999550577e-02 9.999998016387390276e-01
1.300412015217110593e+03 9.739483848008798628e-01 4.999999050000072942e-02 9.999997992579110484e-01
1.300422859486041716e+03 9.757302059099114411e-01 4.999999039816072771e-02 9.999997968331492126e-01
1.300433703845404125e+03 1.007470017356044023e+00 4.999999029442939169e-02 9.999997943633553987e-01
1.300444548295198729e+03 9.936511045304392553e-01 4.999999018875916912e-02 9.999997918473975123e-01
1.300455392835426437e+03 1.029814679893116258e+00 4.999999008110100202e-02 9.999997892841079317e-01
1.300466237466087932e+03 9.967126766253999737e-01 4.999998997140428503e-02 9.999997866722811768e-01
1.300477082187183896e+03 9.645908611550978451e-01 4.999998985961673359e-02 9.999997840106729097e-01
1.300487926998715238e+03 1.045965592669302557e+00 4.999998974568443250e-02 9.999997812979989353e-01
1.300498771900682186e+03 9.813086171068992059e-01 4.999998962955164855e-02 9.999997785329325373e-01
1.300509616893086331e+03 1.013709302341512464e+00 4.999998951116087220e-02 9.999997757141045884e-01
1.300520461975927446e+03 1.039517838442976849e+00 4.999998939045265101e-02 9.999997728400993324e-01
1.300531307149207350e+03 1.029287729611440882e+00 4.999998926736558963e-02 9.999997699094549386e-01
1.300542152412926043e+03 1.032239793629713409e+00 4.999998914183621107e-02 9.999997669206601714e-01
1.300552997767084435e+03 1.019891515095036505e+00 4.999998901379892197e-02 9.999997638721531690e-01
1.300563843211683206e+03 1.051921906158993947e+00 4.999998888318588769e-02 9.999997607623190010e-01
1.300574688746723496e+03 1.125683787906636368e+00 4.999998874992694214e-02 9.999997575894870039e-01
1.300585534372205530e+03 1.009514651249096673e+00 4.999998861394954613e-02 9.999997543519298926e-01
1.300596380088130672e+03 1.035446060926802136e+00 4.999998847517860695e-02 9.999997510478598750e-01
1.300607225894499152e+03 1.013874636010533070e+00 4.999998833353643674e-02 9.999997476754269865e-01
1.300618071791312104e+03 9.469291142466217392e-01 4.999998818894260677e-02 9.999997442327167585e-01
1.300628917778569985e+03 9.711109451281285665e-01 4.999998804131382257e-02 9.999997407177456665e-01
1.300639763856273703e+03 9.679882567566049367e-01 4.999998789056384757e-02 9.999997371284605752e-01
1.300650610024423941e+03 9.533990893757264828e-01 4.999998773660336432e-02 9.999997334627345191e-01
1.300661456283021380e+03 1.050144824930787202e+00 4.999998757933975246e-02 9.999997297183629286e-01
1.300672302632066931e+03 9.402591821868198085e-01 4.999998741867709567e-02 9.999997258930614086e-01
1.300683149071561502e+03 1.032774208764172696e+00 4.999998725451592491e-02 9.999997219844620755e-01
1.300693995601505549e+03 9.145380793839192890e-01 4.999998708675309350e-02 9.999997179901087829e-01
1.300704842221899753e+03 1.045445408769462459e+00 4.999998691528158984e-02 9.999997139074539021e-01
1.300715688932745252e+03 9.980723915069006358e-01 4.999998673999041243e-02 9.999997097338543250e-01
1.300726535734042500e+03 9.364278856405642282e-01 4.999998656076436176e-02 9.999997054665671348e-01
1.300737382625792407e+03 1.009274969538808131e+00 4.999998637748382518e-02 9.999997011027448313e-01
1.300748229607995427e+03 1.049573364222698091e+00 4.999998619002461037e-02 9.999996966394298914e-01
1.300759076680652697e+03 9.326905843085842029e-01 4.999998599825769552e-02 9.999996920735509942e-01
1.300769923843764900e+03 1.020905031454017342e+00 4.999998580204906978e-02 9.999996874019169146e-01
1.300780771097332490e+03 9.572435028628067943e-01 4.999998560125940017e-02 9.999996826212103063e-01
1.300791618441356604e+03 1.011560594567427085e+00 4.999998539574383727e-02 9.999996777279825944e-01
1.300802465875837697e+03 1.023384444001113724e+00 4.999998518535176545e-02 9.999996727186474255e-01
1.300813313400776906e+03 1.062090526809387425e+00 4.999998496992649755e-02 9.999996675894742282e-01
1.300824161016174685e+03 9.576777338970067222e-01 4.999998474930496262e-02 9.999996623365803305e-01
1.300835008722031716e+03 1.003153698339215305e+00 4.999998452331740756e-02 9.999996569559239656e-01
1.300845856518348683e+03 9.214886610620678375e-01 4.999998429178707793e-02 9.999996514432970551e-01
1.300856704405126948e+03 9.494882486166891233e-01 4.999998405452987099e-02 9.999996457943156614e-01
1.300867552382366512e+03 1.071223599511847757e+00 4.999998381135391246e-02 9.999996400044117717e-01
1.300878400450068511e+03 9.468242394721053667e-01 4.999998356205923727e-02 9.999996340688239727e-01
1.300889248608233856e+03 1.006647065729732837e+00 4.999998330643731781e-02 9.999996279825875689e-01
1.300900096856862774e+03 9.435793196738797572e-01 4.999998304427063361e-02 9.999996217405232590e-01
1.300910945195956629e+03 1.057823587968785839e+00 4.999998277533219265e-02 9.999996153372269214e-01
1.300921793625515875e+03 1.046001861033686087e+00 4.999998249938510109e-02 9.999996087670577349e-01
1.300932642145541195e+03 9.986753127328600321e-01 4.999998221618192490e-02 9.999996020241246342e-01
1.300943490756033498e+03 1.083986169179038894e+00 4.999998192546419723e-02 9.999995951022737639e-01
1.300954339456993694e+03 1.023863160387479487e+00 4.999998162696179388e-02 9.999995879950732691e-01
1.300965188248421782e+03 9.526435740275440711e-01 4.999998132039232268e-02 9.999995806958000832e-01
1.300976037130319355e+03 9.620454395104482970e-01 4.999998100546044350e-02 9.999995731974216095e-01
1.300986886102687095e+03 9.972377324306763713e-01 4.999998068185708411e-02 9.999995654925791788e-01
1.300997735165525228e+03 9.557104263724496285e-01 4.999998034925874635e-02 9.999995575735708409e-01
1.301008584318834892e+03 9.734175352467214770e-01 4.999998000732668035e-02 9.999995494323306033e-01
1.301019433562616541e+03 1.032682616482370586e+00 4.999997965570592007e-02 9.999995410604075596e-01
1.301030282896871540e+03 1.103300288141898511e+00 4.999997929402451302e-02 9.999995324489450166e-01
1.301041132321600116e+03 9.878365888358096036e-01 4.999997892189234072e-02 9.999995235886547373e-01
1.301051981836803179e+03 9.964942298427442724e-01 4.999997853890020966e-02 9.999995144697937377e-01
1.301062831442481183e+03 9.656628634409726297e-01 4.999997814461853290e-02 9.999995050821344211e-01
1.301073681138635266e+03 9.876472693064175523e-01 4.999997773859633787e-02 9.999994954149385995e-01
1.301084530925266336e+03 1.049139101068062407e+00 4.999997732035974668e-02 9.999994854569240754e-01
1.301095380802374621e+03 9.905464244943694707e-01 4.999997688941071328e-02 9.999994751962321127e-01
1.301106230769961257e+03 9.297073163979963084e-01 4.999997644522542750e-02 9.999994646203912430e-01
1.301117080828026928e+03 1.032653834209039889e+00 4.999997598725277465e-02 9.999994537162798514e-01
1.301127930976572088e+03 9.879646285636073388e-01 4.999997551491256603e-02 9.999994424700837659e-01
1.301138781215598101e+03 1.001660843634901266e+00 4.999997502759367246e-02 9.999994308672519594e-01
1.301149631545105194e+03 9.833470444238009422e-01 4.999997452465201886e-02 9.999994188924500316e-01
1.301160481965094277e+03 1.056097363523956778e+00 4.999997400540846099e-02 9.999994065295071399e-01
1.301171332475566032e+03 9.346340133618881163e-01 4.999997346914643315e-02 9.999993937613627093e-01
1.301182183076521369e+03 9.263151495689223580e-01 4.999997291510944325e-02 9.999993805700047034e-01
1.301193033767961197e+03 1.043843185287177233e+00 4.999997234249834582e-02 9.999993669364062310e-01
1.301203884549885970e+03 1.044947911540326180e+00 4.999997175046852482e-02 9.999993528404569343e-01
1.301214735422296144e+03 9.715281128273677291e-01 4.999997113812657684e-02 9.999993382608854953e-01
1.301225586385193310e+03 9.172116845193170054e-01 4.999997050452701514e-02 9.999993231751804768e-01
1.301236437438577468e+03 1.110716737430475609e+00 4.999996984866857813e-02 9.999993075595018377e-01
1.301247288582449755e+03 1.067130556400244235e+00 4.999996916949008691e-02 9.999992913885838997e-01
1.301258139816810854e+03 9.718499282583682453e-01 4.999996846586626104e-02 9.999992746356340945e-01
1.301268991141661672e+03 1.069934012442139926e+00 4.999996773660288912e-02 9.999992572722188333e-01
1.301279842557002894e+03 1.017521698239619798e+00 4.999996698043172177e-02 9.999992392681417153e-01
1.301290694062834746e+03 9.533824819774536774e-01 4.999996619600492742e-02 9.999992205913112997e-01
1.301301545659158592e+03 1.009967675458050884e+00 4.999996538188888895e-02 9.999992012075941128e-01
1.301312397345975114e+03 1.036314727891204157e+00 4.999996453655773665e-02 9.999991810806596604e-01
1.301323249123284995e+03 9.374501203226595081e-01 4.999996365838589585e-02 9.999991601718040135e-01
1.301334100991088690e+03 1.010467609741372286e+00 4.999996274564037779e-02 9.999991384397652894e-01
1.301344952949387334e+03 1.026070003198994662e+00 4.999996179647193950e-02 9.999991158405141523e-01
1.301355804998181839e+03 8.797050569469567760e-01 4.999996080890568850e-02 9.999990923270292154e-01
1.301366657137472430e+03 9.582067019234657979e-01 4.999995978083066062e-02 9.999990678490491280e-01
1.301377509367260018e+03 9.879587285813531405e-01 4.999995870998828057e-02 9.999990423527987948e-01
1.301388361687545739e+03 1.051089472425238203e+00 4.999995759395997608e-02 9.999990157806927238e-01
1.301399214098330049e+03 1.062322772149833838e+00 4.999995643015312657e-02 9.999989880710019596e-01
1.301410066599613401e+03 1.034586072220109676e+00 4.999995521578592256e-02 9.999989591574929282e-01
1.301420919191397161e+03 1.034099776851400421e+00 4.999995394787044162e-02 9.999989289690246475e-01
1.301431771873681782e+03 1.069359008636623809e+00 4.999995262319405914e-02 9.999988974291060817e-01
1.301442624646467721e+03 1.008530282894872343e+00 4.999995123829872878e-02 9.999988644554024253e-01
1.301453477509756567e+03 1.071893244244050969e+00 4.999994978945813268e-02 9.999988299591920926e-01
1.301464330463548322e+03 1.024909695517719932e+00 4.999994827265220876e-02 9.999987938447592040e-01
1.301475183507843894e+03 1.034425533988363899e+00 4.999994668353886784e-02 9.999987560087207905e-01
1.301486036642643967e+03 9.670703347042932663e-01 4.999994501742239389e-02 9.999987163392738410e-01
1.301496889867949676e+03 1.017108472350712223e+00 4.999994326921826382e-02 9.999986747153581934e-01
1.301507743183761477e+03 9.606432705994669696e-01 4.999994143341368602e-02 9.999986310057167316e-01
1.301518596590080278e+03 1.027095027928968118e+00 4.999993950402346898e-02 9.999985850678452248e-01
1.301529450086906763e+03 9.865405334142328675e-01 4.999993747454040127e-02 9.999985367468097186e-01
1.301540303674241613e+03 1.048335096396040056e+00 4.999993533787947669e-02 9.999984858739194848e-01
1.301551157352085283e+03 9.318579885840100330e-01 4.999993308631495159e-02 9.999984322652283319e-01
1.301562011120439365e+03 9.154211635063768115e-01 4.999993071140931833e-02 9.999983757198428469e-01
1.301572864979303858e+03 1.048419777925406082e+00 4.999992820393281412e-02 9.999983160180067054e-01
1.301583718928679900e+03 9.384613230044885901e-01 4.999992555377201497e-02 9.999982529189243019e-01
1.301594572968568173e+03 1.053827223331248897e+00 4.999992274982599516e-02 9.999981861582872833e-01
1.301605427098969358e+03 9.677685399470020711e-01 4.999991977988774844e-02 9.999981154454523624e-01
1.301616281319884365e+03 9.929598725359282119e-01 4.999991663050865759e-02 9.999980404602144546e-01
1.301627135631313649e+03 1.057569100399873285e+00 4.999991328684304931e-02 9.999979608491047500e-01
1.301637990033258120e+03 1.014933784460893884e+00 4.999990973246948300e-02 9.999978762211363392e-01
1.301648844525718687e+03 1.019816343077230236e+00 4.999990594918465869e-02 9.999977861428966941e-01
1.301659699108696032e+03 9.638933263780627980e-01 4.999990191676492030e-02 9.999976901328704315e-01
1.301670553782190837e+03 1.010595704242239767e+00 4.999989761268960886e-02 9.999975876548502507e-01
1.301681408546203784e+03 1.048432881558699181e+00 4.999989301181869544e-02 9.999974781102636268e-01
1.301692263400735555e+03 1.064948364492268151e+00 4.999988808601622814e-02 9.999973608292067606e-01
1.301703118345787288e+03 1.000440263319043677e+00 4.999988280370858129e-02 9.999972350599254378e-01
1.301713973381359665e+03 9.960839080531042056e-01 4.999987712936417028e-02 9.999970999564287144e-01
1.301724828507453140e+03 9.528892821183911899e-01 4.999987102287837409e-02 9.999969545638437429e-01
1.301735683724068622e+03 1.049119455381108290e+00 4.999986443884292531e-02 9.999967978010199099e-01
1.301746539031206567e+03 1.059448413995832228e+00 4.999985732567436419e-02 9.999966284397782124e-01
1.301757394428868565e+03 9.002184702420563678e-01 4.999984962456905518e-02 9.999964450800303828e-01
1.301768249917054618e+03 1.034341787724483597e+00 4.999984126824398578e-02 9.999962461197975383e-01
1.301779105495765634e+03 1.011221043473224723e+00 4.999983217941095931e-02 9.999960297188821290e-01
1.301789961165002524e+03 1.036570839883882655e+00 4.999982226891702686e-02 9.999957937545914666e-01
1.301800816924765741e+03 1.000665351584719032e+00 4.999981143346388102e-02 9.999955357674383816e-01
1.301811672775056422e+03 1.074973506529695699e+00 4.999979955279224703e-02 9.999952528941019603e-01
1.301822528715875251e+03 1.023670512671997601e+00 4.999978648618077365e-02 9.999949417840674482e-01
1.301833384747222681e+03 1.059832885294790028e+00 4.999977206805859831e-02 9.999945984951643663e-01
1.301844240869099622e+03 9.958975622931657279e-01 4.999975610246133045e-02 9.999942183615641023e-01
1.301855097081506983e+03 9.599543477821083082e-01 4.999973835596121380e-02 9.999937958254510040e-01
1.301865953384445447e+03 1.011525655812319124e+00 4.999971854856197218e-02 9.999933242202313499e-01
1.301876809777915469e+03 9.950563550486850595e-01 4.999969634184315420e-02 9.999927954882549264e-01
1.301887666261918412e+03 9.864021380048815235e-01 4.999967132333590913e-02 9.999921998088087127e-01
1.301898522836454731e+03 8.941743498316447880e-01 4.999964298565183485e-02 9.999915251011810557e-01
1.301909379501525109e+03 1.005950074517903081e+00 4.999961069816535875e-02 9.999907563504297769e-01
1.301920236257130000e+03 9.271662486935727809e-01 4.999957366778460394e-02 9.999898746733502097e-01
1.301931093103270541e+03 9.762148687552468784e-01 4.999953088217974628e-02 9.999888559667609034e-01
1.301941950039947642e+03 9.370078334896463357e-01 4.999948101605698053e-02 9.999876686759192612e-01
1.301952807067161984e+03 9.576044070343904258e-01 4.999942221870749826e-02 9.999862687361378288e-01
1.301963664184914023e+03 1.067033659067044837e+00 4.999935139583377985e-02 9.999845824733434307e-01
1.301974521393204668e+03 1.088812097342474861e+00 4.999926117724656782e-02 9.999824344061212233e-01
1.301985378692034601e+03 9.172152026723305873e-01 4.999912686719989313e-02 9.999792365381292569e-01
1.301996236081404732e+03 1.107039708926902843e+00 4.999885444150878322e-02 9.999727501873738600e-01
1.302007093561315742e+03 1.020264640952678548e+00 4.999809469894912761e-02 9.999546609741465364e-01
1.302017951131768314e+03 1.011228605182786122e+00 4.999565590962185696e-02 9.998965938717898627e-01
1.302028808792763357e+03 1.001209921009216242e+00 4.998788008696185975e-02 9.997114494339582880e-01
1.302039666544301326e+03 9.986787115076820598e-01 4.996476723036268747e-02 9.991610936579491398e-01
1.302050524386383586e+03 9.896501513284200469e-01 4.990214683030189113e-02 9.976697528684761451e-01
1.302061382319010363e+03 1.046395658084512847e+00 4.974879573606156430e-02 9.940160926338224012e-01
1.302072240342182340e+03 1.043338328474281651e+00 4.941070021227476211e-02 9.859531048324658986e-01
1.302083098455900881e+03 9.460104427899588275e-01 4.874156403791353454e-02 9.699632226079437647e-01
1.302093956660166214e+03 9.857424720748307889e-01 4.755656551773142920e-02 9.415354811424817560e-01
1.302104814954979020e+03 8.749564490207393241e-01 4.568712806024528839e-02 8.963719936968133073e-01
1.302115673340340436e+03 8.450605466233959140e-01 4.307785927489822531e-02 8.325812034158998065e-01
1.302126531816250917e+03 7.760959029999783265e-01 3.989133768312546485e-02 7.531897026052705169e-01
1.302137390382711374e+03 6.078287362066732147e-01 3.655061030427571994e-02 6.675995451003380321e-01
1.302148249039722714e+03 6.187451257150130557e-01 3.365204144706048645e-02 5.905848596086460400e-01
1.302159107787285166e+03 5.244535923933781874e-01 3.176161282227370902e-02 5.384281160648357600e-01
1.302169966625399866e+03 5.292905256989937079e-01 3.123100735733663064e-02 5.234391434301024493e-01
1.302180825554067951e+03 5.547440617795937889e-01 3.215103635996729992e-02 5.493239333611587005e-01
1.302191684573289422e+03 5.939200390802310547e-01 3.436154016134065209e-02 6.097288816478283469e-01
1.302202543683065414e+03 6.959432987121104697e-01 3.744192699756113130e-02 6.907201225545922529e-01
1.302213402883396611e+03 7.536688012779805268e-01 4.079560407573138564e-02 7.759115741184314796e-01
1.302224262174283695e+03 8.942416950953065991e-01 4.385648444746122893e-02 8.517185246462020132e-01
1.302235121555727574e+03 8.779691776895646171e-01 4.626991232084540218e-02 9.104956507471418936e-01
1.302245981027729385e+03 9.403939838106127880e-01 4.794089318635303548e-02 9.507714527808854843e-01
1.302256840590288675e+03 9.168297058525675114e-01 4.896670285732132588e-02 9.753480686646099906e-01
1.302267700243407489e+03 1.062251872786963203e+00 4.952846191916480956e-02 9.887627302079305958e-01
1.302278559987085828e+03 9.359041266588462582e-01 4.980399206568263126e-02 9.953314194544462534e-01
1.302289419821325055e+03 1.061705717289630257e+00 4.992539744009413805e-02 9.982235212126319146e-01
1.302300279746125170e+03 9.174720626141803503e-01 4.997359931171981018e-02 9.993714060184867298e-01
1.302311139761487311e+03 9.623863134123032959e-01 4.999092491953521789e-02 9.997839483736461474e-01
1.302321999867412615e+03 1.070370495449492365e+00 4.999662408838696087e-02 9.999196460855820368e-01
1.302332860063900853e+03 9.529244074162036560e-01 4.999839193334420367e-02 9.999617380307362913e-01
1.302343720350953845e+03 1.051387190176408248e+00 4.999895350787633697e-02 9.999751089201996956e-01
1.302354580728571818e+03 9.986458915773238632e-01 4.999917014462402359e-02 9.999802669563060409e-01
1.302365441196755455e+03 9.283240830846212210e-01 4.999928769331175860e-02 9.999830657427356551e-01
1.302376301755505665e+03 9.910199363962256536e-01 4.999937132356443992e-02 9.999850569442635395e-01
1.302387162404823357e+03 9.520037189907680775e-01 4.999943840130428863e-02 9.999866540368878010e-01
1.302398023144708759e+03 1.005236828199536969e+00 4.999949451213447915e-02 9.999879900117166764e-01
1.302408883975163462e+03 1.138359260793656791e+00 4.999954227010500185e-02 9.999891271083102273e-01
1.302419744896187694e+03 9.988122199843543214e-01 4.999958334649105135e-02 9.999901051191060208e-01
1.302430605907781910e+03 1.009077092537839615e+00 4.999961896824895585e-02 9.999909532574660087e-01
1.302441467009947473e+03 1.011475030915078399e+00 4.999965008101098923e-02 9.999916940385269459e-01
1.302452328202684612e+03 1.071458650855711570e+00 4.999967742901060413e-02 9.999923451821924880e-01
1.302463189485994462e+03 9.976298253182620535e-01 4.999970160604082225e-02 9.999929208264353164e-01
1.302474050859877707e+03 9.855434926074735369e-01 4.999972309125708114e-02 9.999934323797509128e-01
1.302484912324335255e+03 1.007091202522807372e+00 4.999974227519542874e-02 9.999938891406412456e-01
1.302495773879367334e+03 1.095621949594606903e+00 4.999975947903598922e-02 9.999942987562709940e-01
1.302506635524975081e+03 1.050858041707897428e+00 4.999977496907915403e-02 9.999946675671402829e-01
1.302517497261159633e+03 9.510456791818505673e-01 4.999978896776779980e-02 9.999950008695192016e-01
1.302528359087920762e+03 9.557028529607838330e-01 4.999980166217848909e-02 9.999953031176206375e-01
1.302539221005260060e+03 1.037283313741849788e+00 4.999981321063299428e-02 9.999955780810179107e-01
1.302550083013177755e+03 9.686518219901838478e-01 4.999982374789637557e-02 9.999958289684084400e-01
1.302560945111675210e+03 9.996815903311611073e-01 4.999983338930004406e-02 9.999960585257825496e-01
1.302571807300752425e+03 9.407328917235794341e-01 4.999984223403919348e-02 9.999962691149347771e-01
1.302582669580410766e+03 1.071222263063765112e+00 4.999985036782996634e-02 9.999964627767283787e-01
1.302593531950650913e+03 1.073168290834362937e+00 4.999985786506561114e-02 9.999966412824334849e-01
1.302604394411473550e+03 9.934554183627030133e-01 4.999986479057771938e-02 9.999968061756620008e-01
1.302615256962878675e+03 9.508983525067681297e-01 4.999987120108368571e-02 9.999969588068291504e-01
1.302626119604868563e+03 1.052383944312247133e+00 4.999987714638304270e-02 9.999971003616401344e-01
1.302636982337442760e+03 1.012422277897852441e+00 4.999988267035181122e-02 9.999972318847628605e-01
1.302647845160602401e+03 1.013200481165343225e+00 4.999988781177272523e-02 9.999973542995969078e-01
1.302658708074348169e+03 9.711831323628706825e-01 4.999989260503229227e-02 9.999974684248694734e-01
1.302669571078680974e+03 9.961921548076115851e-01 4.999989708070822630e-02 9.999975749886221843e-01
1.302680434173601270e+03 1.033505572391336669e+00 4.999990126606693869e-02 9.999976746400559557e-01
1.302691297359110422e+03 9.661090467878096222e-01 4.999990518548638047e-02 9.999977679595983826e-01
1.302702160635208656e+03 1.084444276947126085e+00 4.999990886081689956e-02 9.999978554674967546e-01
1.302713024001896656e+03 1.064974298432520117e+00 4.999991231169035460e-02 9.999979376311763923e-01
1.302723887459175330e+03 9.478562745326715167e-01 4.999991555578578439e-02 9.999980148715671424e-01
1.302734751007045816e+03 9.390873570565696493e-01 4.999991860905850932e-02 9.999980875685576809e-01
1.302745614645508567e+03 1.015244205814946010e+00 4.999992148593829233e-02 9.999981560657145163e-01
1.302756478374564040e+03 9.466258283957617037e-01 4.999992419950145817e-02 9.999982206743787128e-01
1.302767342194213370e+03 1.007805899845954922e+00 4.999992676162049593e-02 9.999982816772288174e-01
1.302778206104457013e+03 9.721585687768221629e-01 4.999992918309473927e-02 9.999983393313917057e-01
1.302789070105296105e+03 1.049106039798682444e+00 4.999993147376462915e-02 9.999983938711640707e-01
1.302799934196731328e+03 1.027918032466584419e+00 4.999993364261214046e-02 9.999984455104025116e-01
1.302810798378763138e+03 9.536114517922006373e-01 4.999993569784884351e-02 9.999984944446206336e-01
1.302821662651392671e+03 1.046259550598102939e+00 4.999993764699375842e-02 9.999985408528428987e-01
1.302832527014620155e+03 9.816904159612784841e-01 4.999993949694205020e-02 9.999985848992400950e-01
1.302843391468447180e+03 9.313254290611201469e-01 4.999994125402585504e-02 9.999986267345771784e-01
1.302854256012873520e+03 9.961689784475011855e-01 4.999994292406825802e-02 9.999986664974993555e-01
1.302865120647900540e+03 1.032250777353192817e+00 4.999994451243138655e-02 9.999987043156760569e-01
1.302875985373528920e+03 1.048052897374183834e+00 4.999994602405902905e-02 9.999987403068171243e-01
1.302886850189759343e+03 9.741754603661676448e-01 4.999994746351498626e-02 9.999987745795839711e-01
1.302897715096592492e+03 9.490268207588403726e-01 4.999994883501707871e-02 9.999988072344013768e-01
1.302908580094029276e+03 1.049802714378936797e+00 4.999995014246780278e-02 9.999988383641857936e-01
1.302919445182070376e+03 9.671133773039970460e-01 4.999995138948175322e-02 9.999988680549989351e-01
1.302930310360716703e+03 1.059234465080412413e+00 4.999995257941029086e-02 9.999988963866351943e-01
1.302941175629968939e+03 1.011365206230083968e+00 4.999995371536373329e-02 9.999989234331498889e-01
1.302952040989827537e+03 1.120369676790965885e+00 4.999995480023140121e-02 9.999989492633363231e-01
1.302962906440293409e+03 1.006649380330919330e+00 4.999995583669965271e-02 9.999989739411553336e-01
1.302973771981367463e+03 1.032079765566496832e+00 4.999995682726825208e-02 9.999989975261254216e-01
1.302984637613050609e+03 9.149512695104140558e-01 4.999995777426516352e-02 9.999990200736739165e-01
1.302995503335343074e+03 8.961403982301353599e-01 4.999995867985992937e-02 9.999990416354569422e-01
1.303006369148245994e+03 1.018611858839225670e+00 4.999995954607588944e-02 9.999990622596491852e-01
1.303017235051760053e+03 9.940826697556102154e-01 4.999996037480117922e-02 9.999990819912062401e-01
1.303028101045886160e+03 1.066389985650852967e+00 4.999996116779883287e-02 9.999991008721049734e-01
1.303038967130624542e+03 1.116444209721268788e+00 4.999996192671592871e-02 9.999991189415619042e-01
1.303049833305976790e+03 1.061348291250196141e+00 4.999996265309195748e-02 9.999991362362312675e-01
1.303060699571942678e+03 1.046412596493036418e+00 4.999996334836637191e-02 9.999991527903858701e-01
1.303071565928523569e+03 1.005396588357845955e+00 4.999996401388563660e-02 9.999991686360845122e-01
1.303082432375720373e+03 9.996575655065510491e-01 4.999996465090951470e-02 9.999991838033214231e-01
1.303093298913533545e+03 1.079743651072885946e+00 4.999996526061688956e-02 9.999991983201651502e-01
1.303104165541963994e+03 9.945624769662656517e-01 4.999996584411107309e-02 9.999992122128853467e-01
1.303115032261012175e+03 1.070639337469946772e+00 4.999996640242474616e-02 9.999992255060694557e-01
1.303125899070678997e+03 9.949139783664383563e-01 4.999996693652427465e-02 9.999992382227260723e-01
1.303136765970965371e+03 1.011442135120342201e+00 4.999996744731390746e-02 9.999992503843853076e-01
1.303147632961871750e+03 9.796220867705388580e-01 4.999996793563946107e-02 9.999992620111853858e-01
1.303158500043399272e+03 9.915771747514193768e-01 4.999996840229177508e-02 9.999992731219558006e-01
1.303169367215548391e+03 1.005808485310975442e+00 4.999996884800977232e-02 9.999992837342901453e-01
1.303180234478320017e+03 1.043599382446183332e+00 4.999996927348341474e-02 9.999992938646158347e-01
1.303191101831715059e+03 1.108384100510947379e+00 4.999996967935627784e-02 9.999993035282563891e-01
1.303201969275733745e+03 1.006997611225046052e+00 4.999997006622793061e-02 9.999993127394869452e-01
1.303212836810377212e+03 9.756661476756605111e-01 4.999997043465616298e-02 9.999993215115885459e-01
1.303223704435646368e+03 9.874774643429166110e-01 4.999997078515894255e-02 9.999993298568934375e-01
1.303234572151541897e+03 9.379172641812715261e-01 4.999997111821621876e-02 9.999993377868292566e-01
1.303245439958064026e+03 1.032778792102559740e+00 4.999997143427158119e-02 9.999993453119575548e-01
1.303256307855213890e+03 1.076626710358692840e+00 4.999997173373369602e-02 9.999993524420085489e-01
1.303267175842992629e+03 1.066574574979473722e+00 4.999997201697766597e-02 9.999993591859130948e-01
1.303278043921400240e+03 1.014523619849045932e+00 4.999997228434618912e-02 9.999993655518307767e-01
1.303288912090438089e+03 1.026717245406486789e+00 4.999997253615057896e-02 9.999993715471738875e-01
1.303299780350106857e+03 1.105152259169669193e+00 4.999997277267173579e-02 9.999993771786306329e-01
1.303310648700406773e+03 1.060975774467618482e+00 4.999997299416086838e-02 9.999993824521815622e-01
1.303321517141339200e+03 1.037192550751246722e+00 4.999997320084016705e-02 9.999993873731177763e-01
1.303332385672904593e+03 1.037115955427248215e+00 4.999997339290341430e-02 9.999993919460525849e-01
1.303343254295103861e+03 1.032283252199715173e+00 4.999997357051629010e-02 9.999993961749309435e-01
1.303354123007937915e+03 1.044485426737951084e+00 4.999997373381684374e-02 9.999994000630396673e-01
1.303364991811406753e+03 1.011330464358128456e+00 4.999997388291556322e-02 9.999994036130093189e-01
1.303375860705511968e+03 1.080974593307494791e+00 4.999997401789547935e-02 9.999994068268170944e-01
1.303386729690254015e+03 1.096656084551977717e+00 4.999997413881222819e-02 9.999994097057876008e-01
1.303397598765633575e+03 9.322273328556903715e-01 4.999997424569382204e-02 9.999994122505875271e-01
1.303408467931651558e+03 9.368211874154239727e-01 4.999997433854039969e-02 9.999994144612204261e-01
1.303419337188308646e+03 1.020162869770707248e+00 4.999997441732387249e-02 9.999994163370174993e-01
1.303430206535605294e+03 1.045654339370341912e+00 4.999997448198739702e-02 9.999994178766253849e-01
1.303441075973542866e+03 1.017126090573227559e+00 4.999997453244470896e-02 9.999994190779901704e-01
1.303451945502121589e+03 1.097501117550807370e+00 4.999997456857938755e-02 9.999994199383397397e-01
1.303462815121342373e+03 1.003032946790872959e+00 4.999997459024387719e-02 9.999994204541609033e-01
1.303473684831206356e+03 1.050340921870723143e+00 4.999997459725843280e-02 9.999994206211741954e-01
1.303484554631713763e+03 9.541904529485550901e-01 4.999997458940987766e-02 9.999994204343037874e-01
1.303495424522865505e+03 1.025857062286783083e+00 4.999997456645010468e-02 9.999994198876425155e-01
1.303506294504662264e+03 9.992764876883238889e-01 4.999997452809457066e-02 9.999994189744153550e-01
1.303517164577105177e+03 9.714181483749479984e-01 4.999997447402034639e-02 9.999994176869337892e-01
1.303528034740194698e+03 9.061260575854197530e-01 4.999997440386414610e-02 9.999994160165479595e-01
1.303538904993931510e+03 1.010146536643756532e+00 4.999997431721998897e-02 9.999994139535918203e-01
1.303549775338316522e+03 9.357117694432681709e-01 4.999997421363661099e-02 9.999994114873205220e-01
1.303560645773350416e+03 1.063525311598110257e+00 4.999997409261461995e-02 9.999994086058443532e-01
1.303571516299033874e+03 9.655699541330694524e-01 4.999997395360331748e-02 9.999994052960511359e-01
1.303582386915367806e+03 1.040833634728498103e+00 4.999997379599704916e-02 9.999994015435207384e-01
1.303593257622353121e+03 1.015143024982234854e+00 4.999997361913140204e-02 9.999993973324337038e-01
1.303604128419990275e+03 1.021063541411502129e+00 4.999997342227866653e-02 9.999993926454633364e-01
1.303614999308279948e+03 1.078191839891617487e+00 4.999997320464300010e-02 9.999993874636613489e-01
1.303625870287223279e+03 1.041772074176364971e+00 4.999997296535499403e-02 9.999993817663275220e-01
1.303636741356820949e+03 9.813585451413002758e-01 4.999997270346562273e-02 9.999993755308658194e-01
1.303647612517073185e+03 9.840644072687143584e-01 4.999997241793945751e-02 9.999993687326231839e-01
1.303658483767981352e+03 9.747038004025952995e-01 4.999997210764719341e-02 9.999993613447115681e-01
1.303669355109546132e+03 9.745661077272919082e-01 4.999997177135726001e-02 9.999993533378077615e-01
1.303680226541767979e+03 1.078325759775792037e+00 4.999997140772642623e-02 9.999993446799300134e-01
1.303691098064648031e+03 9.443448837555785680e-01 4.999997101528934340e-02 9.999993353361891213e-01
1.303701969678186515e+03 1.015893377381613893e+00 4.999997059244680464e-02 9.999993252685088763e-01
1.303712841382384795e+03 9.972560691741810812e-01 4.999997013745260954e-02 9.999993144353128693e-01
1.303723713177242871e+03 9.318044669080364217e-01 4.999996964839874963e-02 9.999993027911721066e-01
1.303734585062762335e+03 1.025467499191851317e+00 4.999996912319875503e-02 9.999992902864092148e-01
1.303745457038943414e+03 8.642953931219302666e-01 4.999996855956900799e-02 9.999992768666521314e-01
1.303756329105787245e+03 9.603234510199556428e-01 4.999996795500748215e-02 9.999992624723287316e-01
1.303767201263294282e+03 1.029581689112154086e+00 4.999996730676981721e-02 9.999992470380970611e-01
1.303778073511465209e+03 1.025017960521374727e+00 4.999996661184208380e-02 9.999992304921969666e-01
1.303788945850300706e+03 9.950246156221314031e-01 4.999996586690985678e-02 9.999992127557135735e-01
1.303799818279802139e+03 9.538362570927076955e-01 4.999996506832305593e-02 9.999991937417401777e-01
1.303810690799969734e+03 9.986241316253309241e-01 4.999996421205562397e-02 9.999991733544181249e-01
1.303821563410804401e+03 9.525596609752975397e-01 4.999996329365946623e-02 9.999991514878405763e-01
1.303832436112306823e+03 1.028163904000717332e+00 4.999996230821159016e-02 9.999991280247929604e-01
1.303843308904477908e+03 1.020979151381276706e+00 4.999996125025304300e-02 9.999991028353008016e-01
1.303854181787318339e+03 1.009166021576268335e+00 4.999996011371869026e-02 9.999990757749557257e-01
1.303865054760828798e+03 9.805774707793687428e-01 4.999995889185557263e-02 9.999990466829729030e-01
1.303875927825009967e+03 1.001565473563098996e+00 4.999995757712816236e-02 9.999990153799351855e-01
1.303886800979862983e+03 9.738552500990051985e-01 4.999995616110793767e-02 9.999989816651633223e-01
1.303897674225388300e+03 9.886789018677279994e-01 4.999995463434387527e-02 9.999989453136326478e-01
1.303908547561586602e+03 9.911251312261488700e-01 4.999995298621062734e-02 9.999989060723590839e-01
1.303919420988458796e+03 9.488585387900119184e-01 4.999995120472917887e-02 9.999988636561273347e-01
1.303930294506005566e+03 1.058342357232244790e+00 4.999994927635452446e-02 9.999988177424375957e-01
1.303941168114228049e+03 9.320668217463984329e-01 4.999994718572309260e-02 9.999987679654902539e-01
1.303952041813126243e+03 9.119425862141289363e-01 4.999994491535079272e-02 9.999987139089970833e-01
1.303962915602701287e+03 9.901397066961479254e-01 4.999994244527023596e-02 9.999986550975441535e-01
1.303973789482954317e+03 9.604233791620273575e-01 4.999993975259282158e-02 9.999985909861643929e-01
1.303984663453885560e+03 9.430912387003421715e-01 4.999993681097678055e-02 9.999985209476724979e-01
1.303995537515496153e+03 9.414906820969461965e-01 4.999993358997734810e-02 9.999984442571928644e-01
1.304006411667786551e+03 1.029909676942228902e+00 4.999993005424797216e-02 9.999983600731404687e-01
1.304017285910757437e+03 1.010285586108197631e+00 4.999992616255136829e-02 9.999982674136743688e-01
1.304028160244409946e+03 1.015765937853295497e+00 4.999992186652627013e-02 9.999981651273355254e-01
1.304039034668744534e+03 1.005142887971338883e+00 4.999991710913737758e-02 9.999980518561395471e-01
1.304049909183761883e+03 9.949776428275545204e-01 4.999991182271004003e-02 9.999979259887842309e-01
1.304060783789463358e+03 1.039699410484216102e+00 4.999990592641520570e-02 9.999977856007669086e-01
1.304071658485849184e+03 1.097277853667793179e+00 4.999989932301736328e-02 9.999976283769542729e-01
1.304082533272919818e+03 9.722533092589474846e-01 4.999989189462209632e-02 9.999974515103344785e-01
1.304093408150676851e+03 9.079470839662998616e-01 4.999988349704517776e-02 9.999972515679464991e-01
1.304104283119120510e+03 1.005410697616189619e+00 4.999987395225061887e-02 9.999970243108340373e-01
1.304115158178251704e+03 8.943804287212707704e-01 4.999986303802993887e-02 9.999967644483133133e-01
1.304126033328070889e+03 1.017633762377655460e+00 4.999985047361166918e-02 9.999964652953418076e-01
1.304136908568579202e+03 9.762353495154629801e-01 4.999983589874244100e-02 9.999961182744474542e-01
1.304147783899777096e+03 1.039278050411736043e+00 4.999981883950618128e-02 9.999957121018987483e-01
1.304158659321665937e+03 9.232235601170281081e-01 4.999979863417752107e-02 9.999952310223065854e-01
1.304169534834245496e+03 9.791437698500963238e-01 4.999977419599307277e-02 9.999946491603134424e-01
1.304180410437517367e+03 1.019218763287284002e+00 4.999974304737773989e-02 9.999939075259518528e-01
1.304191286131481775e+03 9.851781670671655444e-01 4.999969724029418999e-02 9.999928168799705475e-01
1.304202161916140085e+03 9.785388396812418899e-01 4.999960723486953501e-02 9.999906738908845849e-01
1.304213037791492297e+03 1.046686062635819869e+00 4.999936450051790937e-02 9.999848944903876324e-01
1.304223913757539776e+03 1.005470123509600855e+00 4.999860028639694504e-02 9.999666988460023109e-01
1.304234789814282976e+03 9.832349379929602451e-01 4.999618394413028744e-02 9.999091663171112421e-01
1.304245665961722807e+03 1.053621277531959999e+00 4.998902146363328608e-02 9.997386262644415433e-01
1.304256542199859950e+03 1.058023273691359512e+00 4.996961663102740536e-02 9.992765700233434689e-01
1.304267418528695089e+03 1.090058413323704123e+00 4.992203354164746060e-02 9.981434050553490422e-01
1.304278294948229131e+03 9.946609861811936959e-01 4.981693449689458125e-02 9.956397965871547351e-01
1.304289171458462761e+03 1.126349369926095800e+00 4.960858677489535934e-02 9.906736497587965706e-01
1.304300048059396431e+03 9.329890308345757388e-01 4.923932958659647113e-02 9.818620999626951340e-01
1.304310924751031280e+03 9.803827228115497006e-01 4.865729231406812350e-02 9.679463292430797727e-01
1.304321801533368216e+03 9.961432363336392148e-01 4.784771556527904479e-02 9.485337034198261241e-01
1.304332678406407695e+03 9.581741517121165064e-01 4.686674389843317745e-02 9.249174456145420331e-01
1.304343555370150398e+03 8.851660941257784021e-01 4.585589335665825328e-02 9.004662978332425016e-01
1.304354432424597235e+03 8.731538591503998914e-01 4.501738075556024898e-02 8.800878411175606653e-01
1.304365309569749115e+03 8.755982151074989117e-01 4.455057884633303183e-02 8.687029692446757156e-01
1.304376186805606494e+03 8.701483714503061018e-01 4.457639867707949288e-02 8.693334682390384538e-01
1.304387064132170053e+03 8.398985988422406068e-01 4.508799375893599026e-02 8.818074749623769915e-01
1.304397941549441157e+03 9.978974926816461810e-01 4.595359861385975991e-02 9.028350406851691767e-01
1.304408819057419805e+03 9.927004990384410421e-01 4.697001846075141845e-02 9.274087661678580563e-01
1.304419696656107135e+03 9.249280980259438900e-01 4.793877693759111130e-02 9.507206392434423003e-01
1.304430574345504283e+03 9.779520779690675791e-01 4.872657545159304882e-02 9.696045492690842371e-01
1.304441452125611249e+03 9.782336242254895398e-01 4.928558419691431852e-02 9.829665780575795875e-01
1.304452329996428944e+03 9.670496556086360940e-01 4.963594722047406232e-02 9.913260391436345964e-01
1.304463207957958730e+03 1.007206301792578307e+00 4.983136338968060380e-02 9.959835732431840949e-01
1.304474086010200608e+03 1.007182769826664215e+00 4.992884755911036060e-02 9.983056897669000396e-01
1.304484964153155943e+03 1.001662341487821850e+00 4.997250896843340867e-02 9.993454427972687792e-01
1.304495842386825188e+03 1.006574051037270046e+00 4.999012981089164670e-02 9.997650165325625560e-01
1.304506720711209027e+03 9.320289921202258299e-01 4.999657050502154254e-02 9.999183702746601288e-01
1.304517599126308369e+03 1.032732939922039295e+00 4.999872558515795068e-02 9.999696821649562972e-01
1.304528477632123895e+03 9.882744993209032769e-01 4.999940456723219601e-02 9.999858484619877919e-01
1.304539356228656516e+03 9.701096978559199391e-01 4.999962187552497994e-02 9.999910224784219759e-01
1.304550234915906685e+03 1.035503651296203920e+00 4.999970468314365868e-02 9.999929940908696135e-01
1.304561113693875541e+03 9.600662133967832190e-01 4.999974836377057974e-02 9.999940341068531691e-01
1.304571992562563537e+03 9.749894357104330611e-01 4.999977873358055908e-02 9.999947571981999683e-01
1.304582871521971811e+03 1.010864028438293705e+00 4.999980277855219785e-02 9.999953296979665618e-01
1.304593750572100362e+03 9.845735664263844944e-01 4.999982273676934624e-02 9.999958048939397992e-01
1.304604629712950555e+03 9.604104115217320103e-01 4.999983962891230149e-02 9.999962070880681342e-01
1.304615508944523071e+03 1.003093834903324932e+00 4.999985409165373651e-02 9.999965514392465948e-01
1.304626388266818594e+03 9.766815652202883724e-01 4.999986658521080041e-02 9.999968489050417020e-01
1.304637267679838260e+03 9.246827533575903146e-01 4.999987746064242511e-02 9.999971078440097472e-01
1.304648147183582068e+03 9.411197123654830854e-01 4.999988699205781123e-02 9.999973347825672487e-01
1.304659026778051157e+03 1.035233185151919866e+00 4.999989539669241756e-02 9.999975348929929231e-01
1.304669906463246434e+03 1.063172725081103387e+00 4.999990284880594105e-02 9.999977123243309896e-01
1.304680786239168583e+03 1.034438522366561308e+00 4.999990948967628079e-02 9.999978704403439389e-01
1.304691666105818058e+03 1.027860998985622665e+00 4.999991543493510771e-02 9.999980119941691559e-01
1.304702546063196223e+03 1.023806081678767299e+00 4.999992078003856477e-02 9.999981392585736151e-01
1.304713426111303079e+03 9.828867036283459591e-01 4.999992560440415235e-02 9.999982541244516465e-01
1.304724306250139989e+03 1.022124703969600423e+00 4.999992997457820137e-02 9.999983581762406093e-01
1.304735186479707409e+03 9.137284922251377450e-01 4.999993394668821728e-02 9.999984527503107401e-01
1.304746066800006247e+03 8.547037848519070113e-01 4.999993756836110942e-02 9.999985389806365088e-01
1.304756947211036959e+03 7.850156817185506286e-01 4.999994088023746591e-02 9.999986178348517774e-01
1.304767827712800909e+03 9.147279285787552894e-01 4.999994391717734604e-02 9.999986901429582797e-01
1.304778708305298096e+03 1.062221135359221025e+00 4.999994670922793677e-02 9.999987566203654143e-01
1.304789588988529886e+03 9.300439879899032869e-01 4.999994928240581588e-02 9.999988178865159005e-01
1.304800469762496959e+03 1.000048678830331106e+00 4.999995165933367874e-02 9.999988744800457630e-01
1.304811350627199772e+03 9.623525028734269959e-01 4.999995385976191420e-02 9.999989268712022872e-01
1.304822231582639006e+03 1.031652637668510231e+00 4.999995590099828163e-02 9.999989754720752799e-01
1.304833112628815798e+03 9.549337748996434838e-01 4.999995779826401504e-02 9.999990206450751762e-01
1.304843993765730829e+03 9.224528621450590604e-01 4.999995956499043992e-02 9.999990627099956120e-01
1.304854874993384783e+03 9.058405200683278258e-01 4.999996121306718444e-02 9.999991019499230305e-01
1.304865756311778341e+03 1.038857567882310207e+00 4.999996275305096383e-02 9.999991386162079277e-01
1.304876637720912186e+03 9.967000100026249809e-01 4.999996419434195316e-02 9.999991729326639378e-01
1.304887519220787681e+03 1.114513494864376897e+00 4.999996554533332055e-02 9.999992050991286519e-01
1.304898400811404599e+03 9.888514183498140486e-01 4.999996681353863909e-02 9.999992352944964136e-01
1.304909282492764532e+03 9.597769751242215541e-01 4.999996800570074423e-02 9.999992636793113565e-01
1.304920164264867708e+03 9.805026957583596880e-01 4.999996912788517295e-02 9.999992903979906256e-01
1.304931046127715035e+03 9.886116972314713536e-01 4.999997018556052303e-02 9.999993155807394007e-01
1.304941928081307424e+03 1.156520304403400479e+00 4.999997118366792531e-02 9.999993393452033530e-01
1.304952810125645783e+03 9.521573745836594549e-01 4.999997212668123164e-02 9.999993617979028304e-01
1.304963692260730340e+03 1.024522153120450030e+00 4.999997301865918842e-02 9.999993830354749758e-01
1.304974574486562233e+03 9.439268072025259748e-01 4.999997386329110838e-02 9.999994031457604127e-01
1.304985456803142142e+03 1.019984557124991476e+00 4.999997466393658191e-02 9.999994222087493778e-01
1.304996339210470978e+03 1.043388624843158752e+00 4.999997542366044212e-02 9.999994402974137220e-01
1.305007221708548968e+03 1.049372397661596290e+00 4.999997614526324047e-02 9.999994574784338841e-01
1.305018104297377477e+03 1.003062358008244948e+00 4.999997683130839865e-02 9.999994738128435978e-01
1.305028986976956958e+03 1.034676863220999943e+00 4.999997748414590493e-02 9.999994893565945508e-01
1.305039869747288094e+03 1.052111993383974209e+00 4.999997810593335285e-02 9.999995041610585389e-01
1.305050752608372022e+03 1.006578362918513436e+00 4.999997869865464850e-02 9.999995182734711108e-01
1.305061635560208742e+03 9.943677907024379703e-01 4.999997926413658061e-02 9.999995317373275849e-01
1.305072518602800073e+03 1.047872499992727802e+00 4.999997980406356568e-02 9.999995445927325477e-01
1.305083401736145788e+03 1.107513007471355726e+00 4.999998031999079717e-02 9.999995568767147125e-01
1.305094284960247251e+03 9.467868165240824752e-01 4.999998081335602779e-02 9.999995686235065850e-01
1.305105168275105143e+03 9.952269537855870096e-01 4.999998128549006104e-02 9.999995798647935974e-01
1.305116051680720147e+03 9.569373772817763024e-01 4.999998173762620207e-02 9.999995906299403714e-01
1.305126935177092719e+03 9.906003383289184727e-01 4.999998217090879937e-02 9.999996009461931123e-01
1.305137818764223766e+03 9.296441323560753478e-01 4.999998258640073190e-02 9.999996108388586880e-01
1.305148702442114654e+03 9.978632632245413303e-01 4.999998298509043121e-02 9.999996203314708287e-01
1.305159586210765383e+03 9.728227532879830664e-01 4.999998336789798770e-02 9.999996294459370105e-01
1.305170470070176862e+03 9.741666843302393408e-01 4.999998373568081966e-02 9.999996382026712372e-01
1.305181354020350227e+03 9.950375644934914554e-01 4.999998408923868320e-02 9.999996466207159429e-01
1.305192238061285707e+03 8.908318520475677627e-01 4.999998442931834902e-02 9.999996547178511275e-01
1.305203122192984438e+03 1.076709815174019758e+00 4.999998475661773106e-02 9.999996625106939430e-01
1.305214006415447102e+03 1.005170342114457327e+00 4.999998507178970292e-02 9.999996700147887330e-01
1.305224890728674382e+03 1.018351220916883237e+00 4.999998537544558114e-02 9.999996772446907434e-01
1.305235775132666959e+03 1.000067890355616385e+00 4.999998566815821305e-02 9.999996842140392861e-01
1.305246659627425743e+03 1.006056545253613210e+00 4.999998595046487720e-02 9.999996909356265729e-01
1.305257544212951643e+03 1.065977860600793470e+00 4.999998622286996180e-02 9.999996974214623302e-01
1.305268428889244888e+03 1.083791456267898523e+00 4.999998648584731697e-02 9.999997036828280894e-01
1.305279313656306613e+03 1.004262024254444219e+00 4.999998673984244746e-02 9.999997097303312543e-01
1.305290198514137728e+03 1.029748036837555780e+00 4.999998698527454571e-02 9.999997155739528409e-01
1.305301083462738916e+03 1.102829431015703854e+00 4.999998722253836542e-02 9.999997212230914423e-01
1.305311968502110403e+03 9.813992304836872682e-01 4.999998745200587985e-02 9.999997266866038625e-01
1.305322853632253782e+03 9.620114444243649254e-01 4.999998767402787786e-02 9.999997319728419765e-01
1.305333738853169052e+03 9.275942157553184186e-01 4.999998788893538632e-02 9.999997370896875903e-01
1.305344624164857350e+03 9.703795497907924394e-01 4.999998809704101627e-02 9.999997420445836394e-01
1.305355509567319359e+03 9.134688293500750067e-01 4.999998829864014255e-02 9.999997468445629423e-01
1.305366395060555760e+03 1.081580310305346515e+00 4.999998849401209727e-02 9.999997514962762901e-01
1.305377280644567463e+03 9.285570506323054252e-01 4.999998868342115516e-02 9.999997560060158719e-01
1.305388166319355150e+03 1.098892465650677108e+00 4.999998886711753965e-02 9.999997603797392554e-01
1.305399052084919958e+03 9.696678233696105487e-01 4.999998904533829031e-02 9.999997646230905923e-01
1.305409937941262115e+03 9.819745405333155652e-01 4.999998921830810239e-02 9.999997687414194925e-01
1.305420823888382074e+03 8.840886342999463299e-01 4.999998938624011097e-02 9.999997727398005631e-01
1.305431709926281428e+03 1.072682167536760600e+00 4.999998954933653622e-02 9.999997766230490637e-01
1.305442596054960859e+03 9.944149943777467193e-01 4.999998970778946061e-02 9.999997803957377807e-01
1.305453482274420594e+03 9.817444689699135196e-01 4.999998986178134236e-02 9.999997840622111278e-01
1.305464368584661543e+03 1.069775491615547303e+00 4.999999001148561911e-02 9.999997876265986907e-01
1.305475254985684387e+03 1.023687025022620212e+00 4.999999015706724920e-02 9.999997910928281053e-01
1.305486141477490264e+03 9.792864335019093591e-01 4.999999029868321121e-02 9.999997944646367154e-01
1.305497028060079401e+03 9.869750844362428222e-01 4.999999043648295505e-02 9.999997977455830078e-01
1.305507914733453390e+03 9.580977090100821769e-01 4.999999057060883212e-02 9.999998009390564935e-01
1.305518801497612003e+03 9.808356894376049073e-01 4.999999070119651862e-02 9.999998040482870332e-01
1.305529688352556832e+03 1.052201651895328105e+00 4.999999082837535552e-02 9.999998070763546076e-01
1.305540575298287877e+03 1.036204479621540164e+00 4.999999095226872331e-02 9.999998100261967560e-01
1.305551462334806729e+03 9.990660685939029007e-01 4.999999107299438195e-02 9.999998129006172354e-01
1.305562349462113389e+03 9.649049990501639140e-01 4.999999119066476927e-02 9.999998157022931267e-01
1.305573236680208765e+03 1.036141712943013715e+00 4.999999130538725772e-02 9.999998184337808294e-01
1.305584123989093996e+03 1.036792002038983362e+00 4.999999141726448743e-02 9.999998210975243884e-01
1.305595011388769763e+03 1.067654546556437101e+00 4.999999152639454658e-02 9.999998236958592690e-01
1.305605898879236520e+03 1.014232380077614071e+00 4.999999163287128373e-02 9.999998262310196839e-01
1.305616786460495177e+03 1.069969391071435405e+00 4.999999173678449510e-02 9.999998287051438117e-01
1.305627674132546417e+03 1.018857856384887794e+00 4.999999183822008419e-02 9.999998311202770163e-01
1.305638561895391149e+03 1.024643185705718329e+00 4.999999193726038099e-02 9.999998334783792853e-01
1.305649449749030055e+03 9.816535526329964734e-01 4.999999203398422520e-02 9.999998357813277838e-01
1.305660337693464044e+03 9.623108760426178909e-01 4.999999212846714669e-02 9.999998380309211843e-01
1.305671225728693116e+03 8.938129655625866032e-01 4.999999222078157363e-02 9.999998402288838850e-01
1.305682113854719319e+03 9.670238920155195261e-01 4.999999231099697822e-02 9.999998423768696743e-01
1.305693002071542423e+03 1.001995587132773258e+00 4.999999239918000160e-02 9.999998444764655048e-01
1.305703890379163340e+03 9.008379492112392750e-01 4.999999248539460650e-02 9.999998465291941585e-01
1.305714778777583206e+03 1.083109666800605941e+00 4.999999256970220213e-02 9.999998485365179102e-01
1.305725667266802475e+03 1.017543526888909922e+00 4.999999265216176214e-02 9.999998504998407478e-01
1.305736555846822057e+03 1.003277903965339224e+00 4.999999273282995649e-02 9.999998524205120365e-01
1.305747444517642407e+03 1.036559098575133397e+00 4.999999281176122079e-02 9.999998542998278506e-01
1.305758333279264662e+03 1.017694754663447831e+00 4.999999288900794370e-02 9.999998561390356366e-01
1.305769222131689276e+03 1.059274397109394528e+00 4.999999296462043913e-02 9.999998579393331033e-01
1.305780111074917386e+03 9.372397038536036673e-01 4.999999303864715444e-02 9.999998597018739943e-01
1.305791000108949220e+03 9.550064043490570365e-01 4.999999311113471206e-02 9.999998614277680886e-01
1.305801889233786142e+03 1.012188291657885486e+00 4.999999318212797889e-02 9.999998631180840869e-01
1.305812778449428151e+03 1.100696169242035838e+00 4.999999325167013564e-02 9.999998647738497226e-01
1.305823667755876613e+03 9.740625277633311319e-01 4.999999331980282263e-02 9.999998663960563139e-01
1.305834557153132437e+03 1.019730919181631057e+00 4.999999331331219515e-02 9.999998662415178208e-01
1.305845446641195849e+03 1.034642003292364887e+00 4.999999271639594262e-02 9.999998520292259219e-01
1.305856336220067760e+03 1.059536647919615771e+00 4.999998817485672153e-02 9.999997438973384778e-01
1.305867225889749079e+03 9.804858855074026769e-01 4.999995998492275107e-02 9.999990727083852837e-01
1.305878115650240261e+03 9.606640137391730949e-01 4.999980714560608303e-02 9.999954336755146889e-01
1.305889005501542670e+03 9.284328627128735079e-01 4.999907714851073437e-02 9.999780527557963206e-01
1.305899895443656305e+03 1.095064133941967777e+00 4.999600169217807699e-02 9.999048269204283690e-01
1.305910785476582078e+03 1.023320321707795966e+00 4.998457026126749275e-02 9.996326399248911532e-01
1.305921675600321578e+03 8.834301924799150552e-01 4.994708101267263806e-02 9.987399224283594057e-01
1.305932565814874579e+03 1.049332862271659339e+00 4.983861508746917357e-02 9.961563418890339028e-01
1.305943456120241990e+03 9.255728835499547058e-01 4.956182359236299684e-02 9.895584548492557531e-01
1.305954346516425176e+03 9.583591463367159280e-01 4.893916594438237067e-02 9.746897113623840259e-01
1.305965237003424136e+03 9.208634615190879336e-01 4.770566612943301366e-02 9.451204729799014270e-01
1.305976127581240462e+03 9.501076410343596290e-01 4.555760254167805917e-02 8.932272297228791569e-01
1.305987018249874154e+03 7.625460118826105083e-01 4.227940358069490201e-02 8.128574156061543210e-01
1.305997909009326122e+03 6.246591107621484174e-01 3.791921743666533395e-02 7.030095704463541484e-01
1.306008799859597502e+03 -9.423769368400655746e+09 4.582575694497582912e+08 -9.999999999000000000e+09
