1.300878400450068511e+03 1.000450155626973814e+00 9.999998817189352171e-03 -9.999999999000000000e+09
1.300889248608233856e+03 1.000320333429003172e+00 9.999998817189352171e-03 -9.999999999000000000e+09
1.300900096856862774e+03 1.007117637972549051e+00 9.999998817189352171e-03 -9.999999999000000000e+09
1.300910945195956629e+03 1.004456295004084065e+00 9.999998817189352171e-03 -9.999999999000000000e+09
1.300921793625515875e+03 9.875720496518448632e-01 9.999998817189352171e-03 -9.999999999000000000e+09
1.300932642145541195e+03 9.998495554579012179e-01 9.999998817189352171e-03 -9.999999999000000000e+09
1.300943490756033498e+03 9.952691020648909426e-01 9.999998817189352171e-03 -9.999999999000000000e+09
1.300954339456993694e+03 9.975855657144048205e-01 9.999998817189352171e-03 -9.999999999000000000e+09
1.300965188248421782e+03 9.916226526838475275e-01 9.999998817189352171e-03 -9.999999999000000000e+09
1.300976037130319355e+03 1.006687256342912118e+00 9.999998817189352171e-03 -9.999999999000000000e+09
1.300986886102687095e+03 1.000896296407525865e+00 9.999998817189352171e-03 -9.999999999000000000e+09
1.300997735165525228e+03 9.985541396967487771e-01 9.999998817189352171e-03 -9.999999999000000000e+09
1.301008584318834892e+03 1.001813583733568658e+00 9.999998817189352171e-03 1.000336784600480033e+00
1.301019433562616541e+03 1.001509785517210149e+00 9.999998817189352171e-03 1.000330604077302343e+00
1.301030282896871540e+03 9.858535166554827089e-01 9.999998817189352171e-03 1.000324463634435945e+00
1.301041132321600116e+03 1.015534949606965442e+00 9.999998817189352171e-03 1.000318363264261823e+00
1.301051981836803179e+03 9.888361322445807788e-01 9.999998817189352171e-03 1.000312302958740851e+00
1.301062831442481183e+03 9.897134583488264026e-01 9.999998817189352171e-03 1.000306282709389594e+00
1.301073681138635266e+03 1.000018144129447561e+00 9.999998817189352171e-03 1.000300302507252770e+00
1.301084530925266336e+03 9.859504810811120512e-01 9.999998817189352171e-03 1.000294362342876830e+00
1.301095380802374621e+03 9.845581859314387341e-01 9.999998817189352171e-03 1.000288462206276652e+00
1.301106230769961257e+03 1.013851736684943772e+00 9.999998817189352171e-03 1.000282602086905559e+00
1.301117080828026928e+03 9.983234771739482039e-01 9.999998817189352171e-03 1.000276781973619578e+00
1.301127930976572088e+03 9.998894277594955193e-01 9.999998817189352171e-03 1.000271001854639019e+00
1.301138781215598101e+03 1.016097791699732245e+00 9.999998817189352171e-03 1.000265261717509624e+00
1.301149631545105194e+03 1.000103978105099545e+00 9.999998817189352171e-03 1.000259561549058374e+00
1.301160481965094277e+03 9.935925076702677439e-01 9.999998817189352171e-03 1.000253901335347306e+00
1.301171332475566032e+03 1.001366372475602784e+00 9.999998817189352171e-03 1.000248281061623334e+00
1.301182183076521369e+03 9.951065649067133423e-01 9.999998817189352171e-03 1.000242700712263622e+00
1.301193033767961197e+03 1.004451690579446943e+00 9.999998817189352171e-03 1.000237160270718961e+00
1.301203884549885970e+03 1.007933794870018662e+00 9.999998817189352171e-03 1.000231659719449162e+00
1.301214735422296144e+03 1.008609748620806990e+00 9.999998817189352171e-03 1.000226199039856434e+00
1.301225586385193310e+03 1.008268700210911639e+00 9.999998817189352171e-03 1.000220778212211892e+00
1.301236437438577468e+03 1.011309230661234126e+00 9.999998817189352171e-03 1.000215397215574731e+00
1.301247288582449755e+03 1.005167395080066806e+00 9.999998817189352171e-03 1.000210056027709626e+00
1.301258139816810854e+03 1.000362235669330913e+00 9.999998817189352171e-03 1.000204754624990144e+00
1.301268991141661672e+03 1.003215816596258136e+00 9.999998817189352171e-03 1.000199492982299709e+00
1.301279842557002894e+03 9.959627741814230939e-01 9.999998817189352171e-03 1.000194271072921470e+00
1.301290694062834746e+03 9.966517651488547846e-01 9.999998817189352171e-03 1.000189088868419507e+00
1.301301545659158592e+03 1.005253119983513521e+00 9.999998817189352171e-03 1.000183946338507823e+00
1.301312397345975114e+03 1.013861994517379905e+00 9.999998817189352171e-03 1.000178843450911126e+00
1.301323249123284995e+03 1.014822169119937278e+00 9.999998817189352171e-03 1.000173780171208948e+00
1.301334100991088690e+03 1.008928818123173032e+00 9.999998817189352171e-03 1.000168756462668895e+00
1.301344952949387334e+03 9.992201304003994755e-01 9.999998817189352171e-03 1.000163772286062125e+00
1.301355804998181839e+03 9.983652176981234749e-01 9.999998817189352171e-03 1.000158827599463285e+00
1.301366657137472430e+03 1.001249564719463470e+00 9.999998817189352171e-03 1.000153922358029135e+00
1.301377509367260018e+03 1.003419681325295798e+00 9.999998817189352171e-03 1.000149056513758294e+00
1.301388361687545739e+03 9.861024864816443358e-01 9.999998817189352171e-03 1.000144230015225899e+00
1.301399214098330049e+03 9.908562893658108273e-01 9.999998817189352171e-03 1.000139442807292722e+00
1.301410066599613401e+03 1.011555015551392156e+00 9.999998817189352171e-03 1.000134694830783433e+00
1.301420919191397161e+03 1.015844553519380300e+00 9.999998817189352171e-03 1.000129986022134432e+00
1.301431771873681782e+03 9.972804273173974110e-01 9.999998817189352171e-03 1.000125316313003054e+00
1.301442624646467721e+03 9.917761417969656046e-01 9.999998817189352171e-03 1.000120685629836803e+00
1.301453477509756567e+03 9.961511502330799850e-01 9.999998817189352171e-03 1.000116093893395286e+00
1.301464330463548322e+03 9.905461190179799535e-01 9.999998817189352171e-03 1.000111541018221750e+00
1.301475183507843894e+03 9.913146379956458976e-01 9.999998817189352171e-03 1.000107026912055774e+00
1.301486036642643967e+03 1.006212000631178105e+00 9.999998817189352171e-03 1.000102551475178903e+00
1.301496889867949676e+03 1.015139824806592150e+00 9.999998817189352171e-03 1.000098114599686783e+00
1.301507743183761477e+03 1.005891375234253315e+00 9.999998817189352171e-03 1.000093716168679148e+00
1.301518596590080278e+03 9.931303186132173222e-01 9.999998817189352171e-03 1.000089356055347878e+00
1.301529450086906763e+03 9.957341384407710771e-01 9.999998817189352171e-03 1.000085034121963812e+00
1.301540303674241613e+03 1.006216077069565396e+00 9.999998817189352171e-03 1.000080750218734993e+00
1.301551157352085283e+03 1.005241189771536536e+00 9.999998817189352171e-03 1.000076504182522807e+00
1.301562011120439365e+03 9.908194916645171046e-01 9.999998817189352171e-03 1.000072295835399139e+00
1.301572864979303858e+03 9.870970527634027603e-01 9.999998817189352171e-03 1.000068124983016338e+00
1.301583718928679900e+03 1.017357868541952204e+00 9.999998817189352171e-03 1.000063991412760922e+00
1.301594572968568173e+03 9.818528145478313540e-01 9.999998817189352171e-03 1.000059894891664580e+00
1.301605427098969358e+03 1.005173913182871637e+00 9.999998817189352171e-03 1.000055835164028739e+00
1.301616281319884365e+03 1.008530261309545040e+00 9.999998817189352171e-03 1.000051811948715619e+00
1.301627135631313649e+03 9.979691601332505435e-01 9.999998817189352171e-03 1.000047824936061147e+00
1.301637990033258120e+03 9.968543192235138628e-01 9.999998817189352171e-03 1.000043873784336457e+00
1.301648844525718687e+03 1.009700416006442447e+00 9.999998817189352171e-03 1.000039958115685135e+00
1.301659699108696032e+03 1.010053284302518506e+00 9.999998817189352171e-03 1.000036077511449628e+00
1.301670553782190837e+03 9.834688436078682372e-01 9.999998817189352171e-03 1.000032231506774227e+00
1.301681408546203784e+03 9.926030081208102596e-01 9.999998817189352171e-03 1.000028419584351624e+00
1.301692263400735555e+03 9.834177730027020559e-01 9.999998817189352171e-03 1.000024641167164940e+00
1.301703118345787288e+03 9.905653722618109613e-01 9.999998817189352171e-03 1.000020895610018945e+00
1.301713973381359665e+03 9.953658115192370870e-01 9.999998817189352171e-03 1.000017182189641529e+00
1.301724828507453140e+03 1.011446042161464387e+00 9.999998817189352171e-03 1.000013500093057672e+00
1.301735683724068622e+03 1.006494411281906309e+00 9.999998817189352171e-03 1.000009848403893509e+00
1.301746539031206567e+03 9.924821878907312822e-01 9.999998817189352171e-03 1.000006226086164629e+00
1.301757394428868565e+03 9.906139743358624017e-01 9.999998817189352171e-03 1.000002631965021260e+00
1.301768249917054618e+03 9.995887266535824489e-01 9.999998817189352171e-03 9.999990647037593217e-01
1.301779105495765634e+03 1.001569800619218187e+00 9.999998817189352171e-03 9.999955227762618026e-01
1.301789961165002524e+03 1.004570445891634689e+00 9.999998817189352171e-03 9.999920044337849978e-01
1.301800816924765741e+03 1.017749243193761144e+00 9.999998817189352171e-03 9.999885076647290205e-01
1.301811672775056422e+03 9.808626207247173046e-01 9.999998817189352171e-03 9.999850301456350010e-01
1.301822528715875251e+03 1.016112343588941203e+00 9.999998817189352171e-03 9.999815691811486662e-01
1.301833384747222681e+03 1.005432435940606606e+00 9.999998817189352171e-03 9.999781216300023257e-01
1.301844240869099622e+03 1.010155914572910207e+00 9.999998817189352171e-03 9.999746838131576832e-01
1.301855097081506983e+03 9.917057337503490944e-01 9.999998817189352171e-03 9.999712513989933438e-01
1.301865953384445447e+03 1.009493471268386955e+00 9.999998817189352171e-03 9.999678192587164727e-01
1.301876809777915469e+03 9.918527424326318842e-01 9.999998817189352171e-03 9.999643812827823108e-01
1.301887666261918412e+03 9.976758800140679284e-01 9.999998817189352171e-03 9.999609301457705879e-01
1.301898522836454731e+03 9.796126037895506178e-01 9.999998817189352171e-03 9.999574570023865849e-01
1.301909379501525109e+03 9.801364398395145949e-01 9.999998817189352171e-03 9.999539510903791006e-01
1.301920236257130000e+03 9.792808230012092219e-01 9.999998817189352171e-03 9.999503992060979618e-01
1.301931093103270541e+03 1.010312310308149497e+00 9.999998817189352171e-03 9.999467850034002847e-01
1.301941950039947642e+03 9.996249714507160489e-01 9.999998817189352171e-03 9.999430880439001967e-01
1.301952807067161984e+03 9.908000031891422976e-01 9.999998817189352171e-03 9.999392824914512534e-01
1.301963664184914023e+03 1.003486563250993502e+00 9.999998817189352171e-03 9.999353352883272317e-01
1.301974521393204668e+03 9.865601304713533803e-01 9.999998817189352171e-03 9.999312035609767557e-01
1.301985378692034601e+03 1.011383096322969743e+00 9.999998817189352171e-03 9.999268308543822759e-01
1.301996236081404732e+03 1.005165752966324044e+00 9.999998817189352171e-03 9.999221415391386092e-01
1.302007093561315742e+03 9.829861308057824543e-01 9.999998817189352171e-03 9.999170322831705260e-01
1.302017951131768314e+03 9.967517932037606165e-01 9.999998817189352171e-03 9.999113586444463575e-01
1.302028808792763357e+03 9.878579091741171991e-01 9.999998817189352171e-03 9.999049132206510038e-01
1.302039666544301326e+03 1.011486094601845798e+00 9.999998817189352171e-03 9.998973884592180505e-01
1.302050524386383586e+03 1.005830069292015017e+00 9.999998817189352171e-03 9.998883098430393357e-01
1.302061382319010363e+03 9.854170201766069281e-01 9.999998817189352171e-03 9.998769058438906621e-01
1.302072240342182340e+03 1.018656335861782836e+00 9.999998817189352171e-03 9.998617302405914398e-01
1.302083098455900881e+03 1.000143257195991175e+00 9.999998817189352171e-03 9.998361334401059120e-01
1.302093956660166214e+03 1.005889969746189827e+00 9.999998817189352171e-03 9.997150096599598523e-01
1.302104814954979020e+03 1.017254877442215877e+00 9.999998817189352171e-03 9.985995541731865766e-01
1.302115673340340436e+03 9.888257169752546760e-01 9.999998817189352171e-03 9.905695048679561410e-01
1.302126531816250917e+03 9.499203190166330968e-01 9.999998817189352171e-03 9.533718306952481125e-01
1.302137390382711374e+03 8.451225372918619305e-01 9.999998817189352171e-03 8.464175785000918051e-01
1.302148249039722714e+03 6.637505987269834984e-01 9.999998817189352171e-03 6.597296992715320219e-01
1.302159107787285166e+03 4.768417774749077465e-01 9.999998817189352171e-03 4.730563228251226104e-01
1.302169966625399866e+03 3.776184589407531322e-01 9.999998817189352171e-03 3.906196178359292448e-01
1.302180825554067951e+03 4.331735354985618014e-01 9.999998817189352171e-03 4.311516591297251955e-01
1.302191684573289422e+03 5.899299954129390011e-01 9.999998817189352171e-03 5.732005102679655906e-01
1.302202543683065414e+03 7.243704563769798321e-01 9.999998817189352171e-03 7.371821330987760046e-01
1.302213402883396611e+03 8.706379870211560235e-01 9.999998817189352171e-03 8.747350348054698799e-01
1.302224262174283695e+03 9.689052429500536467e-01 9.999998817189352171e-03 9.683303930673983206e-01
1.302235121555727574e+03 1.004865506394811536e+00 9.999998817189352171e-03 9.964875075968040452e-01
1.302245981027729385e+03 9.910630897102761239e-01 9.999998817189352171e-03 9.996102204459583751e-01
1.302256840590288675e+03 9.982390637158892188e-01 9.999998817189352171e-03 9.997895623254832165e-01
1.302267700243407489e+03 1.010300621253680697e+00 9.999998817189352171e-03 9.998167575040272093e-01
1.302278559987085828e+03 1.005745213189521037e+00 9.999998817189352171e-03 9.998317247769428207e-01
1.302289419821325055e+03 9.923251560432335694e-01 9.999998817189352171e-03 9.998415582122582856e-01
1.302300279746125170e+03 1.006376968831743213e+00 9.999998817189352171e-03 9.998482958700118939e-01
1.302311139761487311e+03 1.006499711184844825e+00 9.999998817189352171e-03 9.998530278199840859e-01
1.302321999867412615e+03 1.002140413876803748e+00 9.999998817189352171e-03 9.998563990960098735e-01
1.302332860063900853e+03 9.947776902351035400e-01 9.999998817189352171e-03 9.998588149778473433e-01
1.302343720350953845e+03 1.016378048016413072e+00 9.999998817189352171e-03 9.998605420430776158e-01
1.302354580728571818e+03 1.012964750059353713e+00 9.999998817189352171e-03 9.998617621791758836e-01
1.302365441196755455e+03 9.905964195191543364e-01 9.999998817189352171e-03 9.998626032887131254e-01
1.302376301755505665e+03 9.998714775907392438e-01 9.999998817189352171e-03 9.998631576229575213e-01
1.302387162404823357e+03 9.952921060913916262e-01 9.999998817189352171e-03 9.998634931787906410e-01
1.302398023144708759e+03 9.829809133764713103e-01 9.999998817189352171e-03 9.998636610274699299e-01
1.302408883975163462e+03 1.003809230103328343e+00 9.999998817189352171e-03 9.998637001657557644e-01
1.302419744896187694e+03 9.919651992881342029e-01 9.999998817189352171e-03 9.998636408085962435e-01
1.302430605907781910e+03 9.769932015698660210e-01 9.999998817189352171e-03 9.998635066737395771e-01
1.302441467009947473e+03 9.883381836558520206e-01 9.999998817189352171e-03 9.998633165980702620e-01
1.302452328202684612e+03 9.896925085381879095e-01 9.999998817189352171e-03 9.998630857012065221e-01
1.302463189485994462e+03 1.003742756052192986e+00 9.999998817189352171e-03 9.998628262363652430e-01
1.302474050859877707e+03 9.918560096754504007e-01 9.999998817189352171e-03 9.998625482214027471e-01
1.302484912324335255e+03 9.820886903712251481e-01 9.999998817189352171e-03 9.998622599128811350e-01
1.302495773879367334e+03 1.003164860277397930e+00 9.999998817189352171e-03 9.998619681664158154e-01
1.302506635524975081e+03 1.015871790868775548e+00 9.999998817189352171e-03 9.998616787135568007e-01
1.302517497261159633e+03 9.823774030537878454e-01 9.999998817189352171e-03 9.998613963766533885e-01
1.302528359087920762e+03 9.863594109385557251e-01 9.999998817189352171e-03 9.998611252371452096e-01
1.302539221005260060e+03 1.014693247559841360e+00 9.999998817189352171e-03 9.998608687684897856e-01
1.302550083013177755e+03 1.003419315661834510e+00 9.999998817189352171e-03 9.998606299420028654e-01
1.302560945111675210e+03 9.950403374298617543e-01 9.999998817189352171e-03 9.998604113117540715e-01
1.302571807300752425e+03 1.008556230149400212e+00 9.999998817189352171e-03 9.998602150831363833e-01
1.302582669580410766e+03 9.955310406972822657e-01 9.999998817189352171e-03 9.998600431686088807e-01
1.302593531950650913e+03 9.949612534776464123e-01 9.999998817189352171e-03 9.998598972332901624e-01
1.302604394411473550e+03 9.995960860177675045e-01 9.999998817189352171e-03 9.998597787324644548e-01
1.302615256962878675e+03 9.874979289432893603e-01 9.999998817189352171e-03 9.998596889426050183e-01
1.302626119604868563e+03 1.010654810137754156e+00 9.999998817189352171e-03 9.998596289871610754e-01
1.302636982337442760e+03 9.949117317288123097e-01 9.999998817189352171e-03 9.998595998581034650e-01
1.302647845160602401e+03 1.000942110494906334e+00 9.999998817189352171e-03 9.998596024340038468e-01
1.302658708074348169e+03 1.021071660894305122e+00 9.999998817189352171e-03 9.998596374952748445e-01
1.302669571078680974e+03 1.015558088605033049e+00 9.999998817189352171e-03 9.998597057370682828e-01
1.302680434173601270e+03 9.949518634202488832e-01 9.999998817189352171e-03 9.998598077802348660e-01
1.302691297359110422e+03 1.002963255375784568e+00 9.999998817189352171e-03 9.998599441806726995e-01
1.302702160635208656e+03 1.012894610609383461e+00 9.999998817189352171e-03 9.998601154373290001e-01
1.302713024001896656e+03 9.992455619708695558e-01 9.999998817189352171e-03 9.998603219990742641e-01
1.302723887459175330e+03 9.996882522511955083e-01 9.999998817189352171e-03 9.998605642706234198e-01
1.302734751007045816e+03 9.872092033671600042e-01 9.999998817189352171e-03 9.998608426176568420e-01
1.302745614645508567e+03 1.004902762960876217e+00 9.999998817189352171e-03 9.998611573712601341e-01
1.302756478374564040e+03 1.022486040845896893e+00 9.999998817189352171e-03 9.998615088317830413e-01
1.302767342194213370e+03 9.885914078266806460e-01 9.999998817189352171e-03 9.998618972722062015e-01
1.302778206104457013e+03 9.836868176932798136e-01 9.999998817189352171e-03 9.998623229410832369e-01
1.302789070105296105e+03 1.003919287120475401e+00 9.999998817189352171e-03 9.998627860651210231e-01
1.302799934196731328e+03 9.987547611400365843e-01 9.999998817189352171e-03 9.998632868514440997e-01
1.302810798378763138e+03 1.005251921300795992e+00 9.999998817189352171e-03 9.998638254895929611e-01
1.302821662651392671e+03 1.006809940542882309e+00 9.999998817189352171e-03 9.998644021532839821e-01
1.302832527014620155e+03 9.930029491715920420e-01 9.999998817189352171e-03 9.998650170019693917e-01
1.302843391468447180e+03 1.013026095581377906e+00 9.999998817189352171e-03 9.998656701822170589e-01
1.302854256012873520e+03 9.824418486048466237e-01 9.999998817189352171e-03 9.998663618289411747e-01
1.302865120647900540e+03 9.917801887078089296e-01 9.999998817189352171e-03 9.998670920664920470e-01
1.302875985373528920e+03 1.003169290369936295e+00 9.999998817189352171e-03 9.998678610096314312e-01
1.302886850189759343e+03 1.003125615089631273e+00 9.999998817189352171e-03 9.998686687644031679e-01
1.302897715096592492e+03 1.010338637991034183e+00 9.999998817189352171e-03 9.998695154289114484e-01
1.302908580094029276e+03 1.017561014099617855e+00 9.999998817189352171e-03 9.998704010940203668e-01
1.302919445182070376e+03 1.008081424939679893e+00 9.999998817189352171e-03 9.998713258439790863e-01
1.302930310360716703e+03 1.005747864948263626e+00 9.999998817189352171e-03 9.998722897569889412e-01
1.302941175629968939e+03 1.003731386814852300e+00 9.999998817189352171e-03 9.998732929057073671e-01
1.302952040989827537e+03 1.013651815349210894e+00 9.999998817189352171e-03 9.998743353577095316e-01
1.302962906440293409e+03 9.825533871777409889e-01 9.999998817189352171e-03 9.998754171759006715e-01
1.302973771981367463e+03 9.970859137263555771e-01 9.999998817189352171e-03 9.998765384188917915e-01
1.302984637613050609e+03 9.974953092995650916e-01 9.999998817189352171e-03 9.998776991413365067e-01
1.302995503335343074e+03 9.925645730516937659e-01 9.999998817189352171e-03 9.998788993942413494e-01
1.303006369148245994e+03 1.003499704259764647e+00 9.999998817189352171e-03 9.998801392252433251e-01
1.303017235051760053e+03 1.017317721870163894e+00 9.999998817189352171e-03 9.998814186788642644e-01
1.303028101045886160e+03 9.937413104512723416e-01 9.999998817189352171e-03 9.998827377967416385e-01
1.303038967130624542e+03 9.917599642560810391e-01 9.999998817189352171e-03 9.998840966178393908e-01
1.303049833305976790e+03 1.019049330205001436e+00 9.999998817189352171e-03 9.998854951786391165e-01
1.303060699571942678e+03 1.011770368302695067e+00 9.999998817189352171e-03 9.998869335133159231e-01
1.303071565928523569e+03 9.883375311783423323e-01 9.999998817189352171e-03 9.998884116538974132e-01
1.303082432375720373e+03 9.854935236731899861e-01 9.999998817189352171e-03 9.998899296304104567e-01
1.303093298913533545e+03 1.006988120271552267e+00 9.999998817189352171e-03 9.998914874710145284e-01
1.303104165541963994e+03 1.010531966029165618e+00 9.999998817189352171e-03 9.998930852021242766e-01
1.303115032261012175e+03 9.965821472649869506e-01 9.999998817189352171e-03 9.998947228485206562e-01
1.303125899070678997e+03 1.016180804830602247e+00 9.999998817189352171e-03 9.998964004334544020e-01
1.303136765970965371e+03 9.986536839595386850e-01 9.999998817189352171e-03 9.998981179787396201e-01
1.303147632961871750e+03 1.006009371092339899e+00 9.999998817189352171e-03 9.998998755048391640e-01
1.303158500043399272e+03 1.002427414557909069e+00 9.999998817189352171e-03 9.999016730309439049e-01
1.303169367215548391e+03 9.922187334646295209e-01 9.999998817189352171e-03 9.999035105750451180e-01
1.303180234478320017e+03 1.014612764953684465e+00 9.999998817189352171e-03 9.999053881540002076e-01
1.303191101831715059e+03 1.006300751351492773e+00 9.999998817189352171e-03 9.999073057835923262e-01
1.303201969275733745e+03 1.001097496994417746e+00 9.999998817189352171e-03 9.999092634785862188e-01
1.303212836810377212e+03 1.016322874791693698e+00 9.999998817189352171e-03 9.999112612527788491e-01
1.303223704435646368e+03 9.938342233407092552e-01 9.999998817189352171e-03 9.999132991190435860e-01
1.303234572151541897e+03 9.984862140515283757e-01 9.999998817189352171e-03 9.999153770893736137e-01
1.303245439958064026e+03 9.821630321895321591e-01 9.999998817189352171e-03 9.999174951749181250e-01
1.303256307855213890e+03 1.003879807967974935e+00 9.999998817189352171e-03 9.999196533860159608e-01
1.303267175842992629e+03 9.980708142769476598e-01 9.999998817189352171e-03 9.999218517322280286e-01
1.303278043921400240e+03 1.008405248317400416e+00 9.999998817189352171e-03 9.999240902223617278e-01
1.303288912090438089e+03 9.871517083610854559e-01 9.999998817189352171e-03 9.999263688644963732e-01
1.303299780350106857e+03 9.954146029259726136e-01 9.999998817189352171e-03 9.999286876660036238e-01
1.303310648700406773e+03 9.833825510814503401e-01 9.999998817189352171e-03 9.999310466335659120e-01
1.303321517141339200e+03 9.943761564376973894e-01 9.999998817189352171e-03 9.999334457731906545e-01
1.303332385672904593e+03 9.996242379296467195e-01 9.999998817189352171e-03 9.999358850902236862e-01
1.303343254295103861e+03 9.881562545876204640e-01 9.999998817189352171e-03 9.999383645893578088e-01
1.303354123007937915e+03 9.969012064537590145e-01 9.999998817189352171e-03 9.999408842746421167e-01
1.303364991811406753e+03 1.007577505407123875e+00 9.999998817189352171e-03 9.999434441494832182e-01
1.303375860705511968e+03 1.002709819980891037e+00 9.999998817189352171e-03 9.999460442166505647e-01
1.303386729690254015e+03 9.913040026613911815e-01 9.999998817189352171e-03 9.999486844782724537e-01
1.303397598765633575e+03 1.002446425184965184e+00 9.999998817189352171e-03 9.999513649358352518e-01
1.303408467931651558e+03 9.858105720662511118e-01 9.999998817189352171e-03 9.999540855901761782e-01
1.303419337188308646e+03 1.015509361785462028e+00 9.999998817189352171e-03 9.999568464414736457e-01
1.303430206535605294e+03 1.006828338896861297e+00 9.999998817189352171e-03 9.999596474892362696e-01
1.303441075973542866e+03 1.020815339092306928e+00 9.999998817189352171e-03 9.999624887322873246e-01
1.303451945502121589e+03 9.884254391197588863e-01 9.999998817189352171e-03 9.999653701687479801e-01
1.303462815121342373e+03 1.015031007230716265e+00 9.999998817189352171e-03 9.999682917960137640e-01
1.303473684831206356e+03 9.979087172065884692e-01 9.999998817189352171e-03 9.999712536107316918e-01
1.303484554631713763e+03 1.006911148078165175e+00 9.999998817189352171e-03 9.999742556087689582e-01
1.303495424522865505e+03 1.008978776086799645e+00 9.999998817189352171e-03 9.999772977851829614e-01
1.303506294504662264e+03 9.861882304885257744e-01 9.999998817189352171e-03 9.999803801341823339e-01
1.303517164577105177e+03 9.944328349213736873e-01 9.999998817189352171e-03 9.999835026490849765e-01
1.303528034740194698e+03 1.003536532538024106e+00 9.999998817189352171e-03 9.999866653222712065e-01
1.303538904993931510e+03 9.894171603392786229e-01 9.999998817189352171e-03 9.999898681451317994e-01
1.303549775338316522e+03 9.947779852811678980e-01 9.999998817189352171e-03 9.999931111080087032e-01
1.303560645773350416e+03 9.965229356808403827e-01 9.999998817189352171e-03 9.999963942001292017e-01
1.303571516299033874e+03 9.932176588327613631e-01 9.999998817189352171e-03 9.999997174095340835e-01
1.303582386915367806e+03 9.897437189554574299e-01 9.999998817189352171e-03 1.000003080722995819e+00
1.303593257622353121e+03 9.960588753163428510e-01 9.999998817189352171e-03 1.000006484125930406e+00
1.303604128419990275e+03 1.003999638223532331e+00 9.999998817189352171e-03 1.000009927602295789e+00
1.303614999308279948e+03 9.989224001786450868e-01 9.999998817189352171e-03 1.000013411134482944e+00
1.303625870287223279e+03 1.023555691063392503e+00 9.999998817189352171e-03 1.000016934703192195e+00
1.303636741356820949e+03 1.009598673843328465e+00 9.999998817189352171e-03 1.000020498287297555e+00
1.303647612517073185e+03 1.002357616269111018e+00 9.999998817189352171e-03 1.000024101863693726e+00
1.303658483767981352e+03 1.009637183030561491e+00 9.999998817189352171e-03 1.000027745407130020e+00
1.303669355109546132e+03 9.924639263682233370e-01 9.999998817189352171e-03 1.000031428890019614e+00
1.303680226541767979e+03 9.910266795624735892e-01 9.999998817189352171e-03 1.000035152282232165e+00
1.303691098064648031e+03 1.009252494436043257e+00 9.999998817189352171e-03 1.000038915550860663e+00
1.303701969678186515e+03 9.935671903197670352e-01 9.999998817189352171e-03 1.000042718659959862e+00
1.303712841382384795e+03 1.006351352052011761e+00 9.999998817189352171e-03 1.000046561570253623e+00
1.303723713177242871e+03 9.914665552893657807e-01 9.999998817189352171e-03 1.000050444238810288e+00
1.303734585062762335e+03 1.003527456088197267e+00 9.999998817189352171e-03 1.000054366618673640e+00
1.303745457038943414e+03 1.010512745072274843e+00 9.999998817189352171e-03 1.000058328658451234e+00
1.303756329105787245e+03 1.011799665326319264e+00 9.999998817189352171e-03 1.000062330301850100e+00
1.303767201263294282e+03 9.897463288659620329e-01 9.999998817189352171e-03 1.000066371487153383e+00
1.303778073511465209e+03 1.015700646494147596e+00 9.999998817189352171e-03 1.000070452146625488e+00
1.303788945850300706e+03 1.016108851752907993e+00 9.999998817189352171e-03 1.000074572205845280e+00
1.303799818279802139e+03 1.001871114024883935e+00 9.999998817189352171e-03 1.000078731582940472e+00
1.303810690799969734e+03 1.001109438198769519e+00 9.999998817189352171e-03 1.000082930187722541e+00
1.303821563410804401e+03 9.902001523968112506e-01 9.999998817189352171e-03 1.000087167920699960e+00
1.303832436112306823e+03 9.962330167456079355e-01 9.999998817189352171e-03 1.000091444671945551e+00
1.303843308904477908e+03 1.003141987331448437e+00 9.999998817189352171e-03 1.000095760319803517e+00
1.303854181787318339e+03 9.780088719554881349e-01 9.999998817189352171e-03 1.000100114729400191e+00
1.303865054760828798e+03 1.005245618263117979e+00 9.999998817189352171e-03 1.000104507750929628e+00
1.303875927825009967e+03 1.004260872926316717e+00 9.999998817189352171e-03 1.000108939217669413e+00
1.303886800979862983e+03 9.876776216705138722e-01 9.999998817189352171e-03 1.000113408943684723e+00
1.303897674225388300e+03 9.991755167400725446e-01 9.999998817189352171e-03 1.000117916721150690e+00
1.303908547561586602e+03 1.002578066023717129e+00 9.999998817189352171e-03 1.000122462317236671e+00
1.303919420988458796e+03 1.005660773608922254e+00 9.999998817189352171e-03 1.000127045470448062e+00
1.303930294506005566e+03 1.001051114115639296e+00 9.999998817189352171e-03 1.000131665886333288e+00
1.303941168114228049e+03 9.780795852675009394e-01 9.999998817189352171e-03 1.000136323232414304e+00
1.303952041813126243e+03 1.002119877307320550e+00 9.999998817189352171e-03 1.000141017132180954e+00
1.303962915602701287e+03 1.000966073616148533e+00 9.999998817189352171e-03 1.000145747157945797e+00
1.303973789482954317e+03 9.891537292597499809e-01 9.999998817189352171e-03 1.000150512822303162e+00
1.303984663453885560e+03 1.001773283425816841e+00 9.999998817189352171e-03 1.000155313567871129e+00
1.303995537515496153e+03 1.007644515480756953e+00 9.999998817189352171e-03 1.000160148754912992e+00
1.304006411667786551e+03 1.000611477518172920e+00 9.999998817189352171e-03 1.000165017646315713e+00
1.304017285910757437e+03 1.010878708422354944e+00 9.999998817189352171e-03 1.000169919389261697e+00
1.304028160244409946e+03 1.004042711178368297e+00 9.999998817189352171e-03 1.000174852992731678e+00
1.304039034668744534e+03 9.784733244448241551e-01 9.999998817189352171e-03 1.000179817299713170e+00
1.304049909183761883e+03 9.968376533899893088e-01 9.999998817189352171e-03 1.000184810952640335e+00
1.304060783789463358e+03 1.002647178739538569e+00 9.999998817189352171e-03 1.000189832350101504e+00
1.304071658485849184e+03 9.950273868079748674e-01 9.999998817189352171e-03 1.000194879592193553e+00
1.304082533272919818e+03 1.001778175721463215e+00 9.999998817189352171e-03 1.000199950410962879e+00
1.304093408150676851e+03 1.003484833345393623e+00 9.999998817189352171e-03 1.000205042081089069e+00
1.304104283119120510e+03 9.977193164846251960e-01 9.999998817189352171e-03 1.000210151304068651e+00
1.304115158178251704e+03 9.837867263130671835e-01 9.999998817189352171e-03 1.000215274056486248e+00
1.304126033328070889e+03 1.009432724122115044e+00 9.999998817189352171e-03 1.000220405388963396e+00
1.304136908568579202e+03 9.946139399739214459e-01 9.999998817189352171e-03 1.000225539156442967e+00
1.304147783899777096e+03 9.938795511718704345e-01 9.999998817189352171e-03 1.000230667651436312e+00
1.304158659321665937e+03 9.960026010203386626e-01 9.999998817189352171e-03 1.000235781097809307e+00
1.304169534834245496e+03 9.997280019882588409e-01 9.999998817189352171e-03 1.000240866940443007e+00
1.304180410437517367e+03 1.007311144246344714e+00 9.999998817189352171e-03 1.000245908829896280e+00
1.304191286131481775e+03 1.008511294317900209e+00 9.999998817189352171e-03 1.000250885140720136e+00
1.304202161916140085e+03 9.906340642999357238e-01 9.999998817189352171e-03 1.000255766757803144e+00
1.304213037791492297e+03 1.004824399690345871e+00 9.999998817189352171e-03 1.000260513678882912e+00
1.304223913757539776e+03 9.834852937866360723e-01 9.999998817189352171e-03 1.000265069634581838e+00
1.304234789814282976e+03 9.844788227302367911e-01 9.999998817189352171e-03 1.000269353249358728e+00
1.304245665961722807e+03 1.011597630520208790e+00 9.999998817189352171e-03 1.000273242860433509e+00
1.304256542199859950e+03 1.007917635027735681e+00 9.999998817189352171e-03 1.000276548970053803e+00
1.304267418528695089e+03 9.994729512891163958e-01 9.999998817189352171e-03 1.000278960527094529e+00
1.304278294948229131e+03 9.947385905393071326e-01 9.999998817189352171e-03 1.000279921554014351e+00
1.304289171458462761e+03 1.006443437402362528e+00 9.999998817189352171e-03 1.000277798734795498e+00
1.304300048059396431e+03 1.004675276440208265e+00 9.999998817189352171e-03 1.000254325270017119e+00
1.304310924751031280e+03 9.903600368320544245e-01 9.999998817189352171e-03 9.999781022507578943e-01
1.304321801533368216e+03 9.663173290388632486e-01 9.999998817189352171e-03 9.975938064362563917e-01
1.304332678406407695e+03 9.914402762303182737e-01 9.999998817189352171e-03 9.846275167324973765e-01
1.304343555370150398e+03 9.275295223581561110e-01 9.999998817189352171e-03 9.421380528133382892e-01
1.304354432424597235e+03 8.691738388966777640e-01 9.999998817189352171e-03 8.624999871887402136e-01
1.304365309569749115e+03 7.986904057346688734e-01 9.999998817189352171e-03 7.902090479915768739e-01
1.304376186805606494e+03 7.803569192077508543e-01 9.999998817189352171e-03 7.863933004837813101e-01
1.304387064132170053e+03 8.280543434126378388e-01 9.999998817189352171e-03 8.291896511939880199e-01
1.304397941549441157e+03 8.696510790745591857e-01 9.999998817189352171e-03 8.752330231093005120e-01
1.304408819057419805e+03 9.370673677605408924e-01 9.999998817189352171e-03 9.360245131839013411e-01
1.304419696656107135e+03 1.001869493865901184e+00 9.999998817189352171e-03 9.848430592913171022e-01
1.304430574345504283e+03 9.944626283491601049e-01 9.999998817189352171e-03 9.989250796851723013e-01
1.304441452125611249e+03 1.010206235976275568e+00 9.999998817189352171e-03 1.000288546261871359e+00
1.304452329996428944e+03 9.941277867274784796e-01 9.999998817189352171e-03 1.000361709613259320e+00
1.304463207957958730e+03 9.883177384105518160e-01 9.999998817189352171e-03 1.000380884913826707e+00
1.304474086010200608e+03 9.900362336970527366e-01 9.999998817189352171e-03 1.000394814488742901e+00
1.304484964153155943e+03 1.002684313573519725e+00 9.999998817189352171e-03 1.000406373963204310e+00
1.304495842386825188e+03 1.014403033805016507e+00 9.999998817189352171e-03 1.000416558396385991e+00
1.304506720711209027e+03 1.011337919987822520e+00 9.999998817189352171e-03 1.000425884513826968e+00
1.304517599126308369e+03 1.012900378843378579e+00 9.999998817189352171e-03 1.000434648696492346e+00
1.304528477632123895e+03 1.003198638416191502e+00 9.999998817189352171e-03 1.000443032601286308e+00
1.304539356228656516e+03 1.014493664573121734e+00 9.999998817189352171e-03 1.000451153320610631e+00
1.304550234915906685e+03 1.004816556108950154e+00 9.999998817189352171e-03 1.000459089407174318e+00
1.304561113693875541e+03 1.015701537911452679e+00 9.999998817189352171e-03 1.000466895309519710e+00
1.304571992562563537e+03 9.901510507575466136e-01 9.999998817189352171e-03 1.000474609814312910e+00
1.304582871521971811e+03 1.017357164899722166e+00 9.999998817189352171e-03 1.000482261201886214e+00
1.304593750572100362e+03 1.006904678798510755e+00 9.999998817189352171e-03 1.000489870510637314e+00
1.304604629712950555e+03 9.809730890245230706e-01 9.999998817189352171e-03 1.000497453668676595e+00
1.304615508944523071e+03 1.000041497129642076e+00 9.999998817189352171e-03 1.000505022923350307e+00
1.304626388266818594e+03 1.000534116880563706e+00 9.999998817189352171e-03 1.000512587822478094e+00
1.304637267679838260e+03 9.983192768897560798e-01 9.999998817189352171e-03 1.000520155901873265e+00
1.304648147183582068e+03 9.891576769543534153e-01 9.999998817189352171e-03 1.000527733175958112e+00
1.304659026778051157e+03 9.928901711431488142e-01 9.999998817189352171e-03 1.000535324493665001e+00
1.304669906463246434e+03 9.923543562194113710e-01 9.999998817189352171e-03 1.000542933800467216e+00
1.304680786239168583e+03 1.001202639237566805e+00 9.999998817189352171e-03 1.000550564333910541e+00
1.304691666105818058e+03 1.001480163672552770e+00 9.999998817189352171e-03 1.000558218771323116e+00
1.304702546063196223e+03 9.950366300409249076e-01 9.999998817189352171e-03 1.000565899342660270e+00
1.304713426111303079e+03 1.007373725865275516e+00 9.999998817189352171e-03 1.000573607917617291e+00
1.304724306250139989e+03 1.018046269675713988e+00 9.999998817189352171e-03 1.000581346073514677e+00
1.304735186479707409e+03 1.002897068151327176e+00 9.999998817189352171e-03 1.000589115148674102e+00
1.304746066800006247e+03 9.955953330324731620e-01 9.999998817189352171e-03 1.000596916284736793e+00
1.304756947211036959e+03 1.005405394085555182e+00 9.999998817189352171e-03 1.000604750460466263e+00
1.304767827712800909e+03 9.870875403353042143e-01 9.999998817189352171e-03 1.000612618518948782e+00
1.304778708305298096e+03 9.837681958448372121e-01 9.999998817189352171e-03 1.000620521189626855e+00
1.304789588988529886e+03 9.965007912159655756e-01 9.999998817189352171e-03 1.000628459106257084e+00
1.304800469762496959e+03 1.020020997728201317e+00 9.999998817189352171e-03 1.000636432821639721e+00
1.304811350627199772e+03 9.999883188070036732e-01 9.999998817189352171e-03 1.000644442819762503e+00
1.304822231582639006e+03 9.974341693401413966e-01 9.999998817189352171e-03 1.000652489525865496e+00
1.304833112628815798e+03 9.906672700361145445e-01 9.999998817189352171e-03 1.000660573314830826e+00
1.304843993765730829e+03 9.977311982703632731e-01 9.999998817189352171e-03 1.000668694518200841e+00
1.304854874993384783e+03 1.014837415856601588e+00 9.999998817189352171e-03 1.000676853430080282e+00
1.304865756311778341e+03 1.006931331887436665e+00 9.999998817189352171e-03 1.000685050312122959e+00
1.304876637720912186e+03 9.972072237701268271e-01 9.999998817189352171e-03 1.000693285397754817e+00
1.304887519220787681e+03 1.001946661341310829e+00 9.999998817189352171e-03 1.000701558895771281e+00
1.304898400811404599e+03 1.003615380989502981e+00 9.999998817189352171e-03 1.000709870993410355e+00
1.304909282492764532e+03 9.868471079620140252e-01 9.999998817189352171e-03 1.000718221858985846e+00
1.304920164264867708e+03 9.917384510767098815e-01 9.999998817189352171e-03 1.000726611644151998e+00
1.304931046127715035e+03 9.990228296997540891e-01 9.999998817189352171e-03 1.000735040485859262e+00
1.304941928081307424e+03 1.008867543001017664e+00 9.999998817189352171e-03 1.000743508508047164e+00
1.304952810125645783e+03 1.007574200899321815e+00 9.999998817189352171e-03 1.000752015823110241e+00
1.304963692260730340e+03 1.010163352701932693e+00 9.999998817189352171e-03 1.000760562533179243e+00
1.304974574486562233e+03 1.004580815809824168e+00 9.999998817189352171e-03 1.000769148731237568e+00
1.304985456803142142e+03 1.008851182221494724e+00 9.999998817189352171e-03 1.000777774502097595e+00
1.304996339210470978e+03 9.950891067398071055e-01 9.999998817189352171e-03 1.000786439923256665e+00
1.305007221708548968e+03 1.011714965381610432e+00 9.999998817189352171e-03 -9.999999999000000000e+09
1.305018104297377477e+03 9.821078615950906698e-01 9.999998817189352171e-03 -9.999999999000000000e+09
1.305028986976956958e+03 1.004253627525409032e+00 9.999998817189352171e-03 -9.999999999000000000e+09
1.305039869747288094e+03 9.976371921619914263e-01 9.999998817189352171e-03 -9.999999999000000000e+09
1.305050752608372022e+03 9.843991642977414358e-01 9.999998817189352171e-03 -9.999999999000000000e+09
1.305061635560208742e+03 1.005182363516019306e+00 9.999998817189352171e-03 -9.999999999000000000e+09
1.305072518602800073e+03 1.001491744000909234e+00 9.999998817189352171e-03 -9.999999999000000000e+09
1.305083401736145788e+03 9.990025147028847030e-01 9.999998817189352171e-03 -9.999999999000000000e+09
1.305094284960247251e+03 1.026881767137142409e+00 9.999998817189352171e-03 -9.999999999000000000e+09
1.305105168275105143e+03 1.007309787980552596e+00 9.999998817189352171e-03 -9.999999999000000000e+09
1.305116051680720147e+03 9.997266056084150865e-01 9.999998817189352171e-03 -9.999999999000000000e+09
1.305126935177092719e+03 1.002630400838107505e+00 9.999998817189352171e-03 -9.999999999000000000e+09
