1.300000000000000000e+03 6.001877375617304944e-01 3.621621557016268395e-02 6.588642339708752349e-01
1.300010840833093880e+03 8.001866214471985428e-01 4.543893542175300032e-02 8.903442211624309488e-01
1.300021681756590624e+03 9.612762693461098795e-01 4.914997958107673870e-02 9.797279962871195957e-01
1.300032522770491141e+03 9.664228590474270852e-01 4.991358866353741430e-02 9.979422706227563111e-01
1.300043363874795659e+03 1.006874823325238921e+00 4.999531572020094600e-02 9.998884912187856466e-01
1.300054205069505542e+03 9.817305956855089111e-01 4.999986076515240685e-02 9.999967075666733596e-01
1.300065046354620790e+03 1.027285672221933899e+00 4.999999118534873693e-02 9.999998128102483008e-01
1.300075887730143222e+03 1.048478936019715757e+00 4.999999303670647072e-02 9.999998568901945495e-01
1.300086729196072611e+03 1.012910243376743624e+00 4.999999298233087641e-02 9.999998555955376123e-01
1.300097570752410320e+03 1.063679253902339417e+00 4.999999292087154573e-02 9.999998541322202561e-01
1.300108412399156805e+03 9.275500635281080930e-01 4.999999285845593833e-02 9.999998526461343351e-01
1.300119254136312748e+03 9.737978105794073969e-01 4.999999279506391059e-02 9.999998511368003440e-01
1.300130095963879057e+03 1.046013044273115256e+00 4.999999273067478461e-02 9.999998496037258988e-01
1.300140937881856871e+03 9.941403505027583964e-01 4.999999266526734820e-02 9.999998480464060702e-01
1.300151779890245962e+03 9.826446536741623161e-01 4.999999259881982017e-02 9.999998464643219398e-01
1.300162621989048148e+03 1.033866076204314588e+00 4.999999253130979482e-02 9.999998448569403786e-01
1.300173464178263202e+03 9.742027101323548210e-01 4.999999246271431136e-02 9.999998432237144907e-01
1.300184306457892944e+03 9.282363040197192383e-01 4.999999239300974285e-02 9.999998415640820593e-01
1.300195148827937373e+03 9.509791928008770601e-01 4.999999232217181705e-02 9.999998398774646580e-01
1.300205991288397172e+03 1.011394532361902465e+00 4.999999225017562332e-02 9.999998381632696498e-01
1.300216833839273704e+03 1.021937647601817378e+00 4.999999217699550857e-02 9.999998364208859680e-01
1.300227676480567197e+03 9.945298730124375597e-01 4.999999210260513971e-02 9.999998346496867807e-01
1.300238519212278561e+03 1.044574836197278866e+00 4.999999202697744116e-02 9.999998328490271593e-01
1.300249362034408705e+03 9.506441740999962420e-01 4.999999195008455327e-02 9.999998310182440786e-01
1.300260204946958083e+03 9.882832196616653242e-01 4.999999187189784616e-02 9.999998291566558617e-01
1.300271047949928061e+03 1.018718977760270539e+00 4.999999179238785035e-02 9.999998272635606256e-01
1.300281891043318410e+03 1.079669129008549611e+00 4.999999171152427063e-02 9.999998253382373914e-01
1.300292734227130723e+03 9.899763743294518470e-01 4.999999162927591667e-02 9.999998233799433089e-01
1.300303577501365226e+03 1.024417711217104454e+00 4.999999154561070303e-02 9.999998213879143227e-01
1.300314420866023056e+03 1.051222173357222012e+00 4.999999146049560750e-02 9.999998193613643949e-01
1.300325264321104896e+03 1.024223307530329974e+00 4.999999137389664339e-02 9.999998172994841728e-01
1.300336107866611201e+03 1.073426278245594334e+00 4.999999128577874846e-02 9.999998152014392128e-01
1.300346951502543106e+03 1.041727642214011373e+00 4.999999119610593068e-02 9.999998130663719786e-01
1.300357795228901296e+03 1.010413626492927985e+00 4.999999110484104614e-02 9.999998108933985108e-01
1.300368639045686223e+03 9.553081995075719535e-01 4.999999101194582685e-02 9.999998086816075382e-01
1.300379482952898798e+03 1.020281280997136442e+00 4.999999091738088763e-02 9.999998064300612555e-01
1.300390326950539929e+03 1.049558247681144696e+00 4.999999082110558740e-02 9.999998041377923252e-01
1.300401171038610300e+03 9.763280754396981287e-01 4.999999072307809156e-02 9.999998018038043224e-01
1.300412015217110593e+03 9.683197533359647613e-01 4.999999062325523325e-02 9.999997994270695134e-01
1.300422859486041716e+03 1.014292034105883644e+00 4.999999052159252722e-02 9.999997970065288566e-01
1.300433703845404125e+03 1.052089924245012353e+00 4.999999041804405880e-02 9.999997945410891154e-01
1.300444548295198729e+03 1.019042544109913573e+00 4.999999031256251170e-02 9.999997920296237464e-01
1.300455392835426437e+03 9.936926501155497471e-01 4.999999020509907771e-02 9.999997894709704571e-01
1.300466237466087932e+03 9.964912106213565934e-01 4.999999009560330415e-02 9.999997868639282084e-01
1.300477082187183896e+03 1.012098622803249137e+00 4.999998998402323258e-02 9.999997842072596566e-01
1.300487926998715238e+03 9.942681471524553727e-01 4.999998987030514208e-02 9.999997814996861578e-01
1.300498771900682186e+03 9.408151415215488811e-01 4.999998975439361171e-02 9.999997787398877680e-01
1.300509616893086331e+03 9.927711642636699585e-01 4.999998963623136783e-02 9.999997759265009112e-01
1.300520461975927446e+03 9.903938399568007478e-01 4.999998951575927719e-02 9.999997730581178246e-01
1.300531307149207350e+03 1.057686929365715400e+00 4.999998939291625671e-02 9.999997701332837829e-01
1.300542152412926043e+03 1.063230410202030907e+00 4.999998926763912777e-02 9.999997671504949892e-01
1.300552997767084435e+03 9.841986127064340506e-01 4.999998913986263005e-02 9.999997641081973532e-01
1.300563843211683206e+03 9.965067177208642990e-01 4.999998900951928282e-02 9.999997610047843821e-01
1.300574688746723496e+03 9.818816870216142689e-01 4.999998887653932245e-02 9.999997578385947383e-01
1.300585534372205530e+03 1.013366061566613130e+00 4.999998874085054279e-02 9.999997546079095745e-01
1.300596380088130672e+03 9.790902729403815341e-01 4.999998860237829523e-02 9.999997513109510905e-01
1.300607225894499152e+03 1.027523822667359976e+00 4.999998846104529437e-02 9.999997479458795357e-01
1.300618071791312104e+03 1.045086387598194611e+00 4.999998831677153477e-02 9.999997445107901006e-01
1.300628917778569985e+03 1.033737614333986254e+00 4.999998816947424929e-02 9.999997410037118062e-01
1.300639763856273703e+03 1.045567903190864234e+00 4.999998801906766627e-02 9.999997374226025082e-01
1.300650610024423941e+03 9.584577956488398165e-01 4.999998786546295398e-02 9.999997337653473428e-01
1.300661456283021380e+03 1.021713134591356598e+00 4.999998770856807495e-02 9.999997300297550629e-01
1.300672302632066931e+03 1.048420391740801483e+00 4.999998754828768183e-02 9.999997262135551512e-01
1.300683149071561502e+03 1.025975745208207890e+00 4.999998738452288150e-02 9.999997223143930469e-01
1.300693995601505549e+03 9.042471270839659292e-01 4.999998721717115874e-02 9.999997183298280357e-01
1.300704842221899753e+03 1.079398275320773370e+00 4.999998704612618888e-02 9.999997142573286979e-01
1.300715688932745252e+03 9.764831541965254269e-01 4.999998687127766434e-02 9.999997100942683570e-01
1.300726535734042500e+03 9.726592810416574419e-01 4.999998669251110722e-02 9.999997058379216375e-01
1.300737382625792407e+03 1.063198387042716631e+00 4.999998650970768899e-02 9.999997014854592470e-01
1.300748229607995427e+03 1.034704472490324711e+00 4.999998632274403609e-02 9.999996970339436464e-01
1.300759076680652697e+03 1.051614308359039240e+00 4.999998613149202187e-02 9.999996924803239429e-01
1.300769923843764900e+03 1.029351999371671766e+00 4.999998593581849587e-02 9.999996878214304497e-01
1.300780771097332490e+03 9.652162019281018690e-01 4.999998573558511045e-02 9.999996830539685799e-01
1.300791618441356604e+03 1.126917507134157503e+00 4.999998553064802925e-02 9.999996781745142949e-01
1.300802465875837697e+03 1.033693308078071027e+00 4.999998532085772607e-02 9.999996731795069982e-01
1.300813313400776906e+03 9.621630487935901588e-01 4.999998510605863783e-02 9.999996680652426528e-01
1.300824161016174685e+03 9.775900045919035941e-01 4.999998488608888014e-02 9.999996628278673416e-01
1.300835008722031716e+03 1.026632892838489353e+00 4.999998466077997666e-02 9.999996574633694957e-01
1.300845856518348683e+03 9.263206577447263834e-01 4.999998442995652603e-02 9.999996519675729001e-01
1.300856704405126948e+03 9.555468337093843134e-01 4.999998419343583411e-02 9.999996463361275900e-01
1.300867552382366512e+03 1.009150774563220221e+00 4.999998395102753929e-02 9.999996405645014130e-01
1.300878400450068511e+03 1.025961589502811133e+00 4.999998370253327939e-02 9.999996346479710363e-01
1.300889248608233856e+03 9.894749616770818212e-01 4.999998344774619907e-02 9.999996285816117325e-01
1.300900096856862774e+03 9.381271705543403616e-01 4.999998318645059586e-02 9.999996223602876100e-01
1.300910945195956629e+03 1.009289799450914460e+00 4.999998291842138592e-02 9.999996159786395111e-01
1.300921793625515875e+03 9.807855269438140455e-01 4.999998264342367382e-02 9.999996094310746875e-01
1.300932642145541195e+03 1.034977657145493168e+00 4.999998236121220435e-02 9.999996027117534769e-01
1.300943490756033498e+03 9.776737162462819652e-01 4.999998207153076579e-02 9.999995958145762032e-01
1.300954339456993694e+03 1.034003289709118034e+00 4.999998177411170419e-02 9.999995887331696309e-01
1.300965188248421782e+03 1.025698908148414468e+00 4.999998146867519477e-02 9.999995814608715339e-01
1.300976037130319355e+03 9.699115632655118668e-01 4.999998115492865214e-02 9.999995739907152625e-01
1.300986886102687095e+03 9.891770189096616983e-01 4.999998083256594616e-02 9.999995663154124248e-01
1.300997735165525228e+03 9.969101927989761913e-01 4.999998050126670812e-02 9.999995584273350113e-01
1.301008584318834892e+03 9.798641558572740440e-01 4.999998016069553963e-02 9.999995503184969659e-01
1.301019433562616541e+03 1.014899066611602674e+00 4.999997981050103429e-02 9.999995419805323138e-01
1.301030282896871540e+03 1.050274443269791913e+00 4.999997945031502827e-02 9.999995334046746231e-01
1.301041132321600116e+03 1.023247636831416951e+00 4.999997907975149009e-02 9.999995245817328016e-01
1.301051981836803179e+03 9.861915496786443081e-01 4.999997869840554915e-02 9.999995155020670046e-01
1.301062831442481183e+03 9.861514868696548142e-01 4.999997830585234393e-02 9.999995061555614351e-01
1.301073681138635266e+03 9.757688855599749855e-01 4.999997790164582151e-02 9.999994965315959217e-01
1.301084530925266336e+03 1.008292315615022972e+00 4.999997748531748165e-02 9.999994866190158316e-01
1.301095380802374621e+03 1.052856163184394678e+00 4.999997705637498208e-02 9.999994764060986530e-01
1.301106230769961257e+03 9.833740526737029253e-01 4.999997661430068824e-02 9.999994658805194669e-01
1.301117080828026928e+03 9.588297143090621644e-01 4.999997615855005656e-02 9.999994550293133111e-01
1.301127930976572088e+03 8.352543640179709294e-01 4.999997568855001073e-02 9.999994438388351004e-01
1.301138781215598101e+03 1.050936752373348160e+00 4.999997520369702658e-02 9.999994322947157732e-01
1.301149631545105194e+03 9.795383106433178666e-01 4.999997470335527938e-02 9.999994203818161065e-01
1.301160481965094277e+03 9.546810290916042385e-01 4.999997418685444422e-02 9.999994080841763111e-01
1.301171332475566032e+03 9.576311979142257957e-01 4.999997365348747558e-02 9.999993953849617423e-01
1.301182183076521369e+03 9.788245756016319410e-01 4.999997310250816479e-02 9.999993822664057230e-01
1.301193033767961197e+03 9.587681753035881549e-01 4.999997253312851025e-02 9.999993687097461503e-01
1.301203884549885970e+03 9.469905954413966320e-01 4.999997194451582389e-02 9.999993546951572165e-01
1.301214735422296144e+03 1.021866755314200015e+00 4.999997133578974046e-02 9.999993402016776889e-01
1.301225586385193310e+03 9.955088973176000611e-01 4.999997070601879673e-02 9.999993252071300853e-01
1.301236437438577468e+03 1.003728548579698510e+00 4.999997005421692731e-02 9.999993096880366306e-01
1.301247288582449755e+03 9.785126245003026302e-01 4.999996937933949559e-02 9.999992936195247761e-01
1.301258139816810854e+03 1.001534294407629977e+00 4.999996868027912350e-02 9.999992769752287236e-01
1.301268991141661672e+03 1.006331629986332299e+00 4.999996795586109100e-02 9.999992597271786243e-01
1.301279842557002894e+03 9.846240158272148157e-01 4.999996720483832618e-02 9.999992418456823406e-01
1.301290694062834746e+03 1.068749091570016185e+00 4.999996642588603463e-02 9.999992232991974372e-01
1.301301545659158592e+03 9.819734828344789390e-01 4.999996561759580821e-02 9.999992040541899607e-01
1.301312397345975114e+03 1.058329582617533404e+00 4.999996477846913034e-02 9.999991840749812289e-01
1.301323249123284995e+03 1.025709989544406175e+00 4.999996390691049258e-02 9.999991633235826294e-01
1.301334100991088690e+03 9.090960894538425707e-01 4.999996300121962306e-02 9.999991417595117671e-01
1.301344952949387334e+03 1.120381062987459542e+00 4.999996205958318757e-02 9.999991193395938449e-01
1.301355804998181839e+03 1.021739093429292478e+00 4.999996108006565104e-02 9.999990960177450594e-01
1.301366657137472430e+03 1.035890217639705790e+00 4.999996006059923698e-02 9.999990717447320154e-01
1.301377509367260018e+03 9.757173882479133198e-01 4.999995899897288765e-02 9.999990464679108237e-01
1.301388361687545739e+03 1.059650349747297327e+00 4.999995789282019737e-02 9.999990201309385540e-01
1.301399214098330049e+03 1.012929306724842604e+00 4.999995673960616616e-02 9.999989926734578205e-01
1.301410066599613401e+03 9.974207666545998885e-01 4.999995553661251008e-02 9.999989640307473948e-01
1.301420919191397161e+03 9.821710586432917944e-01 4.999995428092150057e-02 9.999989341333380688e-01
1.301431771873681782e+03 9.593298135242138702e-01 4.999995296939820089e-02 9.999989029065879942e-01
1.301442624646467721e+03 1.005688498027628386e+00 4.999995159867066247e-02 9.999988702702127252e-01
1.301453477509756567e+03 1.041159049070772724e+00 4.999995016510815765e-02 9.999988361377665225e-01
1.301464330463548322e+03 1.060277259402722105e+00 4.999994866479689354e-02 9.999988004160638155e-01
1.301475183507843894e+03 9.849019420899333133e-01 4.999994709351313071e-02 9.999987630045390485e-01
1.301486036642643967e+03 1.015152869805352243e+00 4.999994544669320723e-02 9.999987237945335838e-01
1.301496889867949676e+03 9.905700140910281837e-01 4.999994371940011395e-02 9.999986826684998942e-01
1.301507743183761477e+03 1.088956633741772206e+00 4.999994190628629515e-02 9.999986394991149385e-01
1.301518596590080278e+03 9.555708088191009475e-01 4.999994000155182777e-02 9.999985941482851803e-01
1.301529450086906763e+03 1.062595853374189492e+00 4.999993799889778517e-02 9.999985464660359202e-01
1.301540303674241613e+03 1.067846000135803886e+00 4.999993589147366108e-02 9.999984962892600748e-01
1.301551157352085283e+03 1.082504239288822001e+00 4.999993367181836124e-02 9.999984434403126343e-01
1.301562011120439365e+03 1.003855918318918850e+00 4.999993133179374272e-02 9.999983877254277065e-01
1.301572864979303858e+03 1.001966210080626807e+00 4.999992886250924362e-02 9.999983289329252845e-01
1.301583718928679900e+03 1.035645203031348993e+00 4.999992625423693021e-02 9.999982668311877543e-01
1.301594572968568173e+03 1.001918933033706827e+00 4.999992349631482424e-02 9.999982011663585135e-01
1.301605427098969358e+03 1.024432629008762641e+00 4.999992057703711579e-02 9.999981316597272851e-01
1.301616281319884365e+03 9.814196861622960233e-01 4.999991748352890925e-02 9.999980580047488354e-01
1.301627135631313649e+03 9.554154570722525053e-01 4.999991420160303235e-02 9.999979798636331463e-01
1.301637990033258120e+03 9.870630588154494234e-01 4.999991071559613254e-02 9.999978968634432031e-01
1.301648844525718687e+03 9.271777725263320447e-01 4.999990700818007783e-02 9.999978085916036985e-01
1.301659699108696032e+03 8.754935427271719472e-01 4.999990306014474167e-02 9.999977145907305021e-01
1.301670553782190837e+03 1.006870900608510588e+00 4.999989885014698154e-02 9.999976143526531080e-01
1.301681408546203784e+03 1.027462640912236269e+00 4.999989435441953151e-02 9.999975073114836244e-01
1.301692263400735555e+03 1.077727258985377023e+00 4.999988954643241196e-02 9.999973928355553321e-01
1.301703118345787288e+03 1.071102311790770090e+00 4.999988439649778044e-02 9.999972702180139894e-01
1.301713973381359665e+03 1.015879745063102746e+00 4.999987887130712128e-02 9.999971386657990902e-01
1.301724828507453140e+03 1.044868491612235939e+00 4.999987293338715999e-02 9.999969972866888934e-01
1.301735683724068622e+03 9.981691788247287755e-01 4.999986654045782825e-02 9.999968450740135406e-01
1.301746539031206567e+03 1.086250421348007977e+00 4.999985964467140026e-02 9.999966808885405456e-01
1.301757394428868565e+03 1.006310655928211117e+00 4.999985219170708511e-02 9.999965034369158179e-01
1.301768249917054618e+03 9.415858976294702032e-01 4.999984411968869807e-02 9.999963112458949421e-01
1.301779105495765634e+03 1.040986934306560974e+00 4.999983535788460332e-02 9.999961026313892720e-01
1.301789961165002524e+03 1.020973468480524282e+00 4.999982582513839285e-02 9.999958756611000421e-01
1.301800816924765741e+03 8.931435212233568288e-01 4.999981542796437528e-02 9.999956281091740840e-01
1.301811672775056422e+03 1.010202455544758182e+00 4.999980405822317814e-02 9.999953574008602075e-01
1.301822528715875251e+03 9.796537242640102061e-01 4.999979159026816250e-02 9.999950605445666607e-01
1.301833384747222681e+03 9.992989086304593371e-01 4.999977787741970159e-02 9.999947340479142799e-01
1.301844240869099622e+03 1.029637050032971013e+00 4.999976274757926553e-02 9.999943738133112436e-01
1.301855097081506983e+03 1.006972510764404749e+00 4.999974599773453904e-02 9.999939750071202837e-01
1.301865953384445447e+03 1.044291945720013937e+00 4.999972738702107566e-02 9.999935318944604967e-01
1.301876809777915469e+03 1.063964108898525662e+00 4.999970662788894710e-02 9.999930376288881373e-01
1.301887666261918412e+03 9.820197177829218527e-01 4.999968337475567404e-02 9.999924839822271760e-01
1.301898522836454731e+03 1.003423300166783605e+00 4.999965720928929019e-02 9.999918609941639280e-01
1.301909379501525109e+03 1.004278727914443836e+00 4.999962762112031972e-02 9.999911565130066293e-01
1.301920236257130000e+03 9.124323372686986566e-01 4.999959398227482588e-02 9.999903555869446015e-01
1.301931093103270541e+03 1.071628903020530155e+00 4.999955551286180272e-02 9.999894396470760949e-01
1.301941950039947642e+03 1.084526613491739289e+00 4.999951123439375089e-02 9.999883853959865565e-01
1.301952807067161984e+03 9.882340817250842013e-01 4.999945990532470019e-02 9.999871632729275817e-01
1.301963664184914023e+03 1.028007874843994474e+00 4.999939993054047793e-02 9.999857352988058556e-01
1.301974521393204668e+03 1.005176403394332896e+00 4.999932923189593509e-02 9.999840519937087668e-01
1.301985378692034601e+03 1.010976668800106282e+00 4.999924505912826250e-02 9.999820478747956098e-01
1.301996236081404732e+03 1.055900424938592375e+00 4.999914370705678401e-02 9.999796347228852023e-01
1.302007093561315742e+03 1.044124435293981801e+00 4.999902008093729672e-02 9.999766912336213176e-01
1.302017951131768314e+03 9.645761464221679349e-01 4.999886700688151858e-02 9.999730465986594874e-01
1.302028808792763357e+03 1.035690353715061907e+00 4.999867409578704486e-02 9.999684534559533100e-01
1.302039666544301326e+03 1.008973039965706198e+00 4.999842578348114713e-02 9.999625412256671897e-01
1.302050524386383586e+03 1.081306315878793001e+00 4.999809772362894672e-02 9.999547302252558278e-01
1.302061382319010363e+03 9.517378637965980825e-01 4.999764858887243563e-02 9.999440364541701820e-01
1.302072240342182340e+03 9.043142240749384442e-01 4.999697181335471113e-02 9.999279225866019027e-01
1.302083098455900881e+03 1.053794743267554068e+00 4.999522593099985091e-02 9.998863533421911143e-01
1.302093956660166214e+03 1.062992600982042068e+00 4.998283577536659361e-02 9.995913373106010136e-01
1.302104814954979020e+03 8.779464452515195472e-01 4.987992832934308451e-02 9.971405177302334888e-01
1.302115673340340436e+03 9.863147614227023574e-01 4.926586707486498018e-02 9.824957903475624033e-01
1.302126531816250917e+03 1.013878174840700419e+00 4.686860865711577062e-02 9.249624375184192226e-01
1.302137390382711374e+03 7.267541523694982519e-01 4.096031252671195055e-02 7.800327519235150664e-01
1.302148249039722714e+03 5.677249308989626986e-01 3.220360161610887062e-02 5.507882024522482434e-01
1.302159107787285166e+03 3.325860422288778873e-01 2.527845384215322150e-02 3.373569001164908876e-01
1.302169966625399866e+03 2.481463526172855150e-01 2.346091928914409083e-02 2.676305459467613890e-01
1.302180825554067951e+03 3.897405735028902085e-01 2.669252713715890638e-02 3.857528818126039205e-01
1.302191684573289422e+03 5.711359098437570614e-01 3.464468901076495078e-02 6.173115952876340184e-01
1.302202543683065414e+03 7.988336344518971455e-01 4.295806767274919918e-02 8.296286241573811449e-01
1.302213402883396611e+03 9.982803928743608779e-01 4.780664843468326181e-02 9.475471416405746306e-01
1.302224262174283695e+03 9.698439895574306746e-01 4.953655124060574177e-02 9.889556791266335134e-01
1.302235121555727574e+03 9.947645516345640093e-01 4.992979994110763320e-02 9.983283688787917276e-01
1.302245981027729385e+03 1.027663204313840506e+00 4.998910937562364709e-02 9.997407167280517593e-01
1.302256840590288675e+03 1.010354956109089875e+00 4.999597926301907469e-02 9.999042901189518773e-01
1.302267700243407489e+03 9.933453084692861479e-01 4.999719297897310677e-02 9.999331884930737768e-01
1.302278559987085828e+03 1.049592116951602483e+00 4.999778564280883686e-02 9.999472996714391382e-01
1.302289419821325055e+03 1.042788261004597761e+00 4.999819606056972454e-02 9.999570715974653856e-01
1.302300279746125170e+03 1.024859662756514522e+00 4.999849928902772023e-02 9.999642913679398504e-01
1.302311139761487311e+03 9.970975479786614581e-01 4.999873057363875967e-02 9.999697981733257635e-01
1.302321999867412615e+03 1.037740257751808892e+00 4.999891136116776935e-02 9.999741026575392766e-01
1.302332860063900853e+03 1.064389280248323466e+00 4.999905554369497851e-02 9.999775355880704542e-01
1.302343720350953845e+03 1.015084582468368302e+00 4.999917248669714237e-02 9.999803199545997945e-01
1.302354580728571818e+03 1.023401497579722319e+00 4.999926871007261131e-02 9.999826109940996854e-01
1.302365441196755455e+03 1.052304438480593296e+00 4.999934887591320209e-02 9.999845197095726945e-01
1.302376301755505665e+03 8.993399379261192150e-01 4.999941639467095356e-02 9.999861273027874642e-01
1.302387162404823357e+03 1.035808427572191492e+00 4.999947381074253822e-02 9.999874943549695860e-01
1.302398023144708759e+03 9.569715473706378317e-01 4.999952305531606828e-02 9.999886668470292506e-01
1.302408883975163462e+03 9.678658539125349902e-01 4.999956561657886017e-02 9.999896802121652772e-01
1.302419744896187694e+03 1.060081032983396954e+00 4.999960265694831929e-02 9.999905621271010236e-01
1.302430605907781910e+03 1.017151130048487673e+00 4.999963509546240248e-02 9.999913344737783039e-01
1.302441467009947473e+03 1.065753444509940362e+00 4.999966366673542356e-02 9.999920147430767514e-01
1.302452328202684612e+03 9.945899191129780048e-01 4.999968896383084893e-02 9.999926170556017180e-01
1.302463189485994462e+03 1.064006807177556579e+00 4.999971146989687365e-02 9.999931529149164167e-01
1.302474050859877707e+03 1.048504985692068070e+00 4.999973158182065974e-02 9.999936317707417421e-01
1.302484912324335255e+03 9.237364736727866621e-01 4.999974962813043960e-02 9.999940614451989784e-01
1.302495773879367334e+03 1.052768623080589050e+00 4.999976588269496730e-02 9.999944484589884386e-01
1.302506635524975081e+03 9.906615850431508274e-01 4.999978057531456743e-02 9.999947982835589722e-01
1.302517497261159633e+03 9.758071231111559163e-01 4.999979389998666923e-02 9.999951155379065426e-01
1.302528359087920762e+03 9.653410712674376226e-01 4.999980602141300412e-02 9.999954041435087371e-01
1.302539221005260060e+03 9.107244198870436680e-01 4.999981708016440485e-02 9.999956674472967322e-01
1.302550083013177755e+03 1.008528749778753175e+00 4.999982719681134863e-02 9.999959083200007370e-01
1.302560945111675210e+03 9.885633999178778941e-01 4.999983647525071961e-02 9.999961292353602982e-01
1.302571807300752425e+03 9.757588155284723230e-01 4.999984500540326227e-02 9.999963323343490362e-01
1.302582669580410766e+03 9.679808781384420246e-01 4.999985286541420298e-02 9.999965194775700672e-01
1.302593531950650913e+03 9.263541139519529954e-01 4.999986012345929848e-02 9.999966922882581599e-01
1.302604394411473550e+03 9.505954486351394506e-01 4.999986683923529629e-02 9.999968521877663497e-01
1.302615256962878675e+03 1.046485234692075217e+00 4.999987306519620978e-02 9.999970004250009481e-01
1.302626119604868563e+03 1.032439202235292175e+00 4.999987884758402140e-02 9.999971381009631344e-01
1.302636982337442760e+03 9.665878522648325699e-01 4.999988422729196441e-02 9.999972661893024029e-01
1.302647845160602401e+03 1.022128583554895664e+00 4.999988924059078216e-02 9.999973855536087308e-01
1.302658708074348169e+03 1.051962862414048239e+00 4.999989391974234837e-02 9.999974969620228915e-01
1.302669571078680974e+03 1.016898419605192672e+00 4.999989829352018827e-02 9.999976010996294296e-01
1.302680434173601270e+03 9.496169456608065662e-01 4.999990238765263800e-02 9.999976985790081097e-01
1.302691297359110422e+03 1.005167049370194077e+00 4.999990622520166655e-02 9.999977899492543676e-01
1.302702160635208656e+03 9.962711283919568617e-01 4.999990982688776175e-02 9.999978757037133459e-01
1.302713024001896656e+03 1.032423369608629349e+00 4.999991321136942196e-02 9.999979562866354588e-01
1.302723887459175330e+03 9.664654984655951520e-01 4.999991639548450467e-02 9.999980320989221294e-01
1.302734751007045816e+03 9.577097221508853453e-01 4.999991939445912886e-02 9.999981035031005883e-01
1.302745614645508567e+03 1.019863154353780610e+00 4.999992222208916176e-02 9.999981708276438619e-01
1.302756478374564040e+03 9.863517185445583868e-01 4.999992489089821746e-02 9.999982343707337629e-01
1.302767342194213370e+03 9.298392173867323640e-01 4.999992741227564375e-02 9.999982944035451515e-01
1.302778206104457013e+03 9.292414527314476480e-01 4.999992979659733522e-02 9.999983511731234120e-01
1.302789070105296105e+03 1.130532116517965147e+00 4.999993205333173180e-02 9.999984049049075452e-01
1.302799934196731328e+03 1.012472282868577267e+00 4.999993419113311910e-02 9.999984558049523908e-01
1.302810798378763138e+03 9.826239289804289401e-01 4.999993621792386822e-02 9.999985040618859511e-01
1.302821662651392671e+03 1.004437969135922426e+00 4.999993814096715533e-02 9.999985498486406721e-01
1.302832527014620155e+03 1.038507522725437004e+00 4.999993996693129911e-02 9.999985933239864400e-01
1.302843391468447180e+03 9.234209027698215833e-01 4.999994170194689558e-02 9.999986346338902710e-01
1.302854256012873520e+03 1.104559853501921651e+00 4.999994335165770104e-02 9.999986739127265656e-01
1.302865120647900540e+03 9.447951308000459569e-01 4.999994492126583895e-02 9.999987112843559123e-01
1.302875985373528920e+03 9.653977134519103886e-01 4.999994641557220509e-02 9.999987468630855414e-01
1.302886850189759343e+03 9.470069610444739050e-01 4.999994783901265394e-02 9.999987807545307472e-01
1.302897715096592492e+03 1.032684732242002301e+00 4.999994919569032692e-02 9.999988130563857158e-01
1.302908580094029276e+03 1.001559350659935177e+00 4.999995048940471254e-02 9.999988438591144169e-01
1.302919445182070376e+03 1.028215999743477438e+00 4.999995172367775742e-02 9.999988732465727725e-01
1.302930310360716703e+03 9.684797250910821553e-01 4.999995290177738222e-02 9.999989012965683211e-01
1.302941175629968939e+03 1.045923114901414319e+00 4.999995402673859668e-02 9.999989280813632586e-01
1.302952040989827537e+03 9.650337742967242116e-01 4.999995510138268567e-02 9.999989536681311852e-01
1.302962906440293409e+03 9.837196329040742704e-01 4.999995612833447317e-02 9.999989781193676652e-01
1.302973771981367463e+03 1.038013870027028052e+00 4.999995711003798332e-02 9.999990014932640392e-01
1.302984637613050609e+03 1.017866953111941086e+00 4.999995804877058192e-02 9.999990238440433776e-01
1.302995503335343074e+03 1.003633930517341177e+00 4.999995894665591745e-02 9.999990452222686788e-01
1.303006369148245994e+03 9.249753680407144518e-01 4.999995980567557841e-02 9.999990656751203133e-01
1.303017235051760053e+03 9.989347165372604032e-01 4.999996062767968902e-02 9.999990852466493774e-01
1.303028101045886160e+03 9.594674510472469553e-01 4.999996141439669306e-02 9.999991039780089519e-01
1.303038967130624542e+03 9.625067851102211414e-01 4.999996216744211769e-02 9.999991219076640458e-01
1.303049833305976790e+03 9.942604345427761281e-01 4.999996288832658786e-02 9.999991390715819994e-01
1.303060699571942678e+03 9.560603479157808726e-01 4.999996357846329259e-02 9.999991555034103419e-01
1.303071565928523569e+03 1.095666094987522987e+00 4.999996423917462546e-02 9.999991712346343320e-01
1.303082432375720373e+03 9.713732137405329814e-01 4.999996487169832554e-02 9.999991862947240628e-01
1.303093298913533545e+03 1.004709777431423090e+00 4.999996547719316731e-02 9.999992007112693537e-01
1.303104165541963994e+03 1.035391734078280113e+00 4.999996605674401906e-02 9.999992145101008756e-01
1.303115032261012175e+03 1.016207903398301804e+00 4.999996661136665854e-02 9.999992277154031717e-01
1.303125899070678997e+03 9.599882115157711837e-01 4.999996714201197789e-02 9.999992403498169091e-01
1.303136765970965371e+03 1.054946925309486971e+00 4.999996764957005679e-02 9.999992524345342471e-01
1.303147632961871750e+03 9.642489479351663562e-01 4.999996813487374292e-02 9.999992639893851010e-01
1.303158500043399272e+03 1.028277400720786661e+00 4.999996859870194099e-02 9.999992750329147473e-01
1.303169367215548391e+03 1.077597810135125345e+00 4.999996904178272139e-02 9.999992855824579863e-01
1.303180234478320017e+03 1.029366789519708725e+00 4.999996946479608878e-02 9.999992956542058664e-01
1.303191101831715059e+03 1.004164193675100902e+00 4.999996986837650093e-02 9.999993052632640822e-01
1.303201969275733745e+03 1.044156418841490686e+00 4.999997025311524179e-02 9.999993144237112608e-01
1.303212836810377212e+03 1.109863865634346691e+00 4.999997061956253097e-02 9.999993231486475898e-01
1.303223704435646368e+03 1.034368636654809270e+00 4.999997096822950127e-02 9.999993314502427788e-01
1.303234572151541897e+03 9.555292154139011229e-01 4.999997129958987790e-02 9.999993393397762498e-01
1.303245439958064026e+03 9.750279446181043808e-01 4.999997161408162305e-02 9.999993468276755504e-01
1.303256307855213890e+03 1.004269537274457225e+00 4.999997191210840686e-02 9.999993539235519924e-01
1.303267175842992629e+03 1.047635464845086073e+00 4.999997219404082871e-02 9.999993606362291843e-01
1.303278043921400240e+03 9.954378669424438497e-01 4.999997246021761765e-02 9.999993669737723412e-01
1.303288912090438089e+03 9.981876087479587545e-01 4.999997271094662465e-02 9.999993729435111556e-01
1.303299780350106857e+03 9.282407324428016970e-01 4.999997294650577323e-02 9.999993785520626677e-01
1.303310648700406773e+03 9.500195406760434391e-01 4.999997316714370477e-02 9.999993838053471418e-01
1.303321517141339200e+03 9.946109518131774907e-01 4.999997337308058343e-02 9.999993887086067179e-01
1.303332385672904593e+03 1.010930296825995223e+00 4.999997356450850555e-02 9.999993932664146268e-01
1.303343254295103861e+03 8.821241497193863523e-01 4.999997374159199232e-02 9.999993974826884013e-01
1.303354123007937915e+03 9.938255175992111168e-01 4.999997390446826728e-02 9.999994013606954280e-01
1.303364991811406753e+03 9.515076590967040948e-01 4.999997405324751315e-02 9.999994049030584975e-01
1.303375860705511968e+03 1.022324330498328937e+00 4.999997418801284399e-02 9.999994081117570266e-01
1.303386729690254015e+03 9.213013962878959795e-01 4.999997430882045096e-02 9.999994109881289450e-01
1.303397598765633575e+03 9.907715852048918359e-01 4.999997441569929701e-02 9.999994135328634792e-01
1.303408467931651558e+03 9.814588591243010862e-01 4.999997450865097809e-02 9.999994157459990429e-01
1.303419337188308646e+03 1.014497461620107011e+00 4.999997458764938313e-02 9.999994176269135782e-01
1.303430206535605294e+03 1.032607676203569635e+00 4.999997465264003488e-02 9.999994191743100114e-01
1.303441075973542866e+03 1.016708937420053083e+00 4.999997470353967355e-02 9.999994203862063724e-01
1.303451945502121589e+03 9.935486630376886286e-01 4.999997474023536170e-02 9.999994212599133681e-01
1.303462815121342373e+03 9.298348540962954045e-01 4.999997476258367241e-02 9.999994217920159523e-01
1.303473684831206356e+03 9.991230455346868933e-01 4.999997477040957206e-02 9.999994219783470140e-01
1.303484554631713763e+03 9.776933305284938314e-01 4.999997476350529629e-02 9.999994218139593993e-01
1.303495424522865505e+03 1.057633062671764046e+00 4.999997474162887201e-02 9.999994212930921611e-01
1.303506294504662264e+03 1.000900890960503720e+00 4.999997470450268100e-02 9.999994204091352534e-01
1.303517164577105177e+03 9.069331433844276535e-01 4.999997465181155176e-02 9.999994191545844568e-01
1.303528034740194698e+03 1.013543990882375789e+00 4.999997458320093457e-02 9.999994175209980796e-01
1.303538904993931510e+03 1.057268375117225823e+00 4.999997449827451451e-02 9.999994154989403361e-01
1.303549775338316522e+03 1.052144925541296683e+00 4.999997439659188692e-02 9.999994130779252810e-01
1.303560645773350416e+03 9.434722443234502265e-01 4.999997427766573327e-02 9.999994102463499734e-01
1.303571516299033874e+03 1.089585876020729982e+00 4.999997414095874032e-02 9.999994069914212025e-01
1.303582386915367806e+03 1.128692947213974618e+00 4.999997398588021391e-02 9.999994032990752180e-01
1.303593257622353121e+03 9.710740105835649061e-01 4.999997381178227646e-02 9.999993991538858040e-01
1.303604128419990275e+03 1.078109472615605302e+00 4.999997361795564116e-02 9.999993945389655803e-01
1.303614999308279948e+03 9.121101621389342551e-01 4.999997340362495601e-02 9.999993894358537583e-01
1.303625870287223279e+03 1.116464225061084559e+00 4.999997316794359964e-02 9.999993838243923516e-01
1.303636741356820949e+03 1.030298458023432895e+00 4.999997290998788035e-02 9.999993776825890635e-01
1.303647612517073185e+03 1.018284363961976524e+00 4.999997262875061077e-02 9.999993709864630764e-01
1.303658483767981352e+03 1.021584497925886792e+00 4.999997232313398848e-02 9.999993637098760768e-01
1.303669355109546132e+03 1.018086553935012128e+00 4.999997199194154696e-02 9.999993558243411851e-01
1.303680226541767979e+03 9.892270440008295029e-01 4.999997163386932925e-02 9.999993472988115695e-01
1.303691098064648031e+03 1.076403262101962133e+00 4.999997124749594457e-02 9.999993380994443015e-01
1.303701969678186515e+03 8.674882338182361430e-01 4.999997083127141057e-02 9.999993281893354569e-01
1.303712841382384795e+03 9.760866516248281055e-01 4.999997038350478124e-02 9.999993175282243518e-01
1.303723713177242871e+03 9.645346402375620798e-01 4.999996990235016509e-02 9.999993060721610316e-01
1.303734585062762335e+03 9.900495518775286330e-01 4.999996938579107791e-02 9.999992937731340126e-01
1.303745457038943414e+03 9.469202748575294981e-01 4.999996883162282496e-02 9.999992805786505068e-01
1.303756329105787245e+03 1.016221958718846130e+00 4.999996823743262098e-02 9.999992664312633561e-01
1.303767201263294282e+03 9.308221856264897731e-01 4.999996760057717760e-02 9.999992512680371259e-01
1.303778073511465209e+03 9.997105284029702554e-01 4.999996691815734862e-02 9.999992350199440327e-01
1.303788945850300706e+03 9.860631459742777993e-01 4.999996618698927114e-02 9.999992176111784925e-01
1.303799818279802139e+03 1.024796713875865350e+00 4.999996540357180136e-02 9.999991989583796315e-01
1.303810690799969734e+03 9.591662135067393624e-01 4.999996456404913470e-02 9.999991789697425526e-01
1.303821563410804401e+03 9.253859997469158216e-01 4.999996366416839533e-02 9.999991575440082547e-01
1.303832436112306823e+03 1.059007346337808464e+00 4.999996269923091124e-02 9.999991345693034495e-01
1.303843308904477908e+03 9.503241887015414502e-01 4.999996166403637005e-02 9.999991099218114021e-01
1.303854181787318339e+03 1.036573943814675047e+00 4.999996055281859947e-02 9.999990834642422666e-01
1.303865054760828798e+03 1.076799396712142087e+00 4.999995935917140449e-02 9.999990550440671644e-01
1.303875927825009967e+03 1.000104826632874033e+00 4.999995807596269853e-02 9.999990244914748194e-01
1.303886800979862983e+03 1.068784571099950176e+00 4.999995669523492337e-02 9.999989916169994553e-01
1.303897674225388300e+03 1.012998112102124759e+00 4.999995520808894756e-02 9.999989562087566730e-01
1.303908547561586602e+03 9.989151686030682820e-01 4.999995360454845272e-02 9.999989180292153668e-01
1.303919420988458796e+03 9.386656021421765361e-01 4.999995187340076225e-02 9.999988768114066451e-01
1.303930294506005566e+03 1.034665956112735596e+00 4.999995000200953971e-02 9.999988322544656194e-01
1.303941168114228049e+03 9.893306041760998593e-01 4.999994797609334102e-02 9.999987840183572896e-01
1.303952041813126243e+03 1.001676237507662437e+00 4.999994577946275526e-02 9.999987317176195489e-01
1.303962915602701287e+03 1.014438704603647601e+00 4.999994339370704421e-02 9.999986749139015973e-01
1.303973789482954317e+03 9.511086707127252016e-01 4.999994079781894252e-02 9.999986131070297546e-01
1.303984663453885560e+03 1.077709696326122790e+00 4.999993796774301891e-02 9.999985457242557274e-01
1.303995537515496153e+03 1.086087910116156019e+00 4.999993487582943957e-02 9.999984721072495697e-01
1.304006411667786551e+03 1.006416650432973015e+00 4.999993149016965233e-02 9.999983914962834453e-01
1.304017285910757437e+03 1.002918955991871197e+00 4.999992777378380049e-02 9.999983030108843263e-01
1.304028160244409946e+03 1.056958893478117778e+00 4.999992368362071726e-02 9.999982056260237062e-01
1.304039034668744534e+03 1.092275473641460382e+00 4.999991916931933317e-02 9.999980981426276339e-01
1.304049909183761883e+03 1.158857575813168062e+00 4.999991417166375907e-02 9.999979791507932481e-01
1.304060783789463358e+03 9.939581477745919047e-01 4.999990862064218611e-02 9.999978469835711925e-01
1.304071658485849184e+03 9.280582749120410702e-01 4.999990243298841480e-02 9.999976996584317712e-01
1.304082533272919818e+03 9.889663818233098702e-01 4.999989550904175573e-02 9.999975348024993105e-01
1.304093408150676851e+03 1.000816003243883756e+00 4.999988772869925352e-02 9.999973495561770287e-01
1.304104283119120510e+03 1.029630186513331047e+00 4.999987894614590228e-02 9.999971404476756254e-01
1.304115158178251704e+03 9.840401725252264642e-01 4.999986898292009541e-02 9.999969032279050207e-01
1.304126033328070889e+03 9.602522715673889042e-01 4.999985761868085826e-02 9.999966326506456449e-01
1.304136908568579202e+03 1.021922240864835629e+00 4.999984457875749494e-02 9.999963221761107857e-01
1.304147783899777096e+03 1.022372758311303587e+00 4.999982951712284712e-02 9.999959635655475410e-01
1.304158659321665937e+03 1.034228892407074163e+00 4.999981199274441956e-02 9.999955463181665616e-01
1.304169534834245496e+03 9.871921209287208843e-01 4.999979143616788135e-02 9.999950568755094915e-01
1.304180410437517367e+03 9.380485758936840668e-01 4.999976710138021030e-02 9.999944774753288801e-01
1.304191286131481775e+03 9.988434371399645961e-01 4.999973799494523280e-02 9.999937844643348450e-01
1.304202161916140085e+03 1.038395251171859046e+00 4.999970276906765682e-02 9.999929457520894127e-01
1.304213037791492297e+03 1.014211656017889318e+00 4.999965955555682462e-02 9.999919168577481310e-01
1.304223913757539776e+03 9.736977502739534440e-01 4.999960569928527110e-02 9.999906345638027716e-01
1.304234789814282976e+03 9.986526101200926542e-01 4.999953731295061349e-02 9.999890063151184449e-01
1.304245665961722807e+03 1.080289083489748059e+00 4.999944849614565423e-02 9.999868916252490081e-01
1.304256542199859950e+03 1.030887711950192021e+00 4.999932987056004280e-02 9.999840672000356312e-01
1.304267418528695089e+03 9.598059355547100546e-01 4.999916526132903299e-02 9.999801479214849298e-01
1.304278294948229131e+03 1.053674446844069301e+00 4.999891402979431132e-02 9.999741661965282358e-01
1.304289171458462761e+03 9.485889905916035092e-01 4.999827773286821125e-02 9.999590161890183904e-01
1.304300048059396431e+03 1.024209254658201340e+00 4.999390842567690701e-02 9.998549835191896662e-01
1.304310924751031280e+03 1.004539670895409964e+00 4.995761859155797846e-02 9.989908600105611436e-01
1.304321801533368216e+03 1.076157807821615187e+00 4.973746237958585892e-02 9.937459815381786132e-01
1.304332678406407695e+03 1.005085169149265489e+00 4.885184633987053188e-02 9.726015643090558660e-01
1.304343555370150398e+03 8.758190802198744240e-01 4.657304145615333291e-02 9.178256618730674665e-01
1.304354432424597235e+03 8.262010180915139168e-01 4.301940300383606114e-02 8.311406763268534004e-01
1.304365309569749115e+03 6.948197188682430081e-01 4.019081000479610144e-02 7.607331376500860998e-01
1.304376186805606494e+03 7.573846702239187545e-01 4.036482352859278172e-02 7.651078584912385239e-01
1.304387064132170053e+03 8.606126699748135600e-01 4.339061997914039903e-02 8.402794312558127254e-01
1.304397941549441157e+03 9.158362703018748663e-01 4.687677410888013013e-02 9.251594575873933746e-01
1.304408819057419805e+03 9.751003143636726156e-01 4.899338604218050897e-02 9.759859413376357207e-01
1.304419696656107135e+03 9.346775991159403940e-01 4.977834900870017898e-02 9.947203783452405190e-01
1.304430574345504283e+03 9.001495999124922154e-01 4.996524004238634548e-02 9.991723498217466304e-01
1.304441452125611249e+03 1.028926587006900650e+00 4.999488343700662918e-02 9.998781985698356189e-01
1.304452329996428944e+03 9.449981355945195061e-01 4.999839479208896542e-02 9.999618033309248810e-01
1.304463207957958730e+03 9.510015990083577897e-01 4.999894714864736717e-02 9.999749547438432362e-01
1.304474086010200608e+03 9.674925544008270428e-01 4.999918551733215782e-02 9.999806302087776988e-01
1.304484964153155943e+03 9.739454319356714018e-01 4.999934451270222208e-02 9.999844158233408553e-01
1.304495842386825188e+03 9.180220785120851712e-01 4.999945966943324799e-02 9.999871576564529629e-01
1.304506720711209027e+03 1.030467595203056641e+00 4.999954618692167146e-02 9.999892176005076294e-01
1.304517599126308369e+03 9.549087408126955001e-01 4.999961299289881755e-02 9.999908082215226424e-01
1.304528477632123895e+03 9.608769056273099851e-01 4.999966573448521440e-02 9.999920639752764018e-01
1.304539356228656516e+03 1.047534121489663850e+00 4.999970814704306904e-02 9.999930737992638319e-01
1.304550234915906685e+03 9.868119980280420922e-01 4.999974279024182316e-02 9.999938986381733397e-01
1.304561113693875541e+03 1.015407743779799477e+00 4.999977147001524042e-02 9.999945814905377706e-01
1.304571992562563537e+03 1.073758111095378665e+00 4.999979549227026587e-02 9.999951534494495586e-01
1.304582871521971811e+03 1.102157981336536530e+00 4.999981582150283405e-02 9.999956374791437730e-01
1.304593750572100362e+03 9.852097546534778205e-01 4.999983318326965687e-02 9.999960508548113580e-01
1.304604629712950555e+03 9.565299633455544015e-01 4.999984813227448255e-02 9.999964067837054937e-01
1.304615508944523071e+03 9.752480211066899551e-01 4.999986109872530532e-02 9.999967155088891335e-01
1.304626388266818594e+03 9.277532099722810566e-01 4.999987242058144543e-02 9.999969850770231705e-01
1.304637267679838260e+03 1.053206478070380925e+00 4.999988236641633721e-02 9.999972218827209991e-01
1.304648147183582068e+03 8.880023398949463687e-01 4.999989115190543731e-02 9.999974310611184913e-01
1.304659026778051157e+03 9.602949933450150022e-01 4.999989895190036504e-02 9.999976167753537037e-01
1.304669906463246434e+03 9.555792103875548893e-01 4.999990590939483448e-02 9.999977824300415596e-01
1.304680786239168583e+03 9.158362770843000433e-01 4.999991214226685854e-02 9.999979308318044380e-01
1.304691666105818058e+03 9.537523317905745035e-01 4.999991774840835401e-02 9.999980643114041445e-01
1.304702546063196223e+03 1.041335898308156427e+00 4.999992280966926439e-02 9.999981848176500154e-01
1.304713426111303079e+03 9.939568175564899022e-01 4.999992739492015864e-02 9.999982939903192536e-01
1.304724306250139989e+03 9.817016720679921926e-01 4.999993156245223502e-02 9.999983932172977763e-01
1.304735186479707409e+03 9.994799302917982686e-01 4.999993536187371385e-02 9.999984836797348731e-01
1.304746066800006247e+03 1.014042859040248379e+00 4.999993883562051100e-02 9.999985663880099906e-01
1.304756947211036959e+03 9.836574956895764998e-01 4.999994202016813660e-02 9.999986422105877626e-01
1.304767827712800909e+03 1.004041770215094109e+00 4.999994494701080067e-02 9.999987118973313605e-01
1.304778708305298096e+03 9.977232185031094103e-01 4.999994764345768589e-02 9.999987760984593299e-01
1.304789588988529886e+03 1.062951193766217495e+00 4.999995013328416282e-02 9.999988353800522978e-01
1.304800469762496959e+03 9.594893193037237200e-01 4.999995243726761823e-02 9.999988902368102117e-01
1.304811350627199772e+03 9.665059785498805178e-01 4.999995457363074630e-02 9.999989411026067865e-01
1.304822231582639006e+03 1.005846847695219148e+00 4.999995655841002473e-02 9.999989883592632633e-01
1.304833112628815798e+03 1.005077925027508146e+00 4.999995840576360040e-02 9.999990323438783246e-01
1.304843993765730829e+03 9.845180140250039402e-01 4.999996012822964520e-02 9.999990733549799504e-01
1.304854874993384783e+03 1.024668938579955668e+00 4.999996173694414708e-02 9.999991116577110484e-01
1.304865756311778341e+03 1.031255632308122561e+00 4.999996324182526264e-02 9.999991474882181652e-01
1.304876637720912186e+03 1.070474211727288738e+00 4.999996465172996257e-02 9.999991810573813922e-01
1.304887519220787681e+03 1.056248101887736546e+00 4.999996597458754993e-02 9.999992125539941545e-01
1.304898400811404599e+03 9.451813381729908814e-01 4.999996721751412410e-02 9.999992421474870330e-01
1.304909282492764532e+03 9.879629336276314344e-01 4.999996838691071060e-02 9.999992699902657822e-01
1.304920164264867708e+03 1.015392965541275672e+00 4.999996948854799894e-02 9.999992962197274959e-01
1.304931046127715035e+03 1.042883336529395466e+00 4.999997052763938132e-02 9.999993209600008814e-01
1.304941928081307424e+03 9.668615960190820591e-01 4.999997150890451991e-02 9.999993443234584944e-01
1.304952810125645783e+03 1.110022798913316233e+00 4.999997243662440694e-02 9.999993664120292447e-01
1.304963692260730340e+03 1.000352573998064543e+00 4.999997331468954836e-02 9.999993873183438131e-01
1.304974574486562233e+03 1.074709315581485525e+00 4.999997414664190953e-02 9.999994071267348517e-01
1.304985456803142142e+03 1.019232618230907939e+00 4.999997493571185780e-02 9.999994259141159469e-01
1.304996339210470978e+03 9.321023451088671363e-01 4.999997568485049088e-02 9.999994437507513378e-01
1.305007221708548968e+03 9.446766242042931028e-01 4.999997639675820421e-02 9.999994607009362602e-01
1.305018104297377477e+03 1.114344749768846121e+00 4.999997707390982371e-02 9.999994768235946907e-01
1.305028986976956958e+03 1.125979969397714830e+00 4.999997771857686568e-02 9.999994921728110331e-01
1.305039869747288094e+03 1.032030300689214419e+00 4.999997833284734738e-02 9.999995067982997421e-01
1.305050752608372022e+03 9.604906184374041311e-01 4.999997891864329386e-02 9.999995207458228785e-01
1.305061635560208742e+03 9.761903305624539673e-01 4.999997947773630880e-02 9.999995340575621450e-01
1.305072518602800073e+03 1.037544005040746509e+00 4.999998001176159113e-02 9.999995467724505094e-01
1.305083401736145788e+03 9.581293839628320930e-01 4.999998052223027234e-02 9.999995589264674134e-01
1.305094284960247251e+03 1.058143568023925507e+00 4.999998101054068528e-02 9.999995705529063361e-01
1.305105168275105143e+03 1.016345407124289668e+00 4.999998147798820347e-02 9.999995816826098283e-01
1.305116051680720147e+03 9.190492934303048367e-01 4.999998192577433803e-02 9.999995923441848955e-01
1.305126935177092719e+03 1.018029768567121796e+00 4.999998235501472432e-02 9.999996025641946229e-01
1.305137818764223766e+03 9.310090449024006620e-01 4.999998276674644249e-02 9.999996123673311477e-01
1.305148702442114654e+03 9.890395787503635239e-01 4.999998316193454001e-02 9.999996217765719786e-01
1.305159586210765383e+03 9.442810007637195691e-01 4.999998354147800611e-02 9.999996308133216605e-01
1.305170470070176862e+03 1.034097198751906976e+00 4.999998390621510774e-02 9.999996394975386727e-01
1.305181354020350227e+03 9.943649979951612039e-01 4.999998425692828846e-02 9.999996478478525574e-01
1.305192238061285707e+03 9.163639117999040629e-01 4.999998459434850523e-02 9.999996558816677261e-01
1.305203122192984438e+03 9.839377201450517640e-01 4.999998491915937787e-02 9.999996636152601592e-01
1.305214006415447102e+03 9.909183914671412241e-01 4.999998523200070710e-02 9.999996710638635600e-01
1.305224890728674382e+03 9.773915342597025990e-01 4.999998553347188152e-02 9.999996782417488461e-01
1.305235775132666959e+03 8.961853696954413806e-01 4.999998582413489601e-02 9.999996851622970917e-01
1.305246659627425743e+03 1.009329896301060625e+00 4.999998610451709957e-02 9.999996918380640309e-01
1.305257544212951643e+03 9.775736060885908962e-01 4.999998637511379740e-02 9.999996982808425638e-01
1.305268428889244888e+03 9.878401610209557315e-01 4.999998663639047825e-02 9.999997045017161579e-01
1.305279313656306613e+03 1.079902729995909416e+00 4.999998688878502795e-02 9.999997105111104734e-01
1.305290198514137728e+03 9.432178829777774220e-01 4.999998713270962375e-02 9.999997163188391047e-01
1.305301083462738916e+03 1.077547416716401418e+00 4.999998736855257309e-02 9.999997219341475452e-01
1.305311968502110403e+03 9.668395931157685030e-01 4.999998759667992343e-02 9.999997273657512675e-01
1.305322853632253782e+03 1.028999707518046147e+00 4.999998781743700271e-02 9.999997326218723614e-01
1.305333738853169052e+03 9.940873284571573043e-01 4.999998803114977936e-02 9.999997377102720630e-01
1.305344624164857350e+03 9.726125050702689734e-01 4.999998823812625698e-02 9.999997426382833954e-01
1.305355509567319359e+03 9.836766066059674518e-01 4.999998843865750831e-02 9.999997474128370367e-01
1.305366395060555760e+03 9.956031751140608232e-01 4.999998863301888252e-02 9.999997520404889650e-01
1.305377280644567463e+03 9.305256889630939554e-01 4.999998882147101142e-02 9.999997565274444389e-01
1.305388166319355150e+03 1.119095366404950997e+00 4.999998900426069759e-02 9.999997608795799797e-01
1.305399052084919958e+03 1.041613008120864103e+00 4.999998918162185113e-02 9.999997651024645773e-01
1.305409937941262115e+03 1.055546800041443856e+00 4.999998935377624604e-02 9.999997692013788964e-01
1.305420823888382074e+03 9.996378147231333999e-01 4.999998952093428345e-02 9.999997731813321522e-01
1.305431709926281428e+03 1.011100412997127496e+00 4.999998968329571331e-02 9.999997770470805403e-01
1.305442596054960859e+03 9.597037125188002671e-01 4.999998984105023803e-02 9.999997808031407809e-01
1.305453482274420594e+03 1.018093857339321007e+00 4.999998999437813701e-02 9.999997844538051073e-01
1.305464368584661543e+03 1.015758201828464991e+00 4.999999014345084258e-02 9.999997880031552544e-01
1.305475254985684387e+03 9.431524069305101676e-01 4.999999028843141180e-02 9.999997914550735612e-01
1.305486141477490264e+03 1.012664899967734122e+00 4.999999042947507466e-02 9.999997948132559600e-01
1.305497028060079401e+03 9.778353229772172028e-01 4.999999056672959491e-02 9.999997980812210807e-01
1.305507914733453390e+03 1.064204442456551769e+00 4.999999070033585291e-02 9.999998012623223520e-01
1.305518801497612003e+03 1.055538553646798272e+00 4.999999083042801912e-02 9.999998043597549957e-01
1.305529688352556832e+03 9.904936397871753062e-01 4.999999095713414388e-02 9.999998073765675732e-01
1.305540575298287877e+03 9.695222838215172834e-01 4.999999108057635172e-02 9.999998103156675366e-01
1.305551462334806729e+03 9.853240813803563203e-01 4.999999120087120913e-02 9.999998131798308876e-01
1.305562349462113389e+03 1.054824643649162841e+00 4.999999131813004372e-02 9.999998159717080615e-01
1.305573236680208765e+03 9.432609219223856423e-01 4.999999143245922179e-02 9.999998186938313660e-01
1.305584123989093996e+03 1.031871193293857125e+00 4.999999154396039119e-02 9.999998213486211984e-01
1.305595011388769763e+03 1.059500050662666615e+00 4.999999165273077972e-02 9.999998239383922627e-01
1.305605898879236520e+03 1.043001288062662457e+00 4.999999175886332692e-02 9.999998264653576774e-01
1.305616786460495177e+03 1.033208565329900130e+00 4.999999186244705879e-02 9.999998289316369693e-01
1.305627674132546417e+03 1.090830161652941221e+00 4.999999196356711556e-02 9.999998313392575167e-01
1.305638561895391149e+03 1.149574752992259308e+00 4.999999206230513332e-02 9.999998336901626539e-01
1.305649449749030055e+03 1.009438734487346778e+00 4.999999215873923708e-02 9.999998359862128927e-01
1.305660337693464044e+03 1.002718928474299442e+00 4.999999225294439464e-02 9.999998382291928056e-01
1.305671225728693116e+03 9.297225385563511191e-01 4.999999234499240969e-02 9.999998404208122471e-01
1.305682113854719319e+03 1.111700375921381712e+00 4.999999243495220624e-02 9.999998425627121268e-01
1.305693002071542423e+03 9.810973589854460331e-01 4.999999252288989809e-02 9.999998446564666299e-01
1.305703890379163340e+03 9.753840361152092964e-01 4.999999260886894142e-02 9.999998467035867700e-01
1.305714778777583206e+03 1.037458161651688693e+00 4.999999269295028748e-02 9.999998487055237195e-01
1.305725667266802475e+03 9.743185508247962368e-01 4.999999277519245888e-02 9.999998506636705864e-01
1.305736555846822057e+03 9.815878502344541623e-01 4.999999285565172313e-02 9.999998525793672988e-01
1.305747444517642407e+03 1.011726488791788059e+00 4.999999293438211340e-02 9.999998544539003831e-01
1.305758333279264662e+03 9.927069883869030775e-01 4.999999301143562974e-02 9.999998562885080711e-01
1.305769222131689276e+03 1.112443424297709704e+00 4.999999308686225996e-02 9.999998580843800777e-01
1.305780111074917386e+03 1.070641735403411676e+00 4.999999316071011835e-02 9.999998598426623753e-01
1.305791000108949220e+03 9.900415051413832268e-01 4.999999323302546650e-02 9.999998615644566380e-01
1.305801889233786142e+03 1.004744066673871616e+00 4.999999330385290069e-02 9.999998632508241281e-01
1.305812778449428151e+03 1.004103280085254513e+00 4.999999337323534493e-02 9.999998649027869169e-01
1.305823667755876613e+03 9.799848964272610541e-01 4.999999344121412725e-02 9.999998665213294391e-01
1.305834557153132437e+03 1.098684879525549052e+00 4.999999350782909774e-02 9.999998681074000473e-01
1.305845446641195849e+03 1.078030194500490868e+00 4.999999357311864928e-02 9.999998696619132321e-01
1.305856336220067760e+03 1.008429859312513166e+00 4.999999363711980782e-02 9.999998711857503997e-01
1.305867225889749079e+03 1.010263050289720743e+00 4.999999369986828091e-02 9.999998726797615367e-01
1.305878115650240261e+03 1.026289219733309999e+00 4.999999376139850626e-02 9.999998741447668760e-01
1.305889005501542670e+03 1.006650117683506762e+00 4.999999382174373508e-02 9.999998755815582285e-01
1.305899895443656305e+03 1.004186456595065557e+00 4.999999388093603891e-02 9.999998769908987617e-01
1.305910785476582078e+03 9.757288663831688025e-01 4.999999393900638606e-02 9.999998783735261076e-01
1.305921675600321578e+03 9.510707590622029528e-01 4.999999399598470395e-02 9.999998797301528075e-01
1.305932565814874579e+03 9.885784625209266263e-01 4.999999404573927941e-02 9.999998809147854217e-01
1.305943456120241990e+03 9.969788777031817206e-01 4.999999218662125322e-02 9.999998366500701952e-01
1.305954346516425176e+03 1.003307583867121267e+00 4.999986163229609010e-02 9.999967282129620383e-01
1.305965237003424136e+03 1.022699870827915580e+00 4.999531399697367678e-02 9.998884501888334331e-01
1.305976127581240462e+03 9.741118797691526998e-01 4.991356313173836434e-02 9.979416625220315362e-01
1.305987018249874154e+03 9.867360325724943149e-01 4.914985850339818191e-02 9.797251038580323534e-01
1.305997909009326122e+03 9.159542851475018788e-01 4.543866817194858881e-02 8.903377263201115444e-01
1.306008799859597502e+03 -9.899350116815214157e+09 4.582575694497583508e+08 -9.999999999000000000e+09
