1.300878400450068511e+03 1.003604421850657014e+00 4.999998369838469514e-02 -9.999999999000000000e+09
1.300889248608233856e+03 1.008814664603740363e+00 4.999998344345966267e-02 -9.999999999000000000e+09
1.300900096856862774e+03 9.611143432259721120e-01 4.999998318202011210e-02 -9.999999999000000000e+09
1.300910945195956629e+03 9.855071796776343485e-01 4.999998291384067511e-02 -9.999999999000000000e+09
1.300921793625515875e+03 1.006696363594631993e+00 4.999998263868610238e-02 -9.999999999000000000e+09
1.300932642145541195e+03 9.878310144145938665e-01 4.999998235631076399e-02 -9.999999999000000000e+09
1.300943490756033498e+03 9.737268379926748985e-01 4.999998206645812210e-02 -9.999999999000000000e+09
1.300954339456993694e+03 1.003769712677665460e+00 4.999998176886009255e-02 -9.999999999000000000e+09
1.300965188248421782e+03 9.681355808263001350e-01 4.999998146323643422e-02 -9.999999999000000000e+09
1.300976037130319355e+03 1.015286569645635684e+00 4.999998114929408294e-02 -9.999999999000000000e+09
1.300986886102687095e+03 1.095307964817506141e+00 4.999998082672644367e-02 -9.999999999000000000e+09
1.300997735165525228e+03 9.774756015574541657e-01 4.999998049521266197e-02 -9.999999999000000000e+09
1.301008584318834892e+03 1.065610038105615054e+00 4.999998015441671495e-02 9.734735687086621958e-01
1.301019433562616541e+03 9.736901935897591676e-01 4.999997980398668274e-02 9.742214775394210102e-01
1.301030282896871540e+03 9.047174396388102391e-01 4.999997944355374230e-02 9.749577467385018847e-01
1.301041132321600116e+03 9.407098230161762276e-01 4.999997907273118908e-02 9.756824552507559201e-01
1.301051981836803179e+03 9.052173956798643673e-01 4.999997869111345167e-02 9.763956820245389689e-01
1.301062831442481183e+03 9.864861919333921536e-01 4.999997829827488444e-02 9.770975060116917632e-01
1.301073681138635266e+03 9.499890727321105288e-01 4.999997789376862956e-02 9.777880061675122692e-01
1.301084530925266336e+03 1.017235256672544219e+00 4.999997747712528473e-02 9.784672614507163857e-01
1.301095380802374621e+03 1.024393865482502441e+00 4.999997704785159869e-02 9.791353508234057479e-01
1.301106230769961257e+03 9.221160810290982557e-01 4.999997660542890993e-02 9.797923532510368627e-01
1.301117080828026928e+03 1.021908815313580243e+00 4.999997614931159240e-02 9.804383477023828064e-01
1.301127930976572088e+03 9.772812798205089413e-01 4.999997567892539019e-02 9.810734131494929233e-01
1.301138781215598101e+03 9.916628076908894363e-01 4.999997519366555093e-02 9.816976285676506375e-01
1.301149631545105194e+03 9.689500914875233128e-01 4.999997469289487600e-02 9.823110729353213832e-01
1.301160481965094277e+03 1.002666964680635653e+00 4.999997417594159721e-02 9.829138252341049764e-01
1.301171332475566032e+03 1.021318015922477951e+00 4.999997364209711470e-02 9.835059644486863206e-01
1.301182183076521369e+03 1.057672312961245087e+00 4.999997309061352674e-02 9.840875695667737899e-01
1.301193033767961197e+03 9.580014818686480860e-01 4.999997252070099291e-02 9.846587195790326152e-01
1.301203884549885970e+03 9.457720316125624027e-01 4.999997193152488917e-02 9.852194934790179381e-01
1.301214735422296144e+03 9.624665914640553321e-01 4.999997132220267149e-02 9.857699702631048666e-01
1.301225586385193310e+03 9.783514122888532505e-01 4.999997069180060760e-02 9.863102289304113146e-01
1.301236437438577468e+03 1.011386590060760593e+00 4.999997003933013412e-02 9.868403484827064087e-01
1.301247288582449755e+03 1.006893885022805524e+00 4.999996936374390827e-02 9.873604079243197829e-01
1.301258139816810854e+03 9.016074996818935761e-01 4.999996866393161682e-02 9.878704862620412142e-01
1.301268991141661672e+03 1.027406595667268663e+00 4.999996793871534090e-02 9.883706625050088235e-01
1.301279842557002894e+03 1.019564421952686484e+00 4.999996718684452529e-02 9.888610156645881721e-01
1.301290694062834746e+03 9.999748082934690752e-01 4.999996640699063549e-02 9.893416247542473618e-01
1.301301545659158592e+03 8.736871657837870231e-01 4.999996559774110699e-02 9.898125687894200331e-01
1.301312397345975114e+03 9.971382344508855633e-01 4.999996475759297537e-02 9.902739267873459372e-01
1.301323249123284995e+03 9.478602830061167994e-01 4.999996388494577088e-02 9.907257777669020715e-01
1.301334100991088690e+03 9.322526296235498222e-01 4.999996297809389950e-02 9.911682007484221568e-01
1.301344952949387334e+03 9.981656920917982845e-01 4.999996203521819144e-02 9.916012747535001282e-01
1.301355804998181839e+03 9.179165436763618846e-01 4.999996105437663069e-02 9.920250788047663137e-01
1.301366657137472430e+03 9.928429247237301469e-01 4.999996003349440471e-02 9.924396919256487370e-01
1.301377509367260018e+03 1.076949172491947104e+00 4.999995897035268422e-02 9.928451931401131025e-01
1.301388361687545739e+03 1.125606297141078960e+00 4.999995786257659114e-02 9.932416614723726944e-01
1.301399214098330049e+03 1.036426497752658271e+00 4.999995670762168165e-02 9.936291759465682993e-01
1.301410066599613401e+03 9.959946423022753015e-01 4.999995550275934675e-02 9.940078155864199294e-01
1.301420919191397161e+03 9.996544904906700113e-01 4.999995424506040870e-02 9.943776594148432402e-01
1.301431771873681782e+03 1.060106414210766124e+00 4.999995293137727420e-02 9.947387864535204294e-01
1.301442624646467721e+03 9.921061656087917235e-01 4.999995155832399896e-02 9.950912757224295024e-01
1.301453477509756567e+03 1.018905626166019429e+00 4.999995012225430524e-02 9.954352062393234668e-01
1.301464330463548322e+03 1.008183508344165702e+00 4.999994861923712230e-02 9.957706570191482420e-01
1.301475183507843894e+03 1.028070929785749765e+00 4.999994704502949000e-02 9.960977070734012839e-01
1.301486036642643967e+03 1.068698435851069606e+00 4.999994539504629132e-02 9.964164354094173781e-01
1.301496889867949676e+03 9.866530943980432733e-01 4.999994366432661957e-02 9.967269210295700566e-01
1.301507743183761477e+03 9.208225248431626264e-01 4.999994184749611409e-02 9.970292429303774240e-01
1.301518596590080278e+03 9.806061952907143553e-01 4.999993993872486886e-02 9.973234801015057327e-01
1.301529450086906763e+03 1.019464924090046409e+00 4.999993793168023420e-02 9.976097115246534974e-01
1.301540303674241613e+03 1.052955393302809739e+00 4.999993581947378279e-02 9.978880161722962772e-01
1.301551157352085283e+03 8.494747270203222289e-01 4.999993359460171843e-02 9.981584730062778021e-01
1.301562011120439365e+03 8.829041933262846698e-01 4.999993124887753410e-02 9.984211609762180251e-01
1.301572864979303858e+03 1.011917128613314398e+00 4.999992877335603797e-02 9.986761590177140047e-01
1.301583718928679900e+03 1.151977799916493517e+00 4.999992615824720016e-02 9.989235460503052000e-01
1.301594572968568173e+03 8.922417114748560918e-01 4.999992339281847387e-02 9.991634009751654277e-01
1.301605427098969358e+03 9.402046340429992544e-01 4.999992046528352330e-02 9.993958026724756305e-01
1.301616281319884365e+03 9.204883867873154824e-01 4.999991736267541537e-02 9.996208299984306045e-01
1.301627135631313649e+03 1.041347719982854914e+00 4.999991407070154131e-02 9.998385617818142945e-01
1.301637990033258120e+03 9.586668048211601789e-01 4.999991057357726365e-02 1.000049076820078708e+00
1.301648844525718687e+03 9.683936482002115653e-01 4.999990685383471495e-02 1.000252453874834302e+00
1.301659699108696032e+03 9.784770309076926686e-01 4.999990289210216876e-02 1.000448771666651693e+00
1.301670553782190837e+03 1.056217264524009991e+00 4.999989866684914630e-02 1.000638108869053466e+00
1.301681408546203784e+03 9.920274384946947688e-01 4.999989415409035465e-02 1.000820544101549192e+00
1.301692263400735555e+03 9.252648636320884856e-01 4.999988932704130945e-02 1.000996155921530573e+00
1.301703118345787288e+03 9.873103106866304435e-01 4.999988415571598316e-02 1.001165022814809902e+00
1.301713973381359665e+03 9.976772876470553220e-01 4.999987860645521698e-02 1.001327223184532489e+00
1.301724828507453140e+03 1.035152252934036010e+00 4.999987264137176202e-02 1.001482835338141975e+00
1.301735683724068622e+03 1.002910057271020783e+00 4.999986621769481054e-02 1.001631937471992195e+00
1.301746539031206567e+03 1.070213177138221505e+00 4.999985928699241661e-02 1.001774607653105775e+00
1.301757394428868565e+03 1.032453726954816187e+00 4.999985179424502879e-02 1.001910923797453057e+00
1.301768249917054618e+03 1.028112492492116115e+00 4.999984367673680069e-02 1.002040963643973770e+00
1.301779105495765634e+03 1.022973255620192257e+00 4.999983486272191469e-02 1.002164804723357339e+00
1.301789961165002524e+03 1.009721113726882002e+00 4.999982526981244096e-02 1.002282524320331270e+00
1.301800816924765741e+03 9.352907215991345113e-01 4.999981480301870368e-02 1.002394199427859789e+00
1.301811672775056422e+03 1.055873069805132403e+00 4.999980335235363477e-02 1.002499906691197706e+00
1.301822528715875251e+03 1.054611200221825307e+00 4.999979078988585346e-02 1.002599722339139410e+00
1.301833384747222681e+03 1.062010491072545193e+00 4.999977696609128608e-02 1.002693722098981777e+00
1.301844240869099622e+03 9.818481842497006618e-01 4.999976170530417985e-02 1.002781981090614005e+00
1.301855097081506983e+03 9.680233357747187739e-01 4.999974480000331234e-02 1.002864573693628802e+00
1.301865953384445447e+03 1.106255046251435115e+00 4.999972600357710517e-02 1.002941573379259044e+00
1.301876809777915469e+03 9.894813657820517028e-01 4.999970502108332104e-02 1.003013052496007029e+00
1.301887666261918412e+03 9.761659304852231545e-01 4.999968149733763356e-02 1.003079081993673238e+00
1.301898522836454731e+03 9.609705019127429138e-01 4.999965500140284708e-02 1.003139731064528029e+00
1.301909379501525109e+03 1.054056817225936582e+00 4.999962500616896011e-02 1.003195066671650704e+00
1.301920236257130000e+03 9.343246658382607928e-01 4.999959086114597051e-02 1.003245152921582672e+00
1.301931093103270541e+03 1.106040659691076566e+00 4.999955175573411043e-02 1.003290050218970331e+00
1.301941950039947642e+03 1.028200637434052656e+00 4.999950666891345846e-02 1.003329814110992757e+00
1.301952807067161984e+03 1.059124567080609092e+00 4.999945429921114765e-02 1.003364493682359804e+00
1.301963664184914023e+03 9.240861494589653891e-01 4.999939296543900319e-02 1.003394129286008685e+00
1.301974521393204668e+03 1.022419475598317362e+00 4.999932046310379130e-02 1.003418749269328281e+00
1.301985378692034601e+03 1.110838286816698384e+00 4.999923385180275737e-02 1.003438365141632538e+00
1.301996236081404732e+03 9.583946685484067141e-01 4.999912913183564289e-02 1.003452964248763957e+00
1.302007093561315742e+03 1.006394132285145515e+00 4.999900073639111653e-02 1.003462498315082829e+00
1.302017951131768314e+03 1.046895401526882985e+00 4.999884070120444446e-02 1.003466864789804625e+00
1.302028808792763357e+03 1.014867226248949095e+00 4.999863719432401377e-02 1.003465873947558151e+00
1.302039666544301326e+03 9.593174862313706974e-01 4.999837085397474540e-02 1.003459167268648589e+00
1.302050524386383586e+03 1.069695380867001111e+00 4.999799268951461012e-02 1.003445734516261734e+00
1.302061382319010363e+03 9.356248734092071917e-01 4.999720982563427008e-02 1.003419351372731860e+00
1.302072240342182340e+03 9.643707721459414683e-01 4.999363794477410666e-02 1.003329940766766626e+00
1.302083098455900881e+03 1.030063625416814510e+00 4.997075991580574722e-02 1.002833800890837068e+00
1.302093956660166214e+03 9.968452751820234825e-01 4.984237562795186538e-02 1.000136076752364600e+00
1.302104814954979020e+03 9.894531458675140945e-01 4.928759742268992022e-02 9.884587266144196915e-01
1.302115673340340436e+03 9.970387414140092774e-01 4.751409406273256891e-02 9.504127321677586782e-01
1.302126531816250917e+03 9.106503166007118288e-01 4.343186607292888468e-02 8.594039351061248944e-01
1.302137390382711374e+03 6.639322011599626538e-01 3.686427692386602673e-02 7.023717770972696117e-01
1.302148249039722714e+03 4.980515270062778055e-01 2.981122214321238473e-02 5.105391371064273986e-01
1.302159107787285166e+03 3.696429753372720284e-01 2.519312774414224007e-02 3.527443526804632246e-01
1.302169966625399866e+03 2.788942254068901283e-01 2.401404209740207532e-02 2.898591765009057575e-01
1.302180825554067951e+03 3.511815713907160408e-01 2.610401929098821877e-02 3.444323421610103741e-01
1.302191684573289422e+03 5.108145937664024805e-01 3.159452499162895139e-02 4.969434128246906779e-01
1.302202543683065414e+03 6.666782870767934410e-01 3.882264987105162046e-02 6.887179156503551170e-01
1.302213402883396611e+03 8.671678469084040941e-01 4.481457034587511823e-02 8.498327483434867657e-01
1.302224262174283695e+03 8.472559989252306245e-01 4.818150608100994770e-02 9.454626432483504983e-01
1.302235121555727574e+03 1.052247012597813836e+00 4.951576031011675760e-02 9.863217004620301598e-01
1.302245981027729385e+03 9.943740868195249938e-01 4.989923294875921872e-02 9.990747841519725947e-01
1.302256840590288675e+03 9.817056991953116984e-01 4.998145534800650658e-02 1.002009794223315264e+00
1.302267700243407489e+03 9.861909490553018021e-01 4.999529856942065004e-02 1.002484120100822551e+00
1.302278559987085828e+03 9.509889090090466457e-01 4.999751414919588466e-02 1.002496548778165186e+00
1.302289419821325055e+03 9.924139241780211007e-01 4.999811250816269675e-02 1.002438437638448754e+00
1.302300279746125170e+03 1.019328431500021059e+00 4.999845049237949118e-02 1.002367955867060179e+00
1.302311139761487311e+03 1.008620205364844535e+00 4.999869703027202267e-02 1.002292495257715466e+00
1.302321999867412615e+03 9.377721844180981758e-01 4.999888721878230358e-02 1.002213338596084080e+00
1.302332860063900853e+03 1.104888668979937982e+00 4.999903766311564191e-02 1.002131023043649316e+00
1.302343720350953845e+03 9.926622139243308496e-01 4.999915893473384082e-02 1.002045905344911558e+00
1.302354580728571818e+03 9.391365631667630831e-01 4.999925823706397043e-02 1.001958251696755564e+00
1.302365441196755455e+03 1.016417150863422103e+00 4.999934064598014760e-02 1.001868272266344118e+00
1.302376301755505665e+03 9.785558310626610856e-01 4.999940983267487510e-02 1.001776140550990402e+00
1.302387162404823357e+03 1.008547466031606499e+00 4.999946851128380526e-02 1.001682005226983696e+00
1.302398023144708759e+03 1.061964009112331686e+00 4.999951872659442326e-02 1.001585997705704223e+00
1.302408883975163462e+03 1.045588682411579429e+00 4.999956204466535908e-02 1.001488237107885926e+00
1.302419744896187694e+03 1.049061485388079307e+00 4.999959968242750213e-02 1.001388833627341546e+00
1.302430605907781910e+03 9.831761165180652462e-01 4.999963259779794528e-02 1.001287890858952423e+00
1.302441467009947473e+03 1.018243631250894454e+00 4.999966155358475522e-02 1.001185507442897693e+00
1.302452328202684612e+03 9.336507725076726993e-01 4.999968716360510268e-02 1.001081778247007836e+00
1.302463189485994462e+03 9.734051401768577527e-01 4.999970992649265672e-02 1.000976795230752003e+00
1.302474050859877707e+03 9.614226802089909096e-01 4.999973025083293693e-02 1.000870648085774528e+00
1.302484912324335255e+03 9.843428059347938408e-01 4.999974847409194290e-02 1.000763424717026062e+00
1.302495773879367334e+03 9.567733722608541269e-01 4.999976487703849254e-02 1.000655211608494577e+00
1.302506635524975081e+03 1.028807388460808436e+00 4.999977969485107365e-02 1.000546094104264983e+00
1.302517497261159633e+03 9.733257187457121651e-01 4.999979312575646845e-02 1.000436156626695272e+00
1.302528359087920762e+03 1.012454692156117497e+00 4.999980533780987169e-02 1.000325482847346015e+00
1.302539221005260060e+03 1.001221131902931827e+00 4.999981647426160469e-02 1.000214155822052975e+00
1.302550083013177755e+03 1.049044739108047519e+00 4.999982665783851005e-02 1.000102258098517050e+00
1.302560945111675210e+03 8.999869406271854277e-01 4.999983599418453967e-02 9.999898718026480893e-01
1.302571807300752425e+03 1.011417940827132211e+00 4.999984457464484028e-02 9.998770787083328671e-01
1.302582669580410766e+03 9.560573224839554740e-01 4.999985247853288434e-02 9.997639602941830184e-01
1.302593531950650913e+03 9.449778933190159380e-01 4.999985977498797030e-02 9.996505977899730055e-01
1.302604394411473550e+03 9.892076460127873228e-01 4.999986652450568586e-02 9.995370722148617659e-01
1.302615256962878675e+03 1.033938422187795414e+00 4.999987278020573411e-02 9.994234644090195241e-01
1.302626119604868563e+03 8.869638859596029601e-01 4.999987858888739478e-02 9.993098550599353036e-01
1.302636982337442760e+03 9.907197497322218771e-01 4.999988399191256094e-02 9.991963247244058932e-01
1.302647845160602401e+03 1.053878725803366168e+00 4.999988902594778434e-02 9.990829538469968574e-01
1.302658708074348169e+03 9.915770340500521529e-01 4.999989372359059381e-02 9.989698227756107496e-01
1.302669571078680974e+03 9.750951839524139020e-01 4.999989811390022354e-02 9.988570117746697896e-01
1.302680434173601270e+03 9.214917288468696954e-01 4.999990222284907831e-02 9.987446010363244531e-01
1.302691297359110422e+03 9.740878073237679846e-01 4.999990607370845969e-02 9.986326706900170436e-01
1.302702160635208656e+03 9.361773363874853482e-01 4.999990968737889896e-02 9.985213008106728072e-01
1.302713024001896656e+03 1.030977014264906177e+00 4.999991308267426326e-02 9.984105714257367481e-01
1.302723887459175330e+03 1.071525909157526657e+00 4.999991627656692056e-02 9.983005625212408862e-01
1.302734751007045816e+03 1.015265392089735208e+00 4.999991928439977834e-02 9.981913540470522817e-01
1.302745614645508567e+03 9.350795406509920804e-01 4.999992212007039333e-02 9.980830259214250599e-01
1.302756478374564040e+03 1.084231721893786915e+00 4.999992479619117663e-02 9.979756580349604667e-01
1.302767342194213370e+03 9.767528906889435536e-01 4.999992732422915698e-02 9.978693302540586618e-01
1.302778206104457013e+03 9.533842106426554386e-01 4.999992971462843827e-02 9.977641224239403028e-01
1.302789070105296105e+03 9.973674385117706764e-01 4.999993197691742636e-02 9.976601143712959807e-01
1.302799934196731328e+03 9.734077500435694974e-01 4.999993411980330899e-02 9.975573859066142468e-01
1.302810798378763138e+03 9.295464477948558457e-01 4.999993615125519764e-02 9.974560168262331938e-01
1.302821662651392671e+03 1.016483693030041158e+00 4.999993807857761041e-02 9.973560869141511187e-01
1.302832527014620155e+03 1.022215869877263428e+00 4.999993990847560049e-02 9.972576759436292404e-01
1.302843391468447180e+03 1.106852895772507228e+00 4.999994164711248773e-02 9.971608636786138957e-01
1.302854256012873520e+03 1.076751946583964115e+00 4.999994330016101912e-02 9.970657298750000841e-01
1.302865120647900540e+03 1.003771517505026578e+00 4.999994487284934591e-02 9.969723542817555684e-01
1.302875985373528920e+03 1.017298047502755320e+00 4.999994637000156061e-02 9.968808166419234063e-01
1.302886850189759343e+03 9.239163490944294344e-01 4.999994779607428580e-02 9.967911966935216750e-01
1.302897715096592492e+03 9.495359779428729219e-01 4.999994915518936323e-02 9.967035741703424989e-01
1.302908580094029276e+03 8.947702944362880828e-01 4.999995045116302494e-02 9.966180288026738054e-01
1.302919445182070376e+03 1.016107659635553384e+00 4.999995168753231661e-02 9.965346403179456969e-01
1.302930310360716703e+03 9.503271787447191699e-01 4.999995286757873830e-02 9.964534884413120963e-01
1.302941175629968939e+03 1.021347737781155951e+00 4.999995399434959548e-02 9.963746528961723303e-01
1.302952040989827537e+03 9.994394519164083723e-01 4.999995507067726830e-02 9.962982134044948701e-01
1.302962906440293409e+03 9.846824741829627303e-01 4.999995609919664907e-02 9.962242496824488258e-01
1.302973771981367463e+03 1.073173109599847797e+00 4.999995708236082415e-02 9.961528413570294171e-01
1.302984637613050609e+03 1.029619437735326049e+00 4.999995802245546517e-02 9.960840671655009082e-01
1.302995503335343074e+03 1.046097130109429285e+00 4.999995892161170769e-02 9.960180007907277755e-01
1.303006369148245994e+03 1.076289969021611892e+00 4.999995978181796807e-02 9.959546994633311501e-01
1.303017235051760053e+03 1.016152886797131005e+00 4.999996060493058780e-02 9.958941894827368913e-01
1.303028101045886160e+03 1.014145033591438372e+00 4.999996139268368667e-02 9.958364634055107967e-01
1.303038967130624542e+03 1.033147118166619860e+00 4.999996214669792660e-02 9.957814924146306534e-01
1.303049833305976790e+03 9.439764978680066365e-01 4.999996286848869265e-02 9.957292398567541003e-01
1.303060699571942678e+03 9.883769018465170531e-01 4.999996355947346899e-02 9.956796674249891455e-01
1.303071565928523569e+03 9.712772551307595759e-01 4.999996422097859744e-02 9.956327366107733390e-01
1.303082432375720373e+03 1.071353670286907089e+00 4.999996485424543224e-02 9.955884088882459571e-01
1.303093298913533545e+03 1.056555099659538310e+00 4.999996546043603690e-02 9.955466457271733294e-01
1.303104165541963994e+03 9.619745253579726763e-01 4.999996604063831201e-02 9.955074085935620154e-01
1.303115032261012175e+03 8.927881653442470977e-01 4.999996659587079006e-02 9.954706589497827052e-01
1.303125899070678997e+03 9.473374754063894621e-01 4.999996712708693059e-02 9.954363582546779110e-01
1.303136765970965371e+03 9.642310518354628712e-01 4.999996763517915166e-02 9.954044679636584458e-01
1.303147632961871750e+03 9.980404735138775907e-01 4.999996812098240345e-02 9.953749495287933513e-01
1.303158500043399272e+03 1.035237749896838366e+00 4.999996858527755439e-02 9.953477643988909440e-01
1.303169367215548391e+03 9.683887619279953896e-01 4.999996902879446509e-02 9.953228740195736446e-01
1.303180234478320017e+03 9.469846845929711376e-01 4.999996945221477779e-02 9.953002398333467005e-01
1.303191101831715059e+03 9.084705143542322059e-01 4.999996985617445600e-02 9.952798232796598032e-01
1.303201969275733745e+03 9.905142556121282471e-01 4.999997024126613676e-02 9.952615857949644873e-01
1.303212836810377212e+03 1.044409882921102817e+00 4.999997060804129562e-02 9.952454888127659771e-01
1.303223704435646368e+03 9.456076353535758372e-01 4.999997095701216865e-02 9.952314937636699277e-01
1.303234572151541897e+03 1.118480141468384703e+00 4.999997128865350804e-02 9.952195620754263894e-01
1.303245439958064026e+03 9.543015786500893549e-01 4.999997160340423352e-02 9.952096551729667784e-01
1.303256307855213890e+03 9.172136608453749229e-01 4.999997190166882016e-02 9.952017344784396258e-01
1.303267175842992629e+03 1.078069369436898128e+00 4.999997218381861674e-02 9.951957614112414419e-01
1.303278043921400240e+03 1.067237937072726961e+00 4.999997245019298375e-02 9.951916973880441386e-01
1.303288912090438089e+03 1.032134873167709355e+00 4.999997270110038972e-02 9.951895038228197876e-01
1.303299780350106857e+03 1.045931984858772701e+00 4.999997293681918836e-02 9.951891421268610483e-01
1.303310648700406773e+03 9.453005490615948858e-01 4.999997315759847905e-02 9.951905737087995973e-01
1.303321517141339200e+03 1.031648815838837718e+00 4.999997336365876593e-02 9.951937599746212282e-01
1.303332385672904593e+03 1.135705840068740979e+00 4.999997355519242292e-02 9.951986623276776189e-01
1.303343254295103861e+03 9.992069140158201801e-01 4.999997373236413772e-02 9.952052421686958805e-01
1.303354123007937915e+03 9.455298479020186608e-01 4.999997389531130737e-02 9.952134608957851070e-01
1.303364991811406753e+03 1.022101411915995461e+00 4.999997404414414232e-02 9.952232799044402611e-01
1.303375860705511968e+03 1.054222276396275859e+00 4.999997417894577051e-02 9.952346605875426189e-01
1.303386729690254015e+03 9.511155130467556784e-01 4.999997429977225821e-02 9.952475643353579926e-01
1.303397598765633575e+03 1.090016401263248724e+00 4.999997440665244347e-02 9.952619525355317354e-01
1.303408467931651558e+03 9.556521028771729487e-01 4.999997449958769324e-02 9.952777865730820794e-01
1.303419337188308646e+03 9.508849832594511442e-01 4.999997457855154259e-02 9.952950278303877019e-01
1.303430206535605294e+03 9.973200402277736520e-01 4.999997464348915344e-02 9.953136376871747348e-01
1.303441075973542866e+03 1.009243217990525965e+00 4.999997469431675251e-02 9.953335775204994462e-01
1.303451945502121589e+03 9.367020589984011991e-01 4.999997473092086808e-02 9.953548087047275894e-01
1.303462815121342373e+03 9.649056174479662129e-01 4.999997475315737239e-02 9.953772926115098674e-01
1.303473684831206356e+03 9.703654271301938028e-01 4.999997476085048242e-02 9.954009906097532889e-01
1.303484554631713763e+03 1.003718670885619835e+00 4.999997475379151790e-02 9.954258640655901935e-01
1.303495424522865505e+03 9.260452552076845478e-01 4.999997473173752732e-02 9.954518743423396154e-01
1.303506294504662264e+03 1.097770562314688725e+00 4.999997469440975451e-02 9.954789828004667607e-01
1.303517164577105177e+03 9.166596345695563475e-01 4.999997464149177895e-02 9.955071507975361556e-01
1.303528034740194698e+03 9.954312118100477891e-01 4.999997457262758682e-02 9.955363396881585780e-01
1.303538904993931510e+03 1.020189206667559967e+00 4.999997448741932277e-02 9.955665108239329930e-01
1.303549775338316522e+03 1.037276527279485050e+00 4.999997438542479189e-02 9.955976255533810493e-01
1.303560645773350416e+03 1.040309161599448196e+00 4.999997426615472584e-02 9.956296452218742488e-01
1.303571516299033874e+03 9.780347526136966563e-01 4.999997412906959093e-02 9.956625311715532334e-01
1.303582386915367806e+03 9.838800561151259672e-01 4.999997397357627132e-02 9.956962447412383010e-01
1.303593257622353121e+03 9.526366809210021769e-01 4.999997379902420408e-02 9.957307472663285974e-01
1.303604128419990275e+03 1.030154649148758983e+00 4.999997360470109092e-02 9.957660000786932031e-01
1.303614999308279948e+03 1.046324367891688256e+00 4.999997338982824918e-02 9.958019645065466774e-01
1.303625870287223279e+03 1.021909373293374612e+00 4.999997315355533128e-02 9.958386018743138335e-01
1.303636741356820949e+03 9.474023524346080194e-01 4.999997289495453079e-02 9.958758735024773046e-01
1.303647612517073185e+03 9.840269416110815071e-01 4.999997261301408757e-02 9.959137407074091231e-01
1.303658483767981352e+03 9.458305781079768826e-01 4.999997230663104364e-02 9.959521648011844253e-01
1.303669355109546132e+03 9.545095609030327388e-01 4.999997197460325643e-02 9.959911070913709530e-01
1.303680226541767979e+03 1.046146833385136476e+00 4.999997161562039910e-02 9.960305288807969060e-01
1.303691098064648031e+03 1.067355799561159779e+00 4.999997122825390605e-02 9.960703914672904835e-01
1.303701969678186515e+03 1.038325031330462833e+00 4.999997081094585683e-02 9.961106561433900053e-01
1.303712841382384795e+03 9.825054929566001682e-01 4.999997036199635425e-02 9.961512841960178388e-01
1.303723713177242871e+03 9.929076930591970163e-01 4.999996987954941075e-02 9.961922369061160243e-01
1.303734585062762335e+03 9.984199796062214194e-01 4.999996936157728722e-02 9.962334755482360471e-01
1.303745457038943414e+03 8.831698521878346142e-01 4.999996880586247278e-02 9.962749613900780954e-01
1.303756329105787245e+03 9.628175066514913505e-01 4.999996820997781172e-02 9.963166556919713646e-01
1.303767201263294282e+03 1.036699653276667021e+00 4.999996757126370234e-02 9.963585197062876375e-01
1.303778073511465209e+03 9.731805574613517917e-01 4.999996688680250628e-02 9.964005146767768162e-01
1.303788945850300706e+03 9.675505784025419942e-01 4.999996615338935663e-02 9.964426018378153005e-01
1.303799818279802139e+03 9.509788041624296362e-01 4.999996536749917037e-02 9.964847424135507836e-01
1.303810690799969734e+03 1.017866008561312041e+00 4.999996452524882451e-02 9.965268976169261439e-01
1.303821563410804401e+03 9.488148596519525579e-01 4.999996362235410718e-02 9.965690286485691107e-01
1.303832436112306823e+03 1.106651996297687512e+00 4.999996265408045842e-02 9.966110966955182837e-01
1.303843308904477908e+03 9.524519806421595236e-01 4.999996161518624471e-02 9.966530629297620791e-01
1.303854181787318339e+03 1.039047528686066313e+00 4.999996049985756807e-02 9.966948885065570751e-01
1.303865054760828798e+03 1.056910159976229169e+00 4.999995930163297908e-02 9.967365345624876749e-01
1.303875927825009967e+03 9.972150751311152916e-01 4.999995801331628270e-02 9.967779622132193484e-01
1.303886800979862983e+03 9.756295817854453434e-01 4.999995662687515413e-02 9.968191325508899414e-01
1.303897674225388300e+03 1.045366672107003181e+00 4.999995513332309433e-02 9.968600066410704397e-01
1.303908547561586602e+03 1.033160963083832540e+00 4.999995352258123499e-02 9.969005455192112564e-01
1.303919420988458796e+03 1.022319321914237467e+00 4.999995178331619050e-02 9.969407101864740106e-01
1.303930294506005566e+03 1.008495642202278164e+00 4.999994990274877343e-02 9.969804616048205670e-01
1.303941168114228049e+03 1.015452157451413262e+00 4.999994786642799477e-02 9.970197606912065691e-01
1.303952041813126243e+03 9.384553222729470345e-01 4.999994565796222340e-02 9.970585683106876207e-01
1.303962915602701287e+03 9.846105247242548097e-01 4.999994325869843576e-02 9.970968452681948646e-01
1.303973789482954317e+03 1.028710019297580880e+00 4.999994064733760679e-02 9.971345522986827525e-01
1.303984663453885560e+03 9.649366473321853155e-01 4.999993779947124045e-02 9.971716500552628704e-01
1.303995537515496153e+03 1.011078526228274654e+00 4.999993468701979804e-02 9.972080990948417600e-01
1.304006411667786551e+03 9.851592500566395127e-01 4.999993127754885636e-02 9.972438598606409021e-01
1.304017285910757437e+03 1.014813644914609458e+00 4.999992753343083379e-02 9.972788926607967230e-01
1.304028160244409946e+03 9.662665407012475116e-01 4.999992341081173353e-02 9.973131576419966837e-01
1.304039034668744534e+03 9.536198979994670033e-01 4.999991885832814204e-02 9.973466147567880968e-01
1.304049909183761883e+03 9.692736702723021569e-01 4.999991381550362296e-02 9.973792237227498969e-01
1.304060783789463358e+03 9.909834842247826625e-01 4.999990821072804181e-02 9.974109439711141833e-01
1.304071658485849184e+03 1.042465252776619611e+00 4.999990195869125076e-02 9.974417345815858038e-01
1.304082533272919818e+03 1.079532984097370640e+00 4.999989495709418474e-02 9.974715541989218615e-01
1.304093408150676851e+03 1.022165815101665931e+00 4.999988708239374441e-02 9.975003609251524850e-01
1.304104283119120510e+03 9.633017293377995616e-01 4.999987818423999586e-02 9.975281121788921457e-01
1.304115158178251704e+03 1.041565177879359760e+00 4.999986807812156764e-02 9.975547645096286553e-01
1.304126033328070889e+03 9.771244474011038239e-01 4.999985653552049131e-02 9.975802733495717778e-01
1.304136908568579202e+03 9.834410012666026102e-01 4.999984327055381067e-02 9.976045926775762851e-01
1.304147783899777096e+03 1.029233899209614167e+00 4.999982792157284250e-02 9.976276745571832638e-01
1.304158659321665937e+03 9.651470313017332936e-01 4.999981002539011926e-02 9.976494684910501842e-01
1.304169534834245496e+03 9.490104098269671606e-01 4.999978898049600717e-02 9.976699205019229355e-01
1.304180410437517367e+03 9.976464894898244840e-01 4.999976399343417088e-02 9.976889717966038740e-01
1.304191286131481775e+03 1.033376153345251680e+00 4.999973399869959978e-02 9.977065567765299736e-01
1.304202161916140085e+03 8.775782036453527724e-01 4.999969753565402381e-02 9.977225999917475052e-01
1.304213037791492297e+03 1.012894582204667993e+00 4.999965255294075428e-02 9.977370113204184765e-01
1.304223913757539776e+03 1.010313830537393320e+00 4.999959608421050000e-02 9.977496780133021659e-01
1.304234789814282976e+03 9.956074457061062644e-01 4.999952366705165407e-02 9.977604505003501156e-01
1.304245665961722807e+03 9.749545395305854179e-01 4.999942793461565477e-02 9.977691081387728422e-01
1.304256542199859950e+03 1.021675737516096749e+00 4.999929086678615853e-02 9.977751742888368858e-01
1.304267418528695089e+03 9.234211127727485202e-01 4.999901280499701589e-02 9.977762667623168991e-01
1.304278294948229131e+03 1.052259142143757265e+00 4.999782048224892667e-02 9.977546023463235159e-01
1.304289171458462761e+03 9.734450058682893037e-01 4.999052678134803529e-02 9.975925585395015727e-01
1.304300048059396431e+03 9.233007179984440427e-01 4.995073729876547963e-02 9.966931204675385514e-01
1.304310924751031280e+03 1.000524925501142359e+00 4.978134420544368804e-02 9.928409398841758771e-01
1.304321801533368216e+03 1.016360406019338303e+00 4.923797980170582095e-02 9.803237456389721771e-01
1.304332678406407695e+03 9.486356647129197128e-01 4.795077174185320007e-02 9.499610289277908848e-01
1.304343555370150398e+03 9.179919884654563766e-01 4.575424692100303614e-02 8.961066169492676314e-01
1.304354432424597235e+03 8.225738005780880435e-01 4.318694059927207646e-02 8.291111537024864475e-01
1.304365309569749115e+03 7.702413350631280853e-01 4.145422573661831922e-02 7.779689564315269701e-01
1.304376186805606494e+03 7.884480632604995431e-01 4.155572091945178986e-02 7.715783269527113353e-01
1.304387064132170053e+03 7.729284477095983430e-01 4.343005307697689332e-02 8.138441059887024931e-01
1.304397941549441157e+03 8.862023131478353744e-01 4.600831145529255678e-02 8.800840353456325094e-01
1.304408819057419805e+03 9.898797012880342638e-01 4.812307350497452979e-02 9.388935566045057968e-01
1.304419696656107135e+03 1.020712013808609875e+00 4.932018091900339241e-02 9.748417684234360614e-01
1.304430574345504283e+03 9.420585850137359607e-01 4.980985624576301368e-02 9.907872045691945573e-01
1.304441452125611249e+03 1.016997405924750852e+00 4.995808452580443454e-02 9.960336099950874988e-01
1.304452329996428944e+03 9.844156493263923613e-01 4.999197170051170730e-02 9.973244941874788161e-01
1.304463207957958730e+03 1.027492049374773897e+00 4.999805602027904833e-02 9.975527473225063169e-01
1.304474086010200608e+03 1.005930043575349320e+00 4.999905771843348584e-02 9.975654238950123487e-01
1.304484964153155943e+03 1.100244770537506911e+00 4.999930878870158940e-02 9.975419159810160474e-01
1.304495842386825188e+03 9.566131656228357150e-01 4.999944003354628991e-02 9.975109014482770320e-01
1.304506720711209027e+03 1.021214677296794937e+00 4.999953303385625686e-02 9.974761615817873128e-01
1.304517599126308369e+03 9.625857519011308261e-01 4.999960368872360950e-02 9.974382706018174449e-01
1.304528477632123895e+03 9.766482880312863379e-01 4.999965893881994083e-02 9.973974026849323771e-01
1.304539356228656516e+03 9.852542379835095288e-01 4.999970305631595141e-02 9.973536424288100832e-01
1.304550234915906685e+03 1.021960862443110019e+00 4.999973889522049686e-02 9.973070323083881306e-01
1.304561113693875541e+03 9.751483433772996090e-01 4.999976843563359169e-02 9.972575894837590882e-01
1.304571992562563537e+03 9.611143895021228012e-01 4.999979309118762760e-02 9.972053148677555434e-01
1.304582871521971811e+03 1.039707726017515377e+00 4.999981389540630178e-02 9.971501985484026997e-01
1.304593750572100362e+03 9.883864400772717218e-01 4.999983161941555510e-02 9.970922231842189731e-01
1.304604629712950555e+03 9.552096303770302166e-01 4.999984684878352320e-02 9.970313662051737413e-01
1.304615508944523071e+03 9.913477716296424935e-01 4.999986003509582222e-02 9.969676012813630805e-01
1.304626388266818594e+03 1.038458762562429971e+00 4.999987153141377538e-02 9.969008993276945452e-01
1.304637267679838260e+03 9.198860850959805768e-01 4.999988161716877738e-02 9.968312292062047053e-01
1.304648147183582068e+03 1.044733880927196434e+00 4.999989051596694101e-02 9.967585582264595345e-01
1.304659026778051157e+03 9.401063600089349936e-01 4.999989840853568540e-02 9.966828525081949941e-01
1.304669906463246434e+03 9.487129320503113750e-01 4.999990544227869010e-02 9.966040772481542520e-01
1.304680786239168583e+03 1.025223606776115348e+00 4.999991173842334435e-02 9.965221969191528917e-01
1.304691666105818058e+03 9.944190228214471183e-01 4.999991739743302882e-02 9.964371754204519593e-01
1.304702546063196223e+03 9.638059268626851805e-01 4.999992250315175163e-02 9.963489761926518362e-01
1.304713426111303079e+03 9.028407240055531524e-01 4.999992712601085409e-02 9.962575623064053865e-01
1.304724306250139989e+03 1.066051017678541157e+00 4.999993132553353509e-02 9.961628965315787454e-01
1.304735186479707409e+03 9.951597716100346602e-01 4.999993515230840430e-02 9.960649413916540240e-01
1.304746066800006247e+03 8.794339875115182448e-01 4.999993864955729062e-02 9.959636592068782379e-01
1.304756947211036959e+03 1.050433387448066025e+00 4.999994185439009253e-02 9.958590121287500541e-01
1.304767827712800909e+03 1.001194763508971075e+00 4.999994479881655907e-02 9.957509621677853584e-01
1.304778708305298096e+03 9.626586098260087043e-01 4.999994751056732051e-02 9.956394712160203664e-01
1.304789588988529886e+03 1.062657837612693168e+00 4.999995001376422027e-02 9.955245010653652749e-01
1.304800469762496959e+03 9.970858203932575492e-01 4.999995232947114510e-02 9.954060134226637713e-01
1.304811350627199772e+03 1.010670246611463208e+00 4.999995447614886263e-02 9.952839699221188718e-01
1.304822231582639006e+03 1.058755142711417463e+00 4.999995647003263599e-02 9.951583321355973455e-01
1.304833112628815798e+03 9.717905017822987546e-01 4.999995832544737451e-02 9.950290615812200645e-01
1.304843993765730829e+03 1.036435764841337148e+00 4.999996005507176960e-02 9.948961197305589144e-01
1.304854874993384783e+03 1.018961997772070305e+00 4.999996167016069332e-02 9.947594680146893964e-01
1.304865756311778341e+03 1.054539776059285172e+00 4.999996318073330476e-02 9.946190678293046483e-01
1.304876637720912186e+03 1.038019353287562785e+00 4.999996459573263080e-02 9.944748805390536406e-01
1.304887519220787681e+03 1.019633849505668710e+00 4.999996592316172800e-02 9.943268674812355545e-01
1.304898400811404599e+03 9.001784915271477949e-01 4.999996717019992987e-02 9.941749899689582559e-01
1.304909282492764532e+03 9.586436450999900050e-01 4.999996834330280165e-02 9.940192092938457957e-01
1.304920164264867708e+03 9.073305511345750585e-01 4.999996944828808548e-02 9.938594867283687684e-01
1.304931046127715035e+03 1.002984156477513711e+00 4.999997049041007141e-02 9.936957835278572571e-01
1.304941928081307424e+03 1.040311430327266251e+00 4.999997147442388629e-02 9.935280609322421075e-01
1.304952810125645783e+03 9.621467171149400421e-01 4.999997240464148368e-02 9.933562801675701603e-01
1.304963692260730340e+03 1.004973234418925054e+00 4.999997328498039656e-02 9.931804024473223080e-01
1.304974574486562233e+03 1.033650493149472993e+00 4.999997411900630739e-02 9.930003889735635747e-01
1.304985456803142142e+03 9.878433171829705817e-01 4.999997490997042798e-02 9.928162009379514208e-01
1.304996339210470978e+03 1.013214736235707347e+00 4.999997566084218165e-02 9.926277995226219231e-01
1.305007221708548968e+03 9.814170114535128997e-01 4.999997637433814535e-02 -9.999999999000000000e+09
1.305018104297377477e+03 1.020901927335719384e+00 4.999997705294745298e-02 -9.999999999000000000e+09
1.305028986976956958e+03 9.653727756198532406e-01 4.999997769895433986e-02 -9.999999999000000000e+09
1.305039869747288094e+03 9.794747706229107731e-01 4.999997831445808505e-02 -9.999999999000000000e+09
1.305050752608372022e+03 1.023178160493361410e+00 4.999997890139072643e-02 -9.999999999000000000e+09
1.305061635560208742e+03 9.286359535634798323e-01 4.999997946153283968e-02 -9.999999999000000000e+09
1.305072518602800073e+03 1.026886667349111715e+00 4.999997999652761038e-02 -9.999999999000000000e+09
1.305083401736145788e+03 9.846074229556966984e-01 4.999998050789334486e-02 -9.999999999000000000e+09
1.305094284960247251e+03 9.456597404275434160e-01 4.999998099703476667e-02 -9.999999999000000000e+09
1.305105168275105143e+03 9.128605347724960684e-01 4.999998146525302251e-02 -9.999999999000000000e+09
1.305116051680720147e+03 9.724646022066208984e-01 4.999998191375479295e-02 -9.999999999000000000e+09
1.305126935177092719e+03 9.706481698971832772e-01 4.999998234366039018e-02 -9.999999999000000000e+09
