1.300000000000000000e+03 5.662610151103959488e+00 8.605522434442181229e-04 -9.999999999000000000e+09
1.300010840833093880e+03 7.651885232258136327e+00 8.605522434442181229e-04 -9.999999999000000000e+09
1.300021681756590624e+03 8.420476144734777790e+00 8.605522434442181229e-04 -9.999999999000000000e+09
1.300032522770491141e+03 8.574977461324003514e+00 8.605522434442181229e-04 -9.999999999000000000e+09
1.300043363874795659e+03 8.593484590809760348e+00 8.605522434442181229e-04 -9.999999999000000000e+09
1.300054205069505542e+03 8.592547788563356548e+00 8.605522434442181229e-04 -9.999999999000000000e+09
1.300065046354620790e+03 8.595225393302616368e+00 8.605522434442181229e-04 -9.999999999000000000e+09
1.300075887730143222e+03 8.594073851565626754e+00 8.605522434442181229e-04 -9.999999999000000000e+09
1.300086729196072611e+03 8.593320114652151176e+00 8.605522434442181229e-04 -9.999999999000000000e+09
1.300097570752410320e+03 8.593925769883441035e+00 8.605522434442181229e-04 -9.999999999000000000e+09
1.300108412399156805e+03 8.593479338975450688e+00 8.605522434442181229e-04 -9.999999999000000000e+09
1.300119254136312748e+03 8.594257210432610705e+00 8.605522434442181229e-04 -9.999999999000000000e+09
1.300130095963879057e+03 8.594043170101896223e+00 8.605522434442181229e-04 -9.999999999000000000e+09
1.300140937881856871e+03 8.594965645607928195e+00 8.605522434442181229e-04 -9.999999999000000000e+09
1.300151779890245962e+03 8.593275282480034249e+00 8.605522434442181229e-04 -9.999999999000000000e+09
1.300162621989048148e+03 8.592403123409342314e+00 8.605522434442181229e-04 -9.999999999000000000e+09
1.300173464178263202e+03 8.594271456966193767e+00 8.605522434442181229e-04 -9.999999999000000000e+09
1.300184306457892944e+03 8.595937966933522745e+00 8.605522434442181229e-04 -9.999999999000000000e+09
1.300195148827937373e+03 8.592590534097631405e+00 8.605522434442181229e-04 -9.999999999000000000e+09
1.300205991288397172e+03 8.594794708037531095e+00 8.605522434442181229e-04 -9.999999999000000000e+09
1.300216833839273704e+03 8.593802899281826058e+00 8.605522434442181229e-04 -9.999999999000000000e+09
1.300227676480567197e+03 8.594748419340424661e+00 8.605522434442181229e-04 -9.999999999000000000e+09
1.300238519212278561e+03 8.593609904422551793e+00 8.605522434442181229e-04 -9.999999999000000000e+09
1.300249362034408705e+03 8.592899104139181787e+00 8.605522434442181229e-04 -9.999999999000000000e+09
1.300260204946958083e+03 8.592006198153514518e+00 8.605522434442181229e-04 -9.999999999000000000e+09
1.300271047949928061e+03 8.594700831865026203e+00 8.605522434442181229e-04 -9.999999999000000000e+09
1.300281891043318410e+03 8.595327648911084140e+00 8.605522434442181229e-04 -9.999999999000000000e+09
1.300292734227130723e+03 8.594738156350789637e+00 8.605522434442181229e-04 -9.999999999000000000e+09
1.300303577501365226e+03 8.596047250146362728e+00 8.605522434442181229e-04 -9.999999999000000000e+09
1.300314420866023056e+03 8.593981054160229505e+00 8.605522434442181229e-04 -9.999999999000000000e+09
1.300325264321104896e+03 8.594400484263735152e+00 8.605522434442181229e-04 -9.999999999000000000e+09
1.300336107866611201e+03 8.595249220908076637e+00 8.605522434442181229e-04 -9.999999999000000000e+09
1.300346951502543106e+03 8.594182723142010261e+00 8.605522434442181229e-04 -9.999999999000000000e+09
1.300357795228901296e+03 8.594819675285901184e+00 8.605522434442181229e-04 -9.999999999000000000e+09
1.300368639045686223e+03 8.595027813484902524e+00 8.605522434442181229e-04 -9.999999999000000000e+09
1.300379482952898798e+03 8.594930707277869786e+00 8.605522434442181229e-04 -9.999999999000000000e+09
1.300390326950539929e+03 8.593693927978433678e+00 8.605522434442181229e-04 -9.999999999000000000e+09
1.300401171038610300e+03 8.596206505621674765e+00 8.605522434442181229e-04 -9.999999999000000000e+09
1.300412015217110593e+03 8.594737339750574634e+00 8.605522434442181229e-04 -9.999999999000000000e+09
1.300422859486041716e+03 8.594298854096971141e+00 8.605522434442181229e-04 -9.999999999000000000e+09
1.300433703845404125e+03 8.595276658170940109e+00 8.605522434442181229e-04 -9.999999999000000000e+09
1.300444548295198729e+03 8.594711220116820982e+00 8.605522434442181229e-04 -9.999999999000000000e+09
1.300455392835426437e+03 8.594775409993797410e+00 8.605522434442181229e-04 -9.999999999000000000e+09
1.300466237466087932e+03 8.593413535967904693e+00 8.605522434442181229e-04 -9.999999999000000000e+09
1.300477082187183896e+03 8.594978547740938168e+00 8.605522434442181229e-04 -9.999999999000000000e+09
1.300487926998715238e+03 8.593439849245820383e+00 8.605522434442181229e-04 -9.999999999000000000e+09
1.300498771900682186e+03 8.594246520113177468e+00 8.605522434442181229e-04 -9.999999999000000000e+09
1.300509616893086331e+03 8.595299809520410506e+00 8.605522434442181229e-04 -9.999999999000000000e+09
1.300520461975927446e+03 8.594262525487772919e+00 8.605522434442181229e-04 -9.999999999000000000e+09
1.300531307149207350e+03 8.594884582576570509e+00 8.605522434442181229e-04 -9.999999999000000000e+09
1.300542152412926043e+03 8.594428653606907886e+00 8.605522434442181229e-04 -9.999999999000000000e+09
1.300552997767084435e+03 8.594117263039219523e+00 8.605522434442181229e-04 -9.999999999000000000e+09
1.300563843211683206e+03 8.594526213397543302e+00 8.605522434442181229e-04 -9.999999999000000000e+09
1.300574688746723496e+03 8.596235749485460431e+00 8.605522434442181229e-04 -9.999999999000000000e+09
1.300585534372205530e+03 8.595347861903153586e+00 8.605522434442181229e-04 -9.999999999000000000e+09
1.300596380088130672e+03 8.596732670633526752e+00 8.605522434442181229e-04 -9.999999999000000000e+09
1.300607225894499152e+03 8.595222998202878273e+00 8.605522434442181229e-04 -9.999999999000000000e+09
1.300618071791312104e+03 8.594085583318232580e+00 8.605522434442181229e-04 -9.999999999000000000e+09
1.300628917778569985e+03 8.593790635585296656e+00 8.605522434442181229e-04 -9.999999999000000000e+09
1.300639763856273703e+03 8.594921160551258765e+00 8.605522434442181229e-04 -9.999999999000000000e+09
1.300650610024423941e+03 8.593005942994341950e+00 8.605522434442181229e-04 -9.999999999000000000e+09
1.300661456283021380e+03 8.594871351500053436e+00 8.605522434442181229e-04 -9.999999999000000000e+09
1.300672302632066931e+03 8.594915963944554704e+00 8.605522434442181229e-04 -9.999999999000000000e+09
1.300683149071561502e+03 8.594761529816095091e+00 8.605522434442181229e-04 -9.999999999000000000e+09
1.300693995601505549e+03 8.594353443796929781e+00 8.605522434442181229e-04 -9.999999999000000000e+09
1.300704842221899753e+03 8.595163677066372188e+00 8.605522434442181229e-04 -9.999999999000000000e+09
1.300715688932745252e+03 8.594591380921627888e+00 8.605522434442181229e-04 -9.999999999000000000e+09
1.300726535734042500e+03 8.595383726249604450e+00 8.605522434442181229e-04 -9.999999999000000000e+09
1.300737382625792407e+03 8.594739485482355335e+00 8.605522434442181229e-04 -9.999999999000000000e+09
1.300748229607995427e+03 8.593946522067874128e+00 8.605522434442181229e-04 -9.999999999000000000e+09
1.300759076680652697e+03 8.595322713430819661e+00 8.605522434442181229e-04 -9.999999999000000000e+09
1.300769923843764900e+03 8.596297970468086191e+00 8.605522434442181229e-04 -9.999999999000000000e+09
1.300780771097332490e+03 8.594226870532009954e+00 8.605522434442181229e-04 -9.999999999000000000e+09
1.300791618441356604e+03 8.596238615298435803e+00 8.605522434442181229e-04 -9.999999999000000000e+09
1.300802465875837697e+03 8.594822329247200798e+00 8.605522434442181229e-04 -9.999999999000000000e+09
1.300813313400776906e+03 8.597335937296014308e+00 8.605522434442181229e-04 -9.999999999000000000e+09
1.300824161016174685e+03 8.596209390470489708e+00 8.605522434442181229e-04 -9.999999999000000000e+09
1.300835008722031716e+03 8.595274272706971530e+00 8.605522434442181229e-04 -9.999999999000000000e+09
1.300845856518348683e+03 8.596043291603731262e+00 8.605522434442181229e-04 -9.999999999000000000e+09
1.300856704405126948e+03 8.595781303809213014e+00 8.605522434442181229e-04 -9.999999999000000000e+09
1.300867552382366512e+03 8.594148285981090041e+00 8.605522434442181229e-04 -9.999999999000000000e+09
1.300878400450068511e+03 8.595284232212918596e+00 8.605522434442181229e-04 -9.999999999000000000e+09
1.300889248608233856e+03 8.595044559457464928e+00 8.605522434442181229e-04 -9.999999999000000000e+09
1.300900096856862774e+03 8.594709442230561436e+00 8.605522434442181229e-04 -9.999999999000000000e+09
1.300910945195956629e+03 8.596840413965486150e+00 8.605522434442181229e-04 -9.999999999000000000e+09
1.300921793625515875e+03 8.595584716991924168e+00 8.605522434442181229e-04 -9.999999999000000000e+09
1.300932642145541195e+03 8.593961746557784664e+00 8.605522434442181229e-04 -9.999999999000000000e+09
1.300943490756033498e+03 8.596768738103994778e+00 8.605522434442181229e-04 -9.999999999000000000e+09
1.300954339456993694e+03 8.595202909926607404e+00 8.605522434442181229e-04 -9.999999999000000000e+09
1.300965188248421782e+03 8.595273162083437057e+00 8.605522434442181229e-04 -9.999999999000000000e+09
1.300976037130319355e+03 8.594212581369044202e+00 8.605522434442181229e-04 -9.999999999000000000e+09
1.300986886102687095e+03 8.596624777216428370e+00 8.605522434442181229e-04 -9.999999999000000000e+09
1.300997735165525228e+03 8.595996394426984821e+00 8.605522434442181229e-04 -9.999999999000000000e+09
1.301008584318834892e+03 8.595899496303657017e+00 8.605522434442181229e-04 8.596059560329390337e+00
1.301019433562616541e+03 8.595821594088691953e+00 8.605522434442181229e-04 8.596078463900507671e+00
1.301030282896871540e+03 8.596620142462304770e+00 8.605522434442181229e-04 8.596097365467405993e+00
1.301041132321600116e+03 8.594914150713897527e+00 8.605522434442181229e-04 8.596116264950996566e+00
1.301051981836803179e+03 8.595785537720798786e+00 8.605522434442181229e-04 8.596135162268300434e+00
1.301062831442481183e+03 8.596346372079306519e+00 8.605522434442181229e-04 8.596154057332256571e+00
1.301073681138635266e+03 8.596650775396884825e+00 8.605522434442181229e-04 8.596172950051451878e+00
1.301084530925266336e+03 8.596725288513695773e+00 8.605522434442181229e-04 8.596191840329870715e+00
1.301095380802374621e+03 8.596188676983558707e+00 8.605522434442181229e-04 8.596210728066612461e+00
1.301106230769961257e+03 8.594567243296152625e+00 8.605522434442181229e-04 8.596229613155573546e+00
1.301117080828026928e+03 8.595939019442450757e+00 8.605522434442181229e-04 8.596248495485143692e+00
1.301127930976572088e+03 8.595758708976660500e+00 8.605522434442181229e-04 8.596267374937855976e+00
1.301138781215598101e+03 8.594077105068114619e+00 8.605522434442181229e-04 8.596286251389997801e+00
1.301149631545105194e+03 8.596555392976664933e+00 8.605522434442181229e-04 8.596305124711225432e+00
1.301160481965094277e+03 8.595938993682812779e+00 8.605522434442181229e-04 8.596323994764116350e+00
1.301171332475566032e+03 8.596638756343232046e+00 8.605522434442181229e-04 8.596342861403726943e+00
1.301182183076521369e+03 8.595011564034416907e+00 8.605522434442181229e-04 8.596361724477054267e+00
1.301193033767961197e+03 8.596614355468528146e+00 8.605522434442181229e-04 8.596380583822536892e+00
1.301203884549885970e+03 8.595096999667202198e+00 8.605522434442181229e-04 8.596399439269429621e+00
1.301214735422296144e+03 8.597507408387077277e+00 8.605522434442181229e-04 8.596418290637210191e+00
1.301225586385193310e+03 8.596241341628569899e+00 8.605522434442181229e-04 8.596437137734866951e+00
1.301236437438577468e+03 8.595865922480639298e+00 8.605522434442181229e-04 8.596455980360170557e+00
1.301247288582449755e+03 8.596537611029051007e+00 8.605522434442181229e-04 8.596474818298878162e+00
1.301258139816810854e+03 8.596210825795076005e+00 8.605522434442181229e-04 8.596493651323859453e+00
1.301268991141661672e+03 8.595222469008138688e+00 8.605522434442181229e-04 8.596512479194149847e+00
1.301279842557002894e+03 8.595151639387223597e+00 8.605522434442181229e-04 8.596531301653939749e+00
1.301290694062834746e+03 8.595396067497645731e+00 8.605522434442181229e-04 8.596550118431448340e+00
1.301301545659158592e+03 8.596762530886019604e+00 8.605522434442181229e-04 8.596568929237722756e+00
1.301312397345975114e+03 8.594671620958724390e+00 8.605522434442181229e-04 8.596587733765298722e+00
1.301323249123284995e+03 8.595201544960488604e+00 8.605522434442181229e-04 8.596606531686784791e+00
1.301334100991088690e+03 8.595917584260343247e+00 8.605522434442181229e-04 8.596625322653272505e+00
1.301344952949387334e+03 8.596214629248468242e+00 8.605522434442181229e-04 8.596644106292615106e+00
1.301355804998181839e+03 8.596990611725356501e+00 8.605522434442181229e-04 8.596662882207551704e+00
1.301366657137472430e+03 8.596771365542192456e+00 8.605522434442181229e-04 8.596681649973636041e+00
1.301377509367260018e+03 8.596671311480998057e+00 8.605522434442181229e-04 8.596700409136975196e+00
1.301388361687545739e+03 8.597781619322299562e+00 8.605522434442181229e-04 8.596719159211740902e+00
1.301399214098330049e+03 8.597765881518199649e+00 8.605522434442181229e-04 8.596737899677430406e+00
1.301410066599613401e+03 8.595861278848266451e+00 8.605522434442181229e-04 8.596756629975846664e+00
1.301420919191397161e+03 8.596626421063094270e+00 8.605522434442181229e-04 8.596775349507780106e+00
1.301431771873681782e+03 8.595028602121972838e+00 8.605522434442181229e-04 8.596794057629335128e+00
1.301442624646467721e+03 8.596344720698432695e+00 8.605522434442181229e-04 8.596812753647846250e+00
1.301453477509756567e+03 8.597619524180759143e+00 8.605522434442181229e-04 8.596831436817396366e+00
1.301464330463548322e+03 8.597777573694047604e+00 8.605522434442181229e-04 8.596850106333814523e+00
1.301475183507843894e+03 8.597239673374691193e+00 8.605522434442181229e-04 8.596868761329108821e+00
1.301486036642643967e+03 8.597107416650489498e+00 8.605522434442181229e-04 8.596887400865307782e+00
1.301496889867949676e+03 8.596341894056001465e+00 8.605522434442181229e-04 8.596906023927550322e+00
1.301507743183761477e+03 8.598298131617424289e+00 8.605522434442181229e-04 8.596924629416397678e+00
1.301518596590080278e+03 8.595962288924233974e+00 8.605522434442181229e-04 8.596943216139216304e+00
1.301529450086906763e+03 8.598016794791110584e+00 8.605522434442181229e-04 8.596961782800521590e+00
1.301540303674241613e+03 8.596088552650023473e+00 8.605522434442181229e-04 8.596980327991131432e+00
1.301551157352085283e+03 8.595109880359876442e+00 8.605522434442181229e-04 8.596998850175969764e+00
1.301562011120439365e+03 8.596450900554527763e+00 8.605522434442181229e-04 8.597017347680296240e+00
1.301572864979303858e+03 8.596553189570354192e+00 8.605522434442181229e-04 8.597035818674152452e+00
1.301583718928679900e+03 8.596544582325442718e+00 8.605522434442181229e-04 8.597054261154749355e+00
1.301594572968568173e+03 8.597767244501097750e+00 8.605522434442181229e-04 8.597072672926476145e+00
1.301605427098969358e+03 8.597394991274528664e+00 8.605522434442181229e-04 8.597091051578129139e+00
1.301616281319884365e+03 8.595785357528963999e+00 8.605522434442181229e-04 8.597109394456989406e+00
1.301627135631313649e+03 8.599274209542421943e+00 8.605522434442181229e-04 8.597127698639113191e+00
1.301637990033258120e+03 8.597874802240985659e+00 8.605522434442181229e-04 8.597145960895312911e+00
1.301648844525718687e+03 8.598181381243367838e+00 8.605522434442181229e-04 8.597164177652043549e+00
1.301659699108696032e+03 8.597519159586909154e+00 8.605522434442181229e-04 8.597182344946265431e+00
1.301670553782190837e+03 8.597273824226030925e+00 8.605522434442181229e-04 8.597200458373267296e+00
1.301681408546203784e+03 8.598017615162939720e+00 8.605522434442181229e-04 8.597218513026128051e+00
1.301692263400735555e+03 8.596112056352410491e+00 8.605522434442181229e-04 8.597236503425232712e+00
1.301703118345787288e+03 8.595890267942159824e+00 8.605522434442181229e-04 8.597254423435973791e+00
1.301713973381359665e+03 8.598428878733972880e+00 8.605522434442181229e-04 8.597272266172243604e+00
1.301724828507453140e+03 8.597093116520225564e+00 8.605522434442181229e-04 8.597290023882901977e+00
1.301735683724068622e+03 8.596180061417639351e+00 8.605522434442181229e-04 8.597307687817664856e+00
1.301746539031206567e+03 8.596959279691269273e+00 8.605522434442181229e-04 8.597325248067996029e+00
1.301757394428868565e+03 8.597105250118742603e+00 8.605522434442181229e-04 8.597342693377566292e+00
1.301768249917054618e+03 8.596835219734444422e+00 8.605522434442181229e-04 8.597360010915377160e+00
1.301779105495765634e+03 8.598637288440110993e+00 8.605522434442181229e-04 8.597377186002901794e+00
1.301789961165002524e+03 8.598004339974147925e+00 8.605522434442181229e-04 8.597394201784201329e+00
1.301800816924765741e+03 8.597903876349324293e+00 8.605522434442181229e-04 8.597411038824953167e+00
1.301811672775056422e+03 8.595363333125503047e+00 8.605522434442181229e-04 8.597427674622249327e+00
1.301822528715875251e+03 8.596824182437568851e+00 8.605522434442181229e-04 8.597444083001594350e+00
1.301833384747222681e+03 8.597846505823547147e+00 8.605522434442181229e-04 8.597460233370330940e+00
1.301844240869099622e+03 8.598156379952735406e+00 8.605522434442181229e-04 8.597476089786784570e+00
1.301855097081506983e+03 8.596228080521845172e+00 8.605522434442181229e-04 8.597491609791013900e+00
1.301865953384445447e+03 8.597445368245221431e+00 8.605522434442181229e-04 8.597506742924224454e+00
1.301876809777915469e+03 8.597733199871955279e+00 8.605522434442181229e-04 8.597521428837797686e+00
1.301887666261918412e+03 8.597840791561816687e+00 8.605522434442181229e-04 8.597535594855539642e+00
1.301898522836454731e+03 8.598302335956429232e+00 8.605522434442181229e-04 8.597549152799258465e+00
1.301909379501525109e+03 8.596730285761562840e+00 8.605522434442181229e-04 8.597561994809385766e+00
1.301920236257130000e+03 8.596832351497685210e+00 8.605522434442181229e-04 8.597573987776261362e+00
1.301931093103270541e+03 8.597656506254342190e+00 8.605522434442181229e-04 8.597584965821940983e+00
1.301941950039947642e+03 8.598106537258965787e+00 8.605522434442181229e-04 8.597594720001518809e+00
1.301952807067161984e+03 8.595654129176457658e+00 8.605522434442181229e-04 8.597602983966240231e+00
1.301963664184914023e+03 8.595969466515036572e+00 8.605522434442181229e-04 8.597609413641057685e+00
1.301974521393204668e+03 8.598086655386358856e+00 8.605522434442181229e-04 8.597613557823816421e+00
1.301985378692034601e+03 8.597787478833959440e+00 8.605522434442181229e-04 8.597614814647775106e+00
1.301996236081404732e+03 8.596563389725345061e+00 8.605522434442181229e-04 8.597612365347174546e+00
1.302007093561315742e+03 8.596557866812091220e+00 8.605522434442181229e-04 8.597605070227658075e+00
1.302017951131768314e+03 8.595643583006051358e+00 8.605522434442181229e-04 8.597591298493890477e+00
1.302028808792763357e+03 8.597645584289653087e+00 8.605522434442181229e-04 8.597568626311462125e+00
1.302039666544301326e+03 8.597090884406560107e+00 8.605522434442181229e-04 8.597533076466840285e+00
1.302050524386383586e+03 8.598085848051272961e+00 8.605522434442181229e-04 8.597474468983586249e+00
1.302061382319010363e+03 8.596377481093277595e+00 8.605522434442181229e-04 8.597331405266292137e+00
1.302072240342182340e+03 8.594325063584815183e+00 8.605522434442181229e-04 8.596605370954620184e+00
1.302083098455900881e+03 8.592143835685835285e+00 8.605522434442181229e-04 8.591861114345238803e+00
1.302093956660166214e+03 8.565525433052405546e+00 8.605522434442181229e-04 8.565258139103246293e+00
1.302104814954979020e+03 8.451527726748677694e+00 8.605522434442181229e-04 8.450567541722547205e+00
1.302115673340340436e+03 8.085575925103887229e+00 8.605522434442181229e-04 8.083453521544830878e+00
1.302126531816250917e+03 7.233638028748957005e+00 8.605522434442181229e-04 7.228900967952251122e+00
1.302137390382711374e+03 5.811452846501599545e+00 8.605522434442181229e-04 5.806418385082364075e+00
1.302148249039722714e+03 4.147887251060323521e+00 8.605522434442181229e-04 4.147415371392543015e+00
1.302159107787285166e+03 2.873869144692008160e+00 8.605522434442181229e-04 2.877795375310751247e+00
1.302169966625399866e+03 2.493322169401086086e+00 8.605522434442181229e-04 2.498621965460363636e+00
1.302180825554067951e+03 3.147692948853079820e+00 8.605522434442181229e-04 3.150145881383165758e+00
1.302191684573289422e+03 4.589171319841408803e+00 8.605522434442181229e-04 4.587666032926827953e+00
1.302202543683065414e+03 6.244004821562655572e+00 8.605522434442181229e-04 6.238979206769072583e+00
1.302213402883396611e+03 7.524536466893259501e+00 8.605522434442181229e-04 7.520406445287771469e+00
1.302224262174283695e+03 8.224823520956382694e+00 8.605522434442181229e-04 8.222013818481041625e+00
1.302235121555727574e+03 8.498704682436480695e+00 8.605522434442181229e-04 8.497957011046125331e+00
1.302245981027729385e+03 8.578475898545466549e+00 8.605522434442181229e-04 8.577303712497270638e+00
1.302256840590288675e+03 8.594001171876735512e+00 8.605522434442181229e-04 8.594389808060629576e+00
1.302267700243407489e+03 8.595999259948181148e+00 8.605522434442181229e-04 8.597293537209347747e+00
1.302278559987085828e+03 8.597942491875034676e+00 8.605522434442181229e-04 8.597774187497728704e+00
1.302289419821325055e+03 8.595580393851168566e+00 8.605522434442181229e-04 8.597916629881442674e+00
1.302300279746125170e+03 8.597994876426566790e+00 8.605522434442181229e-04 8.598004884899903999e+00
1.302311139761487311e+03 8.599732348599019360e+00 8.605522434442181229e-04 8.598074333318937335e+00
1.302321999867412615e+03 8.598429803467324106e+00 8.605522434442181229e-04 8.598132238531844607e+00
1.302332860063900853e+03 8.600838239563426413e+00 8.605522434442181229e-04 8.598182007069690158e+00
1.302343720350953845e+03 8.599576238328502598e+00 8.605522434442181229e-04 8.598225804131530481e+00
1.302354580728571818e+03 8.598292607918647690e+00 8.605522434442181229e-04 8.598265104643919798e+00
1.302365441196755455e+03 8.600330195855011794e+00 8.605522434442181229e-04 8.598300947760742829e+00
1.302376301755505665e+03 8.599657207775766921e+00 8.605522434442181229e-04 8.598334084985305381e+00
1.302387162404823357e+03 8.599359364495619218e+00 8.605522434442181229e-04 8.598365071863236508e+00
1.302398023144708759e+03 8.599127908485122873e+00 8.605522434442181229e-04 8.598394326906337426e+00
1.302408883975163462e+03 8.600194285521817861e+00 8.605522434442181229e-04 8.598422170626411898e+00
1.302419744896187694e+03 8.597770076734912337e+00 8.605522434442181229e-04 8.598448852071046034e+00
1.302430605907781910e+03 8.598863021416910613e+00 8.605522434442181229e-04 8.598474567272621272e+00
1.302441467009947473e+03 8.597185320755041715e+00 8.605522434442181229e-04 8.598499472330493276e+00
1.302452328202684612e+03 8.597985601921383392e+00 8.605522434442181229e-04 8.598523692851349765e+00
1.302463189485994462e+03 8.598193717005072401e+00 8.605522434442181229e-04 8.598547330869186212e+00
1.302474050859877707e+03 8.599429393726566673e+00 8.605522434442181229e-04 8.598570469989928355e+00
1.302484912324335255e+03 8.597164181865686317e+00 8.605522434442181229e-04 8.598593179265563435e+00
1.302495773879367334e+03 8.598460691658448951e+00 8.605522434442181229e-04 8.598615516145807547e+00
1.302506635524975081e+03 8.599104797116622123e+00 8.605522434442181229e-04 8.598637528751188697e+00
1.302517497261159633e+03 8.597138866049968797e+00 8.605522434442181229e-04 8.598659257640923315e+00
1.302528359087920762e+03 8.597850586757573410e+00 8.605522434442181229e-04 8.598680737200425028e+00
1.302539221005260060e+03 8.598493752490066200e+00 8.605522434442181229e-04 8.598701996739528397e+00
1.302550083013177755e+03 8.598321890867929085e+00 8.605522434442181229e-04 8.598723061368612974e+00
1.302560945111675210e+03 8.598611449963605935e+00 8.605522434442181229e-04 8.598743952702665894e+00
1.302571807300752425e+03 8.598901594014819239e+00 8.605522434442181229e-04 8.598764689430955954e+00
1.302582669580410766e+03 8.597884296976912921e+00 8.605522434442181229e-04 8.598785287780961184e+00
1.302593531950650913e+03 8.598718499628008161e+00 8.605522434442181229e-04 8.598805761898443478e+00
1.302604394411473550e+03 8.598561467127831648e+00 8.605522434442181229e-04 8.598826124160614981e+00
1.302615256962878675e+03 8.600045407483825954e+00 8.605522434442181229e-04 8.598846385435539474e+00
1.302626119604868563e+03 8.598873890983632862e+00 8.605522434442181229e-04 8.598866555298114278e+00
1.302636982337442760e+03 8.599113621879549640e+00 8.605522434442181229e-04 8.598886642210738174e+00
1.302647845160602401e+03 8.599557393142017503e+00 8.605522434442181229e-04 8.598906653675138401e+00
1.302658708074348169e+03 8.599681020260984354e+00 8.605522434442181229e-04 8.598926596360536578e+00
1.302669571078680974e+03 8.598126671465369242e+00 8.605522434442181229e-04 8.598946476212210754e+00
1.302680434173601270e+03 8.599818311870691900e+00 8.605522434442181229e-04 8.598966298543906817e+00
1.302691297359110422e+03 8.600159264831797046e+00 8.605522434442181229e-04 8.598986068116719395e+00
1.302702160635208656e+03 8.598482237631948522e+00 8.605522434442181229e-04 8.599005789206696448e+00
1.302713024001896656e+03 8.599535843695674586e+00 8.605522434442181229e-04 8.599025465662979428e+00
1.302723887459175330e+03 8.598549465200685304e+00 8.605522434442181229e-04 8.599045100957940946e+00
1.302734751007045816e+03 8.599795438974592088e+00 8.605522434442181229e-04 8.599064698230588277e+00
1.302745614645508567e+03 8.597988837064223233e+00 8.605522434442181229e-04 8.599084260324213247e+00
1.302756478374564040e+03 8.597024895419421497e+00 8.605522434442181229e-04 8.599103789819176669e+00
1.302767342194213370e+03 8.599440569652056610e+00 8.605522434442181229e-04 8.599123289061520126e+00
1.302778206104457013e+03 8.598534412465600241e+00 8.605522434442181229e-04 8.599142760187989509e+00
1.302789070105296105e+03 8.598503793912470883e+00 8.605522434442181229e-04 8.599162205148001448e+00
1.302799934196731328e+03 8.599044939429228762e+00 8.605522434442181229e-04 8.599181625722954081e+00
1.302810798378763138e+03 8.600381578688308437e+00 8.605522434442181229e-04 8.599201023543246336e+00
1.302821662651392671e+03 8.598177649036035319e+00 8.605522434442181229e-04 8.599220400103309458e+00
1.302832527014620155e+03 8.599640888061456323e+00 8.605522434442181229e-04 8.599239756774940346e+00
1.302843391468447180e+03 8.597795203437598843e+00 8.605522434442181229e-04 8.599259094819080573e+00
1.302854256012873520e+03 8.597548667473715156e+00 8.605522434442181229e-04 8.599278415396344855e+00
1.302865120647900540e+03 8.599761794524608760e+00 8.605522434442181229e-04 8.599297719576355803e+00
1.302875985373528920e+03 8.599763567577797474e+00 8.605522434442181229e-04 8.599317008346094582e+00
1.302886850189759343e+03 8.600488476437794461e+00 8.605522434442181229e-04 8.599336282617361604e+00
1.302897715096592492e+03 8.599236311490191298e+00 8.605522434442181229e-04 8.599355543233452082e+00
1.302908580094029276e+03 8.601048824255322245e+00 8.605522434442181229e-04 8.599374790975156557e+00
1.302919445182070376e+03 8.597961705921241204e+00 8.605522434442181229e-04 8.599394026566143268e+00
1.302930310360716703e+03 8.600204456738284264e+00 8.605522434442181229e-04 8.599413250677798715e+00
1.302941175629968939e+03 8.599569946235943618e+00 8.605522434442181229e-04 8.599432463933602833e+00
1.302952040989827537e+03 8.600345725464087820e+00 8.605522434442181229e-04 8.599451666913065395e+00
1.302962906440293409e+03 8.598181586455671876e+00 8.605522434442181229e-04 8.599470860155287610e+00
1.302973771981367463e+03 8.598389475549545580e+00 8.605522434442181229e-04 8.599490044162191538e+00
1.302984637613050609e+03 8.598802776091739375e+00 8.605522434442181229e-04 8.599509219401443971e+00
1.302995503335343074e+03 8.600135430421193661e+00 8.605522434442181229e-04 8.599528386309094330e+00
1.303006369148245994e+03 8.599859077631778703e+00 8.605522434442181229e-04 8.599547545292001161e+00
1.303017235051760053e+03 8.599191046033842767e+00 8.605522434442181229e-04 8.599566696730008175e+00
1.303028101045886160e+03 8.599751936263256624e+00 8.605522434442181229e-04 8.599585840977947981e+00
1.303038967130624542e+03 8.600451733719404857e+00 8.605522434442181229e-04 8.599604978367452190e+00
1.303049833305976790e+03 8.599087167977616630e+00 8.605522434442181229e-04 8.599624109208615863e+00
1.303060699571942678e+03 8.600679336034646738e+00 8.605522434442181229e-04 8.599643233791500307e+00
1.303071565928523569e+03 8.600088425266678271e+00 8.605522434442181229e-04 8.599662352387532849e+00
1.303082432375720373e+03 8.599153590963744875e+00 8.605522434442181229e-04 8.599681465250757384e+00
1.303093298913533545e+03 8.600494658503295753e+00 8.605522434442181229e-04 8.599700572618985461e+00
1.303104165541963994e+03 8.599614960097904159e+00 8.605522434442181229e-04 8.599719674714883411e+00
1.303115032261012175e+03 8.600422262229391990e+00 8.605522434442181229e-04 8.599738771746910260e+00
1.303125899070678997e+03 8.599713067861024740e+00 8.605522434442181229e-04 8.599757863910229005e+00
1.303136765970965371e+03 8.600576437553224096e+00 8.605522434442181229e-04 8.599776951387500645e+00
1.303147632961871750e+03 8.600002231232883432e+00 8.605522434442181229e-04 8.599796034349651563e+00
1.303158500043399272e+03 8.600790358362939259e+00 8.605522434442181229e-04 8.599815112956544993e+00
1.303169367215548391e+03 8.599839056166871387e+00 8.605522434442181229e-04 8.599834187357611626e+00
1.303180234478320017e+03 8.601292751061755837e+00 8.605522434442181229e-04 8.599853257692421593e+00
1.303191101831715059e+03 8.599963517049063810e+00 8.605522434442181229e-04 8.599872324091204945e+00
1.303201969275733745e+03 8.599249812904009360e+00 8.605522434442181229e-04 8.599891386675334815e+00
1.303212836810377212e+03 8.601413091464802818e+00 8.605522434442181229e-04 8.599910445557771510e+00
1.303223704435646368e+03 8.600978512704109846e+00 8.605522434442181229e-04 8.599929500843449759e+00
1.303234572151541897e+03 8.601435315232995649e+00 8.605522434442181229e-04 8.599948552629655296e+00
1.303245439958064026e+03 8.599214822602975872e+00 8.605522434442181229e-04 8.599967601006326845e+00
1.303256307855213890e+03 8.599343485898318207e+00 8.605522434442181229e-04 8.599986646056384743e+00
1.303267175842992629e+03 8.600926401774541930e+00 8.605522434442181229e-04 8.600005687855970749e+00
1.303278043921400240e+03 8.600559708238174395e+00 8.605522434442181229e-04 8.600024726474696735e+00
1.303288912090438089e+03 8.601498467714346674e+00 8.605522434442181229e-04 8.600043761975859624e+00
1.303299780350106857e+03 8.601700479415168132e+00 8.605522434442181229e-04 8.600062794416610146e+00
1.303310648700406773e+03 8.600151242547230623e+00 8.605522434442181229e-04 8.600081823848114482e+00
1.303321517141339200e+03 8.600229093646920120e+00 8.605522434442181229e-04 8.600100850315708811e+00
1.303332385672904593e+03 8.599812602551807572e+00 8.605522434442181229e-04 8.600119873858986352e+00
1.303343254295103861e+03 8.601192543694956782e+00 8.605522434442181229e-04 8.600138894511889731e+00
1.303354123007937915e+03 8.600306193062515092e+00 8.605522434442181229e-04 8.600157912302776708e+00
1.303364991811406753e+03 8.601156400123061374e+00 8.605522434442181229e-04 8.600176927254475245e+00
1.303375860705511968e+03 8.600200259511540324e+00 8.605522434442181229e-04 8.600195939384283506e+00
1.303386729690254015e+03 8.599543004496029042e+00 8.605522434442181229e-04 8.600214948703976958e+00
1.303397598765633575e+03 8.600482007785153371e+00 8.605522434442181229e-04 8.600233955219778181e+00
1.303408467931651558e+03 8.599368686435276743e+00 8.605522434442181229e-04 8.600252958932310676e+00
1.303419337188308646e+03 8.601998731199484993e+00 8.605522434442181229e-04 8.600271959836515379e+00
1.303430206535605294e+03 8.600219501145820900e+00 8.605522434442181229e-04 8.600290957921568946e+00
1.303441075973542866e+03 8.600221900041676193e+00 8.605522434442181229e-04 8.600309953170732769e+00
1.303451945502121589e+03 8.600933068243387325e+00 8.605522434442181229e-04 8.600328945561221516e+00
1.303462815121342373e+03 8.599535524981160250e+00 8.605522434442181229e-04 8.600347935064014848e+00
1.303473684831206356e+03 8.600978617602585530e+00 8.605522434442181229e-04 8.600366921643628260e+00
1.303484554631713763e+03 8.600645590470756829e+00 8.605522434442181229e-04 8.600385905257891039e+00
1.303495424522865505e+03 8.600475027138044126e+00 8.605522434442181229e-04 8.600404885857647841e+00
1.303506294504662264e+03 8.600025229040117125e+00 8.605522434442181229e-04 8.600423863386456702e+00
1.303517164577105177e+03 8.599867221941396522e+00 8.605522434442181229e-04 8.600442837780203575e+00
1.303528034740194698e+03 8.600633499439076957e+00 8.605522434442181229e-04 8.600461808966723964e+00
1.303538904993931510e+03 8.600233016404486008e+00 8.605522434442181229e-04 8.600480776865332189e+00
1.303549775338316522e+03 8.602561458687732809e+00 8.605522434442181229e-04 8.600499741386320451e+00
1.303560645773350416e+03 8.600352065637867582e+00 8.605522434442181229e-04 8.600518702430399287e+00
1.303571516299033874e+03 8.600832216127862750e+00 8.605522434442181229e-04 8.600537659888061626e+00
1.303582386915367806e+03 8.601456097719832883e+00 8.605522434442181229e-04 8.600556613638900672e+00
1.303593257622353121e+03 8.601696061343899302e+00 8.605522434442181229e-04 8.600575563550808766e+00
1.303604128419990275e+03 8.600065592385179869e+00 8.605522434442181229e-04 8.600594509479137173e+00
1.303614999308279948e+03 8.599883336724968075e+00 8.605522434442181229e-04 8.600613451265733289e+00
1.303625870287223279e+03 8.601595693377232621e+00 8.605522434442181229e-04 8.600632388737864176e+00
1.303636741356820949e+03 8.601373545227867012e+00 8.605522434442181229e-04 8.600651321707049490e+00
1.303647612517073185e+03 8.601428763187875859e+00 8.605522434442181229e-04 8.600670249967734549e+00
1.303658483767981352e+03 8.600738770385653709e+00 8.605522434442181229e-04 8.600689173295826606e+00
1.303669355109546132e+03 8.600181440054067039e+00 8.605522434442181229e-04 8.600708091447064163e+00
1.303680226541767979e+03 8.600752975485820073e+00 8.605522434442181229e-04 8.600727004155181987e+00
1.303691098064648031e+03 8.601565086231842017e+00 8.605522434442181229e-04 8.600745911129894949e+00
1.303701969678186515e+03 8.601300391784695520e+00 8.605522434442181229e-04 8.600764812054604747e+00
1.303712841382384795e+03 8.600652978610700217e+00 8.605522434442181229e-04 8.600783706583857935e+00
1.303723713177242871e+03 8.603018659506926014e+00 8.605522434442181229e-04 8.600802594340475338e+00
1.303734585062762335e+03 8.600714710401007324e+00 8.605522434442181229e-04 8.600821474912358156e+00
1.303745457038943414e+03 8.600453354032723041e+00 8.605522434442181229e-04 8.600840347848841105e+00
1.303756329105787245e+03 8.600624985196329675e+00 8.605522434442181229e-04 8.600859212656649433e+00
1.303767201263294282e+03 8.601841215653603712e+00 8.605522434442181229e-04 8.600878068795259068e+00
1.303778073511465209e+03 8.601422910349674211e+00 8.605522434442181229e-04 8.600896915671707887e+00
1.303788945850300706e+03 8.601888791900075049e+00 8.605522434442181229e-04 8.600915752634666234e+00
1.303799818279802139e+03 8.600666014050581509e+00 8.605522434442181229e-04 8.600934578967718735e+00
1.303810690799969734e+03 8.602186937394371569e+00 8.605522434442181229e-04 8.600953393881704656e+00
1.303821563410804401e+03 8.601317358116082445e+00 8.605522434442181229e-04 8.600972196505960454e+00
1.303832436112306823e+03 8.600543658598203578e+00 8.605522434442181229e-04 8.600990985878308237e+00
1.303843308904477908e+03 8.601276230593047245e+00 8.605522434442181229e-04 8.601009760933546744e+00
1.303854181787318339e+03 8.601663475420854965e+00 8.605522434442181229e-04 8.601028520490208606e+00
1.303865054760828798e+03 8.600936893438639430e+00 8.605522434442181229e-04 8.601047263235265916e+00
1.303875927825009967e+03 8.601474793850179879e+00 8.605522434442181229e-04 8.601065987706425275e+00
1.303886800979862983e+03 8.601140772348013996e+00 8.605522434442181229e-04 8.601084692271545151e+00
1.303897674225388300e+03 8.601604191862097792e+00 8.605522434442181229e-04 8.601103375104663940e+00
1.303908547561586602e+03 8.601802300188614581e+00 8.605522434442181229e-04 8.601122034157949514e+00
1.303919420988458796e+03 8.601909457583449381e+00 8.605522434442181229e-04 8.601140667128763795e+00
1.303930294506005566e+03 8.601079303308161172e+00 8.605522434442181229e-04 8.601159271420863561e+00
1.303941168114228049e+03 8.602513364545155028e+00 8.605522434442181229e-04 8.601177844098504721e+00
1.303952041813126243e+03 8.601858914631892006e+00 8.605522434442181229e-04 8.601196381831888615e+00
1.303962915602701287e+03 8.602069579668134125e+00 8.605522434442181229e-04 8.601214880832083409e+00
1.303973789482954317e+03 8.600407234570853987e+00 8.605522434442181229e-04 8.601233336772983407e+00
1.303984663453885560e+03 8.601337378231853847e+00 8.605522434442181229e-04 8.601251744697275825e+00
1.303995537515496153e+03 8.601533449827961419e+00 8.605522434442181229e-04 8.601270098902560335e+00
1.304006411667786551e+03 8.601128451044457890e+00 8.605522434442181229e-04 8.601288392802615590e+00
1.304017285910757437e+03 8.602036548824770534e+00 8.605522434442181229e-04 8.601306618757487144e+00
1.304028160244409946e+03 8.603889720330014867e+00 8.605522434442181229e-04 8.601324767863951948e+00
1.304039034668744534e+03 8.603366601156816174e+00 8.605522434442181229e-04 8.601342829695532544e+00
1.304049909183761883e+03 8.603693393657163568e+00 8.605522434442181229e-04 8.601360791977503695e+00
1.304060783789463358e+03 8.601982233428589808e+00 8.605522434442181229e-04 8.601378640177575363e+00
1.304071658485849184e+03 8.600405561695684042e+00 8.605522434442181229e-04 8.601396356986146685e+00
1.304082533272919818e+03 8.602514138706050417e+00 8.605522434442181229e-04 8.601413921650458150e+00
1.304093408150676851e+03 8.602031096232812146e+00 8.605522434442181229e-04 8.601431309113444001e+00
1.304104283119120510e+03 8.603759707733313888e+00 8.605522434442181229e-04 8.601448488888461696e+00
1.304115158178251704e+03 8.603066048933852628e+00 8.605522434442181229e-04 8.601465423572177471e+00
1.304126033328070889e+03 8.602777180775545318e+00 8.605522434442181229e-04 8.601482066855119513e+00
1.304136908568579202e+03 8.601671068843760537e+00 8.605522434442181229e-04 8.601498360823860878e+00
1.304147783899777096e+03 8.602765623293267438e+00 8.605522434442181229e-04 8.601514232247756908e+00
1.304158659321665937e+03 8.602521563011359618e+00 8.605522434442181229e-04 8.601529587382497510e+00
1.304169534834245496e+03 8.602125419495191494e+00 8.605522434442181229e-04 8.601544304561469900e+00
1.304180410437517367e+03 8.600915386938581264e+00 8.605522434442181229e-04 8.601558223408854786e+00
1.304191286131481775e+03 8.602486528400900667e+00 8.605522434442181229e-04 8.601571128751794859e+00
1.304202161916140085e+03 8.602849182863010924e+00 8.605522434442181229e-04 8.601582725948711428e+00
1.304213037791492297e+03 8.602918174516055672e+00 8.605522434442181229e-04 8.601592601787885428e+00
1.304223913757539776e+03 8.602449897097907083e+00 8.605522434442181229e-04 8.601600159947622615e+00
1.304234789814282976e+03 8.603681754392209058e+00 8.605522434442181229e-04 8.601604507385278708e+00
1.304245665961722807e+03 8.602644632996991447e+00 8.605522434442181229e-04 8.601604204897700612e+00
1.304256542199859950e+03 8.603320101175301104e+00 8.605522434442181229e-04 8.601596109113236466e+00
1.304267418528695089e+03 8.601636853437458541e+00 8.605522434442181229e-04 8.601564836552702431e+00
1.304278294948229131e+03 8.599452958328740237e+00 8.605522434442181229e-04 8.601388603704350544e+00
1.304289171458462761e+03 8.601788199613151775e+00 8.605522434442181229e-04 8.600196300075451106e+00
1.304300048059396431e+03 8.593263162771263453e+00 8.605522434442181229e-04 8.593253545595768372e+00
1.304310924751031280e+03 8.556768378973091060e+00 8.605522434442181229e-04 8.562039099288886845e+00
1.304321801533368216e+03 8.446816905300421396e+00 8.605522434442181229e-04 8.457102372968279269e+00
1.304332678406407695e+03 8.180951747212697356e+00 8.605522434442181229e-04 8.198159119820033425e+00
1.304343555370150398e+03 7.725458704451798830e+00 8.605522434442181229e-04 7.739886377527843031e+00
1.304354432424597235e+03 7.185366947868956800e+00 8.605522434442181229e-04 7.186457148055647615e+00
1.304365309569749115e+03 6.817445964352861765e+00 8.605522434442181229e-04 6.803398423822246244e+00
1.304376186805606494e+03 6.838972642165284554e+00 8.605522434442181229e-04 6.826075913369197501e+00
1.304387064132170053e+03 7.237407360936161993e+00 8.605522434442181229e-04 7.239674976734773892e+00
1.304397941549441157e+03 7.777951261858342846e+00 8.605522434442181229e-04 7.793802002826379471e+00
1.304408819057419805e+03 8.217659739433305077e+00 8.605522434442181229e-04 8.233498978756500719e+00
1.304419696656107135e+03 8.462828339466744509e+00 8.605522434442181229e-04 8.473413826627767875e+00
1.304430574345504283e+03 8.564861767480987709e+00 8.605522434442181229e-04 8.567598536970296053e+00
1.304441452125611249e+03 8.594514573076223130e+00 8.605522434442181229e-04 8.594809586368617360e+00
1.304452329996428944e+03 8.601130348070951115e+00 8.605522434442181229e-04 8.600724711087284646e+00
1.304463207957958730e+03 8.601675764747836794e+00 8.605522434442181229e-04 8.601749675100725412e+00
1.304474086010200608e+03 8.602984232534993225e+00 8.605522434442181229e-04 8.601933375435127260e+00
1.304484964153155943e+03 8.600942483527530769e+00 8.605522434442181229e-04 8.601998338330659521e+00
1.304495842386825188e+03 8.601073517611915520e+00 8.605522434442181229e-04 8.602043363114390218e+00
1.304506720711209027e+03 8.604232518675207331e+00 8.605522434442181229e-04 8.602081103392274386e+00
1.304517599126308369e+03 8.602485425253883378e+00 8.605522434442181229e-04 8.602114378762816926e+00
1.304528477632123895e+03 8.602541376984015997e+00 8.605522434442181229e-04 8.602144551779453252e+00
1.304539356228656516e+03 8.602795252303719664e+00 8.605522434442181229e-04 8.602172478069769923e+00
1.304550234915906685e+03 8.603968597617992486e+00 8.605522434442181229e-04 8.602198731514482333e+00
1.304561113693875541e+03 8.602260482682389409e+00 8.605522434442181229e-04 8.602223711037277454e+00
1.304571992562563537e+03 8.602733625889873892e+00 8.605522434442181229e-04 8.602247701834034643e+00
1.304582871521971811e+03 8.601194926463278989e+00 8.605522434442181229e-04 8.602270912640838318e+00
1.304593750572100362e+03 8.604302537930356820e+00 8.605522434442181229e-04 8.602293499333640625e+00
1.304604629712950555e+03 8.601602307019206251e+00 8.605522434442181229e-04 8.602315580363489644e+00
1.304615508944523071e+03 8.603991646987701358e+00 8.605522434442181229e-04 8.602337247132702203e+00
1.304626388266818594e+03 8.602199480133547738e+00 8.605522434442181229e-04 8.602358571137347809e+00
1.304637267679838260e+03 8.602465671254796220e+00 8.605522434442181229e-04 8.602379608987027027e+00
1.304648147183582068e+03 8.604654640556642420e+00 8.605522434442181229e-04 8.602400405998185562e+00
1.304659026778051157e+03 8.601828429363083117e+00 8.605522434442181229e-04 8.602420998808870678e+00
1.304669906463246434e+03 8.601590029282187189e+00 8.605522434442181229e-04 8.602441417309737659e+00
1.304680786239168583e+03 8.603010539342166751e+00 8.605522434442181229e-04 8.602461686089302617e+00
1.304691666105818058e+03 8.604470991040892969e+00 8.605522434442181229e-04 8.602481825528872861e+00
1.304702546063196223e+03 8.600972103082787257e+00 8.605522434442181229e-04 8.602501852641335489e+00
1.304713426111303079e+03 8.602757795250520090e+00 8.605522434442181229e-04 8.602521781720419369e+00
1.304724306250139989e+03 8.602144699948764739e+00 8.605522434442181229e-04 8.602541624847924950e+00
1.304735186479707409e+03 8.602291811439503277e+00 8.605522434442181229e-04 8.602561392293544884e+00
1.304746066800006247e+03 8.602318689885683156e+00 8.605522434442181229e-04 8.602581092832570775e+00
1.304756947211036959e+03 8.605155755989681410e+00 8.605522434442181229e-04 8.602600734000237281e+00
1.304767827712800909e+03 8.602051961879350728e+00 8.605522434442181229e-04 8.602620322296855804e+00
1.304778708305298096e+03 8.602238281002517084e+00 8.605522434442181229e-04 8.602639863354282213e+00
1.304789588988529886e+03 8.601786560113712454e+00 8.605522434442181229e-04 8.602659362071882754e+00
1.304800469762496959e+03 8.603007969461941684e+00 8.605522434442181229e-04 8.602678822728263341e+00
1.304811350627199772e+03 8.604465924475116267e+00 8.605522434442181229e-04 8.602698249073537085e+00
1.304822231582639006e+03 8.602591255385457103e+00 8.605522434442181229e-04 8.602717644405952768e+00
1.304833112628815798e+03 8.603884472157799834e+00 8.605522434442181229e-04 8.602737011635847253e+00
1.304843993765730829e+03 8.604116126260997532e+00 8.605522434442181229e-04 8.602756353339243489e+00
1.304854874993384783e+03 8.603954008342087789e+00 8.605522434442181229e-04 8.602775671803007285e+00
1.304865756311778341e+03 8.602742036796279024e+00 8.605522434442181229e-04 8.602794969063015884e+00
1.304876637720912186e+03 8.602427258195570303e+00 8.605522434442181229e-04 8.602814246936565823e+00
1.304887519220787681e+03 8.604507902804463981e+00 8.605522434442181229e-04 8.602833507050013040e+00
1.304898400811404599e+03 8.603478701578509913e+00 8.605522434442181229e-04 8.602852750862377107e+00
1.304909282492764532e+03 8.604678989940218514e+00 8.605522434442181229e-04 8.602871979685641435e+00
1.304920164264867708e+03 8.603355209155179040e+00 8.605522434442181229e-04 8.602891194702213085e+00
1.304931046127715035e+03 8.601907709228903798e+00 8.605522434442181229e-04 8.602910396980002261e+00
1.304941928081307424e+03 8.602560802433737663e+00 8.605522434442181229e-04 8.602929587485510510e+00
1.304952810125645783e+03 8.603119115102892067e+00 8.605522434442181229e-04 8.602948767095185190e+00
1.304963692260730340e+03 8.603890366806540513e+00 8.605522434442181229e-04 8.602967936605320887e+00
1.304974574486562233e+03 8.602811863986373098e+00 8.605522434442181229e-04 8.602987096740728035e+00
1.304985456803142142e+03 8.603870344067564346e+00 8.605522434442181229e-04 8.603006248162284209e+00
1.304996339210470978e+03 8.602197241839077080e+00 8.605522434442181229e-04 8.603025391473630989e+00
1.305007221708548968e+03 8.603758288700179335e+00 8.605522434442181229e-04 -9.999999999000000000e+09
1.305018104297377477e+03 8.603460294877855574e+00 8.605522434442181229e-04 -9.999999999000000000e+09
1.305028986976956958e+03 8.604101727055128990e+00 8.605522434442181229e-04 -9.999999999000000000e+09
1.305039869747288094e+03 8.604801674388832922e+00 8.605522434442181229e-04 -9.999999999000000000e+09
1.305050752608372022e+03 8.604055923865372435e+00 8.605522434442181229e-04 -9.999999999000000000e+09
1.305061635560208742e+03 8.605191480578334051e+00 8.605522434442181229e-04 -9.999999999000000000e+09
1.305072518602800073e+03 8.602851111644540083e+00 8.605522434442181229e-04 -9.999999999000000000e+09
1.305083401736145788e+03 8.603242760757796148e+00 8.605522434442181229e-04 -9.999999999000000000e+09
1.305094284960247251e+03 8.603711197239817920e+00 8.605522434442181229e-04 -9.999999999000000000e+09
1.305105168275105143e+03 8.603701387462663774e+00 8.605522434442181229e-04 -9.999999999000000000e+09
1.305116051680720147e+03 8.602567376681609090e+00 8.605522434442181229e-04 -9.999999999000000000e+09
1.305126935177092719e+03 8.604849785499993686e+00 8.605522434442181229e-04 -9.999999999000000000e+09
1.305137818764223766e+03 8.604073964380271278e+00 8.605522434442181229e-04 -9.999999999000000000e+09
1.305148702442114654e+03 8.602722392123190787e+00 8.605522434442181229e-04 -9.999999999000000000e+09
1.305159586210765383e+03 8.603399081974785645e+00 8.605522434442181229e-04 -9.999999999000000000e+09
1.305170470070176862e+03 8.604067333354331382e+00 8.605522434442181229e-04 -9.999999999000000000e+09
1.305181354020350227e+03 8.604139149142133292e+00 8.605522434442181229e-04 -9.999999999000000000e+09
1.305192238061285707e+03 8.604272696134646736e+00 8.605522434442181229e-04 -9.999999999000000000e+09
1.305203122192984438e+03 8.603357785531409618e+00 8.605522434442181229e-04 -9.999999999000000000e+09
1.305214006415447102e+03 8.605657521494773476e+00 8.605522434442181229e-04 -9.999999999000000000e+09
1.305224890728674382e+03 8.604083231567315693e+00 8.605522434442181229e-04 -9.999999999000000000e+09
1.305235775132666959e+03 8.603975333643573364e+00 8.605522434442181229e-04 -9.999999999000000000e+09
1.305246659627425743e+03 8.603546042049648790e+00 8.605522434442181229e-04 -9.999999999000000000e+09
1.305257544212951643e+03 8.604755974279246544e+00 8.605522434442181229e-04 -9.999999999000000000e+09
1.305268428889244888e+03 8.603013565245289485e+00 8.605522434442181229e-04 -9.999999999000000000e+09
1.305279313656306613e+03 8.603586112609081127e+00 8.605522434442181229e-04 -9.999999999000000000e+09
1.305290198514137728e+03 8.604343791346227732e+00 8.605522434442181229e-04 -9.999999999000000000e+09
1.305301083462738916e+03 8.604614524047089930e+00 8.605522434442181229e-04 -9.999999999000000000e+09
1.305311968502110403e+03 8.604817062259867200e+00 8.605522434442181229e-04 -9.999999999000000000e+09
1.305322853632253782e+03 8.605340737126013551e+00 8.605522434442181229e-04 -9.999999999000000000e+09
1.305333738853169052e+03 8.605609596565479080e+00 8.605522434442181229e-04 -9.999999999000000000e+09
1.305344624164857350e+03 8.604633544542803492e+00 8.605522434442181229e-04 -9.999999999000000000e+09
1.305355509567319359e+03 8.603963156718005933e+00 8.605522434442181229e-04 -9.999999999000000000e+09
1.305366395060555760e+03 8.604847733755097039e+00 8.605522434442181229e-04 -9.999999999000000000e+09
1.305377280644567463e+03 8.603856624383292129e+00 8.605522434442181229e-04 -9.999999999000000000e+09
1.305388166319355150e+03 8.603103264825371355e+00 8.605522434442181229e-04 -9.999999999000000000e+09
1.305399052084919958e+03 8.605427547298278412e+00 8.605522434442181229e-04 -9.999999999000000000e+09
1.305409937941262115e+03 8.604455787618075391e+00 8.605522434442181229e-04 -9.999999999000000000e+09
1.305420823888382074e+03 8.604827572635054267e+00 8.605522434442181229e-04 -9.999999999000000000e+09
1.305431709926281428e+03 8.604020012725206001e+00 8.605522434442181229e-04 -9.999999999000000000e+09
1.305442596054960859e+03 8.604037638409499422e+00 8.605522434442181229e-04 -9.999999999000000000e+09
1.305453482274420594e+03 8.604795405238009565e+00 8.605522434442181229e-04 -9.999999999000000000e+09
1.305464368584661543e+03 8.605513492119969854e+00 8.605522434442181229e-04 -9.999999999000000000e+09
1.305475254985684387e+03 8.604279571243454328e+00 8.605522434442181229e-04 -9.999999999000000000e+09
1.305486141477490264e+03 8.603729763834669697e+00 8.605522434442181229e-04 -9.999999999000000000e+09
1.305497028060079401e+03 8.604367857951972454e+00 8.605522434442181229e-04 -9.999999999000000000e+09
1.305507914733453390e+03 8.604160181856638445e+00 8.605522434442181229e-04 -9.999999999000000000e+09
1.305518801497612003e+03 8.603789049262239530e+00 8.605522434442181229e-04 -9.999999999000000000e+09
1.305529688352556832e+03 8.603481223570675240e+00 8.605522434442181229e-04 -9.999999999000000000e+09
1.305540575298287877e+03 8.603598913328866615e+00 8.605522434442181229e-04 -9.999999999000000000e+09
1.305551462334806729e+03 8.605993415352491738e+00 8.605522434442181229e-04 -9.999999999000000000e+09
1.305562349462113389e+03 8.604239777942398248e+00 8.605522434442181229e-04 -9.999999999000000000e+09
1.305573236680208765e+03 8.602997108610155763e+00 8.605522434442181229e-04 -9.999999999000000000e+09
1.305584123989093996e+03 8.605422385641588789e+00 8.605522434442181229e-04 -9.999999999000000000e+09
1.305595011388769763e+03 8.603755657526203748e+00 8.605522434442181229e-04 -9.999999999000000000e+09
1.305605898879236520e+03 8.604612387749547509e+00 8.605522434442181229e-04 -9.999999999000000000e+09
1.305616786460495177e+03 8.605069928257536915e+00 8.605522434442181229e-04 -9.999999999000000000e+09
1.305627674132546417e+03 8.606333074743123035e+00 8.605522434442181229e-04 -9.999999999000000000e+09
1.305638561895391149e+03 8.604912186477498892e+00 8.605522434442181229e-04 -9.999999999000000000e+09
1.305649449749030055e+03 8.603664640309267142e+00 8.605522434442181229e-04 -9.999999999000000000e+09
1.305660337693464044e+03 8.604851123738955110e+00 8.605522434442181229e-04 -9.999999999000000000e+09
1.305671225728693116e+03 8.604617116199397842e+00 8.605522434442181229e-04 -9.999999999000000000e+09
1.305682113854719319e+03 8.604555133404712564e+00 8.605522434442181229e-04 -9.999999999000000000e+09
1.305693002071542423e+03 8.605974894189083457e+00 8.605522434442181229e-04 -9.999999999000000000e+09
1.305703890379163340e+03 8.606048589742917088e+00 8.605522434442181229e-04 -9.999999999000000000e+09
1.305714778777583206e+03 8.604411449610744000e+00 8.605522434442181229e-04 -9.999999999000000000e+09
1.305725667266802475e+03 8.604842942624507884e+00 8.605522434442181229e-04 -9.999999999000000000e+09
1.305736555846822057e+03 8.604618687618556194e+00 8.605522434442181229e-04 -9.999999999000000000e+09
1.305747444517642407e+03 8.606175470802469363e+00 8.605522434442181229e-04 -9.999999999000000000e+09
1.305758333279264662e+03 8.606152034837247555e+00 8.605522434442181229e-04 -9.999999999000000000e+09
1.305769222131689276e+03 8.605721766011491525e+00 8.605522434442181229e-04 -9.999999999000000000e+09
1.305780111074917386e+03 8.604980887077902096e+00 8.605522434442181229e-04 -9.999999999000000000e+09
1.305791000108949220e+03 8.606699946459274386e+00 8.605522434442181229e-04 -9.999999999000000000e+09
1.305801889233786142e+03 8.605681752491573633e+00 8.605522434442181229e-04 -9.999999999000000000e+09
1.305812778449428151e+03 8.603736302877361908e+00 8.605522434442181229e-04 -9.999999999000000000e+09
1.305823667755876613e+03 8.605472879376405260e+00 8.605522434442181229e-04 -9.999999999000000000e+09
1.305834557153132437e+03 8.605448372437480842e+00 8.605522434442181229e-04 -9.999999999000000000e+09
1.305845446641195849e+03 8.604402712833403299e+00 8.605522434442181229e-04 -9.999999999000000000e+09
1.305856336220067760e+03 8.604992051594377855e+00 8.605522434442181229e-04 -9.999999999000000000e+09
1.305867225889749079e+03 8.605807032437414961e+00 8.605522434442181229e-04 -9.999999999000000000e+09
1.305878115650240261e+03 8.606103773854039574e+00 8.605522434442181229e-04 -9.999999999000000000e+09
1.305889005501542670e+03 8.605600033403552729e+00 8.605522434442181229e-04 -9.999999999000000000e+09
1.305899895443656305e+03 8.606391475618872633e+00 8.605522434442181229e-04 -9.999999999000000000e+09
1.305910785476582078e+03 8.604958183752087209e+00 8.605522434442181229e-04 -9.999999999000000000e+09
1.305921675600321578e+03 8.606394766876260150e+00 8.605522434442181229e-04 -9.999999999000000000e+09
1.305932565814874579e+03 8.606686841711315594e+00 8.605522434442181229e-04 -9.999999999000000000e+09
1.305943456120241990e+03 8.606622173285536803e+00 8.605522434442181229e-04 -9.999999999000000000e+09
1.305954346516425176e+03 8.605441900289388713e+00 8.605522434442181229e-04 -9.999999999000000000e+09
1.305965237003424136e+03 8.604009206931205966e+00 8.605522434442181229e-04 -9.999999999000000000e+09
1.305976127581240462e+03 8.586915116489077349e+00 8.605522434442181229e-04 -9.999999999000000000e+09
1.305987018249874154e+03 8.430726982596057795e+00 8.605522434442181229e-04 -9.999999999000000000e+09
1.305997909009326122e+03 7.662887910316364959e+00 8.605522434442181229e-04 -9.999999999000000000e+09
1.306008799859597502e+03 -9.999999999000305176e+09 8.605522434442181229e-04 -9.999999999000000000e+09
