1.214386586498097813e+03 9.970242293428833724e-01 6.666665946994256020e-03 -9.999999999000000000e+09
1.214396713392171478e+03 9.985321043740860159e-01 6.666665936383103439e-03 -9.999999999000000000e+09
1.214406840370694454e+03 9.999883069981935213e-01 6.666665925532964943e-03 -9.999999999000000000e+09
1.214416967433667196e+03 9.944875543534477114e-01 6.666665914436577245e-03 -9.999999999000000000e+09
1.214427094581090614e+03 1.003650970479158966e+00 6.666665903086396901e-03 -9.999999999000000000e+09
1.214437221812965390e+03 1.008848159730245886e+00 6.666665891474585562e-03 -9.999999999000000000e+09
1.214447349129291979e+03 9.953068480902029780e-01 6.666665879593003906e-03 -9.999999999000000000e+09
1.214457476530071290e+03 9.941699018545946398e-01 6.666665867433189951e-03 -9.999999999000000000e+09
1.214467604015304460e+03 9.927688068267925825e-01 6.666665854986340845e-03 -9.999999999000000000e+09
1.214477731584991261e+03 1.002249231097580795e+00 6.666665842243308521e-03 -9.999999999000000000e+09
1.214487859239133059e+03 1.007367741302790165e+00 6.666665829194572818e-03 -9.999999999000000000e+09
1.214497986977730534e+03 1.008864892482413511e+00 6.666665815830224995e-03 -9.999999999000000000e+09
1.214508114800784369e+03 1.001224119223063980e+00 6.666665802139950386e-03 9.999998636233012883e-01
1.214518242708295020e+03 1.006189843132175410e+00 6.666665788113008452e-03 9.999998614015522813e-01
1.214528370700263167e+03 1.001048347894024193e+00 6.666665773738210225e-03 9.999998591247520885e-01
1.214538498776689721e+03 1.003798920360691849e+00 6.666665759003893160e-03 9.999998567910570735e-01
1.214548626937575591e+03 9.987730680230386682e-01 6.666665743897902049e-03 9.999998543985448851e-01
1.214558755182921004e+03 1.002549623633382403e+00 6.666665728407560401e-03 9.999998519452106827e-01
1.214568883512727098e+03 1.000078893058160112e+00 6.666665712519643551e-03 9.999998494289635831e-01
1.214579011926994099e+03 1.004665088310236376e+00 6.666665696220349172e-03 9.999998468476207769e-01
1.214589140425723144e+03 1.001070856503451179e+00 6.666665679495268650e-03 9.999998441989041975e-01
1.214599269008914916e+03 9.935674977186670365e-01 6.666665662329353259e-03 9.999998414804345259e-01
1.214609397676569642e+03 9.993337055420586923e-01 6.666665644706879466e-03 9.999998386897254177e-01
1.214619526428688687e+03 9.973865167542149690e-01 6.666665626611412501e-03 9.999998358241785068e-01
1.214629655265272049e+03 9.962371092765378577e-01 6.666665608025769060e-03 9.999998328810770776e-01
1.214639784186321322e+03 1.000984241331666080e+00 6.666665588931970469e-03 9.999998298575786260e-01
1.214649913191836276e+03 9.968457101809570231e-01 6.666665569311205387e-03 9.999998267507090866e-01
1.214660042281818050e+03 9.990742751854713166e-01 6.666665549143772559e-03 9.999998235573542837e-01
1.214670171456267781e+03 1.005448451084176575e+00 6.666665528409041787e-03 9.999998202742528264e-01
1.214680300715185240e+03 1.002201114683679339e+00 6.666665507085391476e-03 9.999998168979864488e-01
1.214690430058571792e+03 9.985486901159288387e-01 6.666665485150155730e-03 9.999998134249722392e-01
1.214700559486428119e+03 9.915438301562163881e-01 6.666665462579559297e-03 9.999998098514522038e-01
1.214710688998754677e+03 9.946852109860802038e-01 6.666665439348651648e-03 9.999998061734823862e-01
1.214720818595552146e+03 1.001160574387353286e+00 6.666665415431241061e-03 9.999998023869226538e-01
1.214730948276821664e+03 1.000833613375524456e+00 6.666665390799808751e-03 9.999997984874243739e-01
1.214741078042563458e+03 1.016965548544213727e+00 6.666665365425443815e-03 9.999997944704168695e-01
1.214751207892778211e+03 1.010252475465344357e+00 6.666665339277738286e-03 9.999997903310953173e-01
1.214761337827467059e+03 9.907749575728791447e-01 6.666665312324707333e-03 9.999997860644036507e-01
1.214771467846630458e+03 9.921974095636474367e-01 6.666665284532677371e-03 9.999997816650214588e-01
1.214781597950269088e+03 1.005534077372528534e+00 6.666665255866193254e-03 9.999997771273445579e-01
1.214791728138383633e+03 1.000760951364399132e+00 6.666665226287882967e-03 9.999997724454678938e-01
1.214801858410974774e+03 1.011366828000037854e+00 6.666665195758350940e-03 9.999997676131655577e-01
1.214811988768043420e+03 1.001184300535592708e+00 6.666665164236026259e-03 9.999997626238690263e-01
1.214822119209590255e+03 1.014768633506822670e+00 6.666665131677031696e-03 9.999997574706451786e-01
1.214832249735615960e+03 9.995445222288359410e-01 6.666665098035016307e-03 9.999997521461702066e-01
1.214842380346120990e+03 9.944270532410699470e-01 6.666665063260990634e-03 9.999997466427035242e-01
1.214852511041106027e+03 1.006890885006506364e+00 6.666665027303140222e-03 9.999997409520589020e-01
1.214862641820572208e+03 1.004931716289379606e+00 6.666664990106627858e-03 9.999997350655724926e-01
1.214872772684519987e+03 1.003977607513603765e+00 6.666664951613378472e-03 9.999997289740695239e-01
1.214882903632949819e+03 1.006102841770457390e+00 6.666664911761844940e-03 9.999997226678265516e-01
1.214893034665863070e+03 1.002203367227500141e+00 6.666664870486750487e-03 9.999997161365319354e-01
1.214903165783259738e+03 9.964785652710895780e-01 6.666664827718818929e-03 9.999997093692417627e-01
1.214913296985140960e+03 1.003400501968623848e+00 6.666664783384464166e-03 9.999997023543329977e-01
1.214923428271507419e+03 9.994870780060360893e-01 6.666664737405478790e-03 9.999996950794516337e-01
1.214933559642359569e+03 9.988040174052251752e-01 6.666664689698656790e-03 9.999996875314555167e-01
1.214943691097698093e+03 9.930564997165913788e-01 6.666664640175421451e-03 9.999996796963542822e-01
1.214953822637524354e+03 9.927412790423851829e-01 6.666664588741388203e-03 9.999996715592411878e-01
1.214963954261838126e+03 9.942065798260373288e-01 6.666664535295898850e-03 9.999996631042191719e-01
1.214974085970640772e+03 9.912246569461575785e-01 6.666664479731518496e-03 9.999996543143212513e-01
1.214984217763932520e+03 9.987806139496849811e-01 6.666664421933465694e-03 9.999996451714212586e-01
1.214994349641714507e+03 1.008062559213364073e+00 6.666664361778998349e-03 9.999996356561370314e-01
1.215004481603987415e+03 1.006800959953124019e+00 6.666664299136744118e-03 9.999996257477227202e-01
1.215014613650751471e+03 1.005721212350370708e+00 6.666664233865937129e-03 9.999996154239521040e-01
1.215024745782007813e+03 1.003041087075936533e+00 6.666664165815609604e-03 9.999996046609880285e-01
1.215034877997757121e+03 9.960797904293924310e-01 6.666664094823672448e-03 9.999995934332389647e-01
1.215045010297999852e+03 9.910422556627717094e-01 6.666664020715912589e-03 9.999995817131994702e-01
1.215055142682737142e+03 1.006784663660628132e+00 6.666663943304874072e-03 9.999995694712751071e-01
1.215065275151969217e+03 1.000699515019486396e+00 6.666663862388618605e-03 9.999995566755863763e-01
1.215075407705696989e+03 9.972343589983854173e-01 6.666663777749346452e-03 9.999995432917514471e-01
1.215085540343921139e+03 1.009175793368946694e+00 6.666663689151866405e-03 9.999995292826439064e-01
1.215095673066642803e+03 1.008039810999830310e+00 6.666663596341872340e-03 9.999995146081230857e-01
1.215105805873861755e+03 1.001039797408289189e+00 6.666663499044039355e-03 9.999994992247310810e-01
1.215115938765579358e+03 1.016527056932392536e+00 6.666663396959865776e-03 9.999994830853555783e-01
1.215126071741796295e+03 9.990574759936609039e-01 6.666663289765274898e-03 9.999994661388481587e-01
1.215136204802513248e+03 9.955737805043114452e-01 6.666663177107898415e-03 9.999994483295996384e-01
1.215146337947730672e+03 1.004251735570952597e+00 6.666663058604025902e-03 9.999994295970565661e-01
1.215156471177449248e+03 1.005143075480115167e+00 6.666662933835153584e-03 9.999994098751781024e-01
1.215166604491670341e+03 9.965060412619982655e-01 6.666662802344076877e-03 9.999993890918198458e-01
1.215176737890393724e+03 1.000300531835275342e+00 6.666662663630451222e-03 9.999993671680353913e-01
1.215186871373620761e+03 1.002641937535685202e+00 6.666662517145757055e-03 9.999993440172793013e-01
1.215197004941351906e+03 9.963337190384193853e-01 6.666662362287524915e-03 9.999993195445013860e-01
1.215207138593588070e+03 9.865951471336568135e-01 6.666662198392754764e-03 9.999992936451060910e-01
1.215217272330329479e+03 9.959082056746010325e-01 6.666662024730354331e-03 9.999992662037628932e-01
1.215227406151577497e+03 1.007100128275998818e+00 6.666661840492436007e-03 9.999992370930335106e-01
1.215237540057332126e+03 1.011667379994651839e+00 6.666661644784271923e-03 9.999992061717903891e-01
1.215247674047594955e+03 1.004157850864321189e+00 6.666661436612653958e-03 9.999991732833818370e-01
1.215257808122365759e+03 1.001895185757151419e+00 6.666661214872365501e-03 9.999991382535020623e-01
1.215267942281645674e+03 1.004834433051021270e+00 6.666660978330409340e-03 9.999991008877053833e-01
1.215278076525435608e+03 1.003864879146267652e+00 6.666660725607521584e-03 9.999990609684958898e-01
1.215288210853735791e+03 1.006161534131521318e+00 6.666660455156451191e-03 9.999990182519056248e-01
1.215298345266547130e+03 1.000064074744043019e+00 6.666660165236303406e-03 9.999989724634563704e-01
1.215308479763870537e+03 9.955885047927978126e-01 6.666659853882119652e-03 9.999989232933688132e-01
1.215318614345706692e+03 9.987967152375379909e-01 6.666659518868616602e-03 9.999988703908562204e-01
1.215328749012055823e+03 9.961132375180418164e-01 6.666659157666766922e-03 9.999988133572892401e-01
1.215338883762919068e+03 1.015447744388426221e+00 6.666658767391515569e-03 9.999987517379711477e-01
1.215349018598297334e+03 1.001657442251115748e+00 6.666658344738457184e-03 9.999986850121753701e-01
1.215359153518190624e+03 9.964031369435812913e-01 6.666657885906712017e-03 9.999986125810166326e-01
1.215369288522600300e+03 9.978658658122643299e-01 6.666657386504334058e-03 9.999985337525794105e-01
1.215379423611526590e+03 9.975204078293031795e-01 6.666656841431533795e-03 9.999984477235632774e-01
1.215389558784970859e+03 9.992797866344397262e-01 6.666656244735396850e-03 9.999983535564602732e-01
1.215399694042932879e+03 1.015849355734721682e+00 6.666655589427723273e-03 9.999982501509481203e-01
1.215409829385414241e+03 9.956029217844943879e-01 6.666654867254602490e-03 9.999981362077254854e-01
1.215419964812415174e+03 1.006545281484551246e+00 6.666654068402222411e-03 9.999980101823668921e-01
1.215430100323936358e+03 1.004971646409154706e+00 6.666653181117395202e-03 9.999978702258416341e-01
1.215440235919978477e+03 9.904297517653536387e-01 6.666652191212592109e-03 9.999977141069997799e-01
1.215450371600542667e+03 9.976054707689179235e-01 6.666651081412446229e-03 9.999975391103258504e-01
1.215460507365629383e+03 9.934491702477270536e-01 6.666649830479233312e-03 9.999973418992784691e-01
1.215470643215238852e+03 9.882679504959868133e-01 6.666648412025068422e-03 9.999971183309316336e-01
1.215480779149372665e+03 1.009904206937259019e+00 6.666646792871660718e-03 9.999968632004490043e-01
1.215490915168030824e+03 9.881205497430279872e-01 6.666644930742867542e-03 9.999965698823590765e-01
1.215501051271214237e+03 9.949007567871614999e-01 6.666642770950000421e-03 9.999962298165454566e-01
1.215511187458923814e+03 9.967762696144125689e-01 6.666640241515259767e-03 9.999958317544173081e-01
1.215521323731160010e+03 1.007801748747033210e+00 6.666637245797761048e-03 9.999953606235389980e-01
1.215531460087923506e+03 1.004819235714704995e+00 6.666633650980669477e-03 9.999947957639866436e-01
1.215541596529215212e+03 9.881366155436228649e-01 6.666629269401883051e-03 9.999941080873910870e-01
1.215551733055035811e+03 9.935046265070436311e-01 6.666623826856287426e-03 9.999932552963655130e-01
1.215561869665385984e+03 1.008854742448527908e+00 6.666616905515605415e-03 9.999921733911896204e-01
1.215572006360266187e+03 9.946584103898726825e-01 6.666607828184641267e-03 9.999907603911972753e-01
1.215582143139677555e+03 9.937799516413383660e-01 6.666595212995767711e-03 9.999888371134657561e-01
1.215592280003620317e+03 1.016334931647529416e+00 6.666571068429772741e-03 9.999858630892930478e-01
1.215602416952095609e+03 1.006672444364940855e+00 6.666431992033258931e-03 9.999757730859908378e-01
1.215612553985103887e+03 9.908970398328954543e-01 6.665085196714479188e-03 9.998738690410646779e-01
1.215622691102645831e+03 1.009051281452066906e+00 6.655080937571632160e-03 9.989056932139732670e-01
1.215632828304722580e+03 9.913340200161279148e-01 6.605988256375500828e-03 9.929542161231099673e-01
1.215642965591334132e+03 9.564143807431704225e-01 6.452484899154263716e-03 9.706654968145735918e-01
1.215653102962481853e+03 9.305906794308426155e-01 6.159716052903278956e-03 9.220646686413718207e-01
1.215663240418165969e+03 8.707693445177745462e-01 5.859174621638568725e-03 8.675454918842427920e-01
1.215673377958387164e+03 8.456607590787600381e-01 5.794884299195551293e-03 8.549777941681924176e-01
1.215683515583146573e+03 9.043822766809815894e-01 6.015372988917970683e-03 8.952230347206109329e-01
1.215693653292444651e+03 9.374737035558796672e-01 6.291584798367606639e-03 9.431262810665792529e-01
1.215703791086282081e+03 9.649212431387953481e-01 6.407857833846754975e-03 9.611532053644872287e-01
1.215713928964659772e+03 9.476070133176797139e-01 6.338285808516298976e-03 9.497715095279056774e-01
1.215724066927577951e+03 9.183685676229932371e-01 6.155183850410125834e-03 9.226603821464537392e-01
1.215734204975037983e+03 8.931620797433361680e-01 5.934906371108270191e-03 8.902131411080156376e-01
1.215744343107040095e+03 8.650944441125872908e-01 5.741963438240875114e-03 8.602480279577066069e-01
1.215754481323585196e+03 8.325702820062546028e-01 5.617238067018316336e-03 8.384070417716269485e-01
1.215764619624673969e+03 8.288611189125022483e-01 5.563414852360267469e-03 8.266099949471761299e-01
1.215774758010306641e+03 8.251925182747608112e-01 5.566321579022567682e-03 8.250245610948117037e-01
1.215784896480484804e+03 8.342246859757262989e-01 5.637956112113766578e-03 8.364182345205788405e-01
1.215795035035208457e+03 8.667022270581324905e-01 5.809333606364917336e-03 8.644099785820563708e-01
1.215805173674478738e+03 9.037804004222967924e-01 6.066269564687982140e-03 9.051736139420228922e-01
1.215815312398296101e+03 9.482236477419186960e-01 6.328814822860026959e-03 9.459527122032415081e-01
1.215825451206661455e+03 9.726712134943995558e-01 6.517858349222463085e-03 9.752042460032884774e-01
1.215835590099575029e+03 9.903502375045356576e-01 6.615891985679018053e-03 9.907331143237120274e-01
1.215845729077038186e+03 1.004223424298771317e+00 6.653144053373564841e-03 9.970670164152302117e-01
1.215855868139051154e+03 9.983177129797506932e-01 6.663544489438357442e-03 9.991237552598495331e-01
1.215866007285614842e+03 1.010894180570084400e+00 6.663608527061421101e-03 9.992452530599980065e-01
1.215876146516729932e+03 1.005846521320825415e+00 6.646613710237603105e-03 9.958252536999558924e-01
1.215886285832397107e+03 9.748530178109368061e-01 6.568462188064523762e-03 9.806787935041121340e-01
1.215896425232617048e+03 9.449572650953591557e-01 6.374669147929373954e-03 9.460231569006394281e-01
1.215906564717390438e+03 9.131469178685549526e-01 6.143014429312669208e-03 9.101365831902762382e-01
1.215916704286718186e+03 9.089144393414231304e-01 6.099676878289838483e-03 9.108236562185122454e-01
1.215926843940600747e+03 9.476646636073062790e-01 6.295913295462892204e-03 9.472557609431936365e-01
1.215936983679038804e+03 9.795864766047521766e-01 6.520437752716916162e-03 9.814220819915617788e-01
1.215947123502033264e+03 1.001641850083877516e+00 6.631880070364786633e-03 9.960978029601721406e-01
1.215957263409584812e+03 1.010814605120609055e+00 6.661597934751674506e-03 9.994977114888073944e-01
1.215967403401694128e+03 1.003423614173567735e+00 6.666129864484817737e-03 9.999466808270003337e-01
1.215977543478361667e+03 9.947354174540312677e-01 6.666535934045306720e-03 9.999814813489197318e-01
1.215987683639588568e+03 9.914170943689799564e-01 6.666437654509725814e-03 9.999649899133291608e-01
1.215997823885375055e+03 1.007923217679233430e+00 6.665445951362029831e-03 9.998105324389221504e-01
1.216007964215722495e+03 1.002113067371630528e+00 6.659913525524122427e-03 9.989227213041240727e-01
1.216018104630630887e+03 9.984942989880841724e-01 6.638153680276252799e-03 9.953451589355359896e-01
1.216028245130101141e+03 9.865276661651196655e-01 6.578675567480128834e-03 9.853959094273276875e-01
1.216038385714134392e+03 9.606776965790427836e-01 6.469295288750200740e-03 9.669188285014818085e-01
1.216048526382730643e+03 9.498064001848911531e-01 6.344719988481977227e-03 9.458669678190411156e-01
1.216058667135891028e+03 9.351590355819031641e-01 6.284233786063443683e-03 9.359195566816714829e-01
1.216068807973616458e+03 9.487869655082292741e-01 6.335607020057530334e-03 9.450901242725319173e-01
1.216078948895907388e+03 9.563403297964765404e-01 6.457944050888831528e-03 9.659612677002726855e-01
1.216089089902764272e+03 9.911886933666457233e-01 6.570966746176465367e-03 9.847570335397219932e-01
1.216099230994188019e+03 1.001031353915220912e+00 6.634785933318596701e-03 9.950735195152651258e-01
1.216109372170179540e+03 9.952648710960183553e-01 6.658929038987706356e-03 9.988472076735213090e-01
1.216119513430739289e+03 1.003023504120459375e+00 6.665269031624465774e-03 9.997997417634502115e-01
1.216129654775868175e+03 9.945044661102299122e-01 6.666451294780379247e-03 9.999695927082681290e-01
1.216139796205566427e+03 1.020244542053419190e+00 6.666615066712940595e-03 9.999921503070969830e-01
1.216149937719835407e+03 1.004358818938414055e+00 6.666636416840660169e-03 9.999951268817262040e-01
1.216160079318675344e+03 9.918439444508160285e-01 6.666642151394562218e-03 9.999960199104754865e-01
1.216170221002087146e+03 1.000105614514323005e+00 6.666645647016852111e-03 9.999965881412173907e-01
1.216180362770071724e+03 1.006491486541749358e+00 6.666648263016329914e-03 9.999970153621933200e-01
1.216190504622629533e+03 9.982346218609587929e-01 6.666650315464282828e-03 9.999973506342101359e-01
1.216200646559761026e+03 1.004752599018467585e+00 6.666651970832365888e-03 9.999976209645136116e-01
1.216210788581467114e+03 1.000294873840646970e+00 6.666653335104295690e-03 9.999978436487636513e-01
1.216220930687748933e+03 9.936065279097591185e-01 6.666654479521590126e-03 9.999980303349160771e-01
1.216231072878606255e+03 9.911739683625584441e-01 6.666655453766240358e-03 9.999981891554630131e-01
1.216241215154040901e+03 9.930269672541208736e-01 6.666656293541821897e-03 9.999983259593050455e-01
1.216251357514052870e+03 1.000144894709665833e+00 6.666657025165271221e-03 9.999984450597847463e-01
1.216261499958642844e+03 1.000489187154622428e+00 6.666657668461656132e-03 9.999985497071586238e-01
1.216271642487811732e+03 1.000719132914593468e+00 6.666658238651207956e-03 9.999986423970410598e-01
1.216281785101560445e+03 1.008519013851502333e+00 6.666658747615118036e-03 9.999987250775435044e-01
1.216291927799889208e+03 1.008881324689905545e+00 6.666659204766002024e-03 9.999987992918492052e-01
1.216302070582799161e+03 1.011982608502852043e+00 6.666659617659737719e-03 9.999988662784956572e-01
1.216312213450290756e+03 9.976287420106130233e-01 6.666659992433941577e-03 9.999989270432876332e-01
1.216322356402364676e+03 9.953896843768968994e-01 6.666660334127743302e-03 9.999989824117601067e-01
1.216332499439021603e+03 9.992814569656400803e-01 6.666660646918665806e-03 9.999990330680562645e-01
1.216342642560262448e+03 1.002163966857481991e+00 6.666660934300635590e-03 9.999990795841484648e-01
1.216352785766088118e+03 9.914203117513503694e-01 6.666661199219481998e-03 9.999991224420869962e-01
1.216362929056498615e+03 9.982450678092279484e-01 6.666661444177343285e-03 9.999991620511409218e-01
1.216373072431495075e+03 1.008789948592079044e+00 6.666661671313969632e-03 9.999991987611499544e-01
1.216383215891078407e+03 1.001338664570301074e+00 6.666661882470705826e-03 9.999992328730290536e-01
1.216393359435249067e+03 1.012719641799019854e+00 6.666662079241302170e-03 9.999992646471109747e-01
1.216403503064007509e+03 9.960037680211307753e-01 6.666662263012616309e-03 9.999992943098290343e-01
1.216413646777354870e+03 1.003276397941345710e+00 6.666662434997502711e-03 9.999993220591141263e-01
1.216423790575291832e+03 9.939791370288824091e-01 6.666662596261557772e-03 9.999993480687854319e-01
1.216433934457819078e+03 1.004886601602386742e+00 6.666662747745058862e-03 9.999993724921489857e-01
1.216444078424937061e+03 1.015139294684271221e+00 6.666662890281053154e-03 9.999993954649659678e-01
1.216454222476646464e+03 9.957235027351424295e-01 6.666663024610377727e-03 9.999994171079154004e-01
1.216464366612948197e+03 9.959629601045123515e-01 6.666663151394200751e-03 9.999994375286507253e-01
1.216474510833842714e+03 9.962755921615448207e-01 6.666663271224558193e-03 9.999994568235263115e-01
1.216484655139331380e+03 9.947761304048707842e-01 6.666663384633237342e-03 9.999994750790545117e-01
1.216494799529414195e+03 1.007292973978040296e+00 6.666663492099318515e-03 9.999994923731400087e-01
1.216504944004092295e+03 1.011921714249585547e+00 6.666663594055602209e-03 -9.999999999000000000e+09
1.216515088563366135e+03 1.008940958024003187e+00 6.666663690894104703e-03 -9.999999999000000000e+09
1.216525233207236397e+03 1.002514372660242570e+00 6.666663782970783450e-03 -9.999999999000000000e+09
1.216535377935703764e+03 1.004330031189019756e+00 6.666663870609621477e-03 -9.999999999000000000e+09
1.216545522748769145e+03 9.954577696477653337e-01 6.666663954106151480e-03 -9.999999999000000000e+09
1.216555667646433221e+03 9.955648685062440384e-01 6.666664033730528016e-03 -9.999999999000000000e+09
1.216565812628696904e+03 1.001172938766068388e+00 6.666664109730214595e-03 -9.999999999000000000e+09
1.216575957695560191e+03 1.009464642135160961e+00 6.666664182332307335e-03 -9.999999999000000000e+09
1.216586102847024449e+03 9.965810406462488613e-01 6.666664251745609698e-03 -9.999999999000000000e+09
1.216596248083090131e+03 1.007453737171585484e+00 6.666664318162431394e-03 -9.999999999000000000e+09
1.216606393403757920e+03 1.005038966339460327e+00 6.666664381760192132e-03 -9.999999999000000000e+09
1.216616538809028498e+03 9.976457440205929172e-01 6.666664442702833690e-03 -9.999999999000000000e+09
