1.300000000000000000e+03 -1.067356168452046243e-18 5.334403535173294889e-22 -1.066880707034658865e-18
1.300008672666475150e+03 -1.936341643843411580e-18 9.687024943929066405e-22 -1.937404988785813040e-18
1.300017345390808259e+03 -9.438795586918990705e-19 4.716979948727885517e-22 -9.433959897455770161e-19
1.300026018172999557e+03 1.189734425691983068e-18 5.949631791968757262e-22 1.189926358393751243e-18
1.300034691013049269e+03 2.700104169531276382e-18 1.350529429584907489e-21 2.701058859169814650e-18
1.300043363910958078e+03 1.203731520714316817e-18 6.014095465163172408e-22 1.202819093032634367e-18
1.300052036866725985e+03 -1.481770547574069516e-19 7.412250291844865112e-23 -1.482450058368972930e-19
1.300060709880353897e+03 -3.144339282147220400e-19 1.572358179340099670e-22 -3.144716358680199099e-19
1.300069382951841817e+03 -1.162965003323917845e-18 5.819134889282943261e-22 -1.163826977856588526e-18
1.300078056081190198e+03 -1.504388727846466159e-18 7.523256189394806796e-22 -1.504651237878961224e-18
1.300086729268399495e+03 -5.936789185690317886e-19 2.967913527763872772e-22 -5.935827055527744768e-19
1.300095402513470162e+03 -9.693753341640173877e-20 4.849236822970884396e-23 -9.698473645941767644e-20
1.300104075816402428e+03 -3.920504921748301771e-19 1.958383559328086410e-22 -3.916767118656172418e-19
1.300112749177196747e+03 4.890334117848460698e-19 2.444658083017744215e-22 4.889316166035487609e-19
1.300121422595853574e+03 -5.288563193166865978e-19 2.643038700922194011e-22 -5.286077401844387141e-19
1.300130096072373135e+03 -9.046552130910114843e-19 4.522106257578787881e-22 -9.044212515157575235e-19
1.300138769606756114e+03 -8.851803380132577348e-19 4.423924685505164254e-22 -8.847849371010326718e-19
1.300147443199002510e+03 -1.201639785306864449e-18 6.012739381088435224e-22 -1.202547876217686815e-18
1.300156116849112777e+03 -5.423874996359498750e-19 2.710699465572177546e-22 -5.421398931144354664e-19
1.300164790557087599e+03 -3.393048064706171342e-19 1.695601306237415131e-22 -3.391202612474829949e-19
1.300173464322926975e+03 1.605395244609803716e-19 8.028667437547307245e-23 1.605733487509461293e-19
1.300182138146631587e+03 3.071346401565628008e-19 1.535941877964305582e-22 3.071883755928610697e-19
1.300190812028201663e+03 6.235080074526304542e-19 3.119747008823902745e-22 6.239494017647804376e-19
1.300199485967637884e+03 1.604599946035831146e-19 8.024361891672312191e-23 1.604872378334462356e-19
1.300208159964940023e+03 -3.275916429557193547e-19 1.638364775548226619e-22 -3.276729551096452738e-19
1.300216834020108990e+03 -1.758759269102138594e-19 8.797946268672533215e-23 -1.759589253734506536e-19
1.300225508133145240e+03 1.097350776225227575e-19 5.488784262762521919e-23 1.097756852552504194e-19
1.300234182304048772e+03 -4.511592561093478344e-19 2.254211878946889349e-22 -4.508423757893777847e-19
1.300242856532820042e+03 2.118255636443778300e-18 1.059158443135457154e-21 2.118316886270913905e-18
1.300251530819459958e+03 3.678739486353553263e-18 1.841379665599248737e-21 3.682759331198497234e-18
1.300260205163968067e+03 2.214938998276353834e-18 1.107573977348673810e-21 2.215147954697347482e-18
1.300268879566345277e+03 1.626465783424364671e-18 8.133764781928691185e-22 1.626752956385738023e-18
1.300277554026591588e+03 6.890004534413383730e-19 3.444070426569448836e-22 6.888140853138896544e-19
1.300286228544708365e+03 -6.479328358875116955e-19 3.240327096069845662e-22 -6.480654192139690270e-19
1.300294903120694698e+03 -1.452319854522793199e-18 7.261942996074123028e-22 -1.452388599214824487e-18
1.300303577754551725e+03 -9.025923876279640200e-19 4.513706371797334304e-22 -9.027412743594667224e-19
1.300312252446279672e+03 -4.347960631795793893e-19 2.175004670511241892e-22 -4.350009341022483160e-19
1.300320927195879221e+03 -7.012856479451980632e-19 3.503698306491851844e-22 -7.007396612983702537e-19
1.300329602003349919e+03 3.256820088327612553e-19 1.627476118556037324e-22 3.254952237112074248e-19
1.300338276868693356e+03 2.526400326452980282e-19 1.263265562814002985e-22 2.526531125628005522e-19
1.300346951791908850e+03 -4.407747488614660958e-19 2.205636040497945209e-22 -4.411272080995889741e-19
1.300355626772997311e+03 5.619241027540597265e-19 2.807355801309895388e-22 5.614711602619790370e-19
1.300364301811958967e+03 5.264558268320867987e-19 2.632528928004790392e-22 5.265057856009580566e-19
1.300372976908794044e+03 6.470342413093972623e-19 3.235058959714582484e-22 6.470117919429164344e-19
1.300381652063503452e+03 6.142694010290072388e-19 3.071976730525830862e-22 6.143953461051660837e-19
1.300390327276087191e+03 3.126515146599059460e-19 1.563380811217937511e-22 3.126761622435874601e-19
1.300399002546545717e+03 5.195945414464539238e-19 2.595550959800678026e-22 5.191101919601355210e-19
1.300407677874879255e+03 -1.076854717987778492e-19 5.383521175334937811e-23 -1.076704235066987372e-19
1.300416353261088716e+03 -6.325335876116596378e-19 3.163104286595795677e-22 -6.326208573191590594e-19
1.300425028705173872e+03 -5.208847189355907510e-19 2.603035137862701295e-22 -5.206070275725402251e-19
1.300433704207135406e+03 -1.251727982144032498e-19 6.258902977043362598e-23 -1.251780595408672491e-19
1.300442379766973545e+03 -2.771677727249012053e-21 1.385683029487354702e-24 -2.771366058974709068e-21
1.300451055384688971e+03 1.058406713960186499e-19 5.292312190251801480e-23 1.058462438050360225e-19
1.300459731060281911e+03 7.303122615083939650e-19 3.650772231494448909e-22 7.301544462988897021e-19
1.300468406793752592e+03 5.563833826896243872e-19 2.781311620239273727e-22 5.562623240478546499e-19
1.300477082585101471e+03 5.723498673591192189e-19 2.862463716152146020e-22 5.724927432304291535e-19
1.300485758434329227e+03 5.198186437388891734e-19 2.599501500575263904e-22 5.199003001150527544e-19
1.300494434341435863e+03 7.434248864509978353e-19 3.714989079446997337e-22 7.429978158893993538e-19
1.300503110306421831e+03 5.587559840732765480e-19 2.792138560485337769e-22 5.584277120970674537e-19
1.300511786329287816e+03 1.439985689103101907e-18 7.197858637797491998e-22 1.439571727559498153e-18
1.300520462410033815e+03 1.580392868590991342e-18 7.906913557805442958e-22 1.581382711561088450e-18
1.300529138548660512e+03 -2.213285722398492296e-20 1.106641199691699434e-23 -2.213282399383398717e-20
1.300537814745168362e+03 -5.287808669013494380e-19 2.642977963276076479e-22 -5.285955926552152409e-19
1.300546490999557363e+03 -1.316700803283870144e-18 6.580048844037123005e-22 -1.316009768807424496e-18
1.300555167311827972e+03 -1.369972611780885352e-18 6.851417323955510575e-22 -1.370283464791102001e-18
1.300563843681980870e+03 -3.161305472226898528e-19 1.579583004201119652e-22 -3.159166008402238726e-19
1.300572520110016285e+03 -5.252077082436440900e-19 2.626386269740351883e-22 -5.252772539480703382e-19
1.300581196595934443e+03 -3.040814858514175539e-19 1.520397501226714115e-22 -3.040795002453427966e-19
1.300589873139736028e+03 4.515174014178463829e-19 2.256418688683548532e-22 4.512837377367096388e-19
1.300598549741421266e+03 2.861247176086195081e-19 1.430718773323311297e-22 2.861437546646622057e-19
1.300607226400990612e+03 -2.219610199483937835e-19 1.111326317950221518e-22 -2.222652635900442667e-19
1.300615903118444066e+03 -3.011455377219513161e-19 1.506327608600081283e-22 -3.012655217200162009e-19
1.300624579893782766e+03 -7.848884857733801499e-19 3.926345865212732980e-22 -7.852691730425464727e-19
1.300633256727006483e+03 1.602488042471531078e-19 8.015046306786885247e-23 1.603009261357376893e-19
1.300641933618115900e+03 1.130752184797436420e-18 5.657537998538946002e-22 1.131507599707788987e-18
1.300650610567111244e+03 1.002602179717028090e-19 5.014153697573528680e-23 1.002830739514705568e-19
1.300659287573992970e+03 -1.377538170493006994e-18 6.888436889788461607e-22 -1.377687377957692212e-18
1.300667964638761532e+03 -3.000044604008907624e-18 1.499956072130318336e-21 -2.999912144260636205e-18
1.300676641761417159e+03 -2.073493127740354361e-18 1.036779173156907382e-21 -2.073558346313814653e-18
1.300685318941960077e+03 4.724830512327459861e-19 2.360787320415296256e-22 4.721574640830592015e-19
1.300693996180391196e+03 3.380103991424062179e-19 1.689574392984828237e-22 3.379148785969656200e-19
1.300702673476710515e+03 5.478562225964471918e-19 2.739893874442813840e-22 5.479787748885626815e-19
1.300711350830918718e+03 4.615570026246481924e-19 2.307482763927811554e-22 4.614965527855622259e-19
1.300720028243015804e+03 7.361141082377657147e-19 3.681902187374004849e-22 7.363804374748008479e-19
1.300728705713002455e+03 8.665928192481028244e-19 4.331145141889891079e-22 8.662290283779781497e-19
1.300737383240879126e+03 7.613028314498319873e-19 3.806071411856664598e-22 7.612142823713327969e-19
1.300746060826645589e+03 1.416790434528138131e-19 7.084448278882255943e-23 1.416889655776451036e-19
1.300754738470302982e+03 -4.683987420178980089e-19 2.338793116226690222e-22 -4.677586232453380008e-19
1.300763416171851077e+03 -1.288710425110928636e-18 6.446927105362931612e-22 -1.289385421072586149e-18
1.300772093931291010e+03 -1.705080898822334173e-18 8.530119859454044244e-22 -1.706023971890808491e-18
1.300780771748622328e+03 -6.913241261955268885e-19 3.458166811468684952e-22 -6.916333622937369173e-19
1.300789449623846167e+03 -1.134877310639483136e-18 5.673305008599052713e-22 -1.134661001719810364e-18
1.300798127556962527e+03 -1.290430275358598774e-18 6.452071362707531994e-22 -1.290414272541506292e-18
1.300806805547971408e+03 -8.259881447925214563e-19 4.127932552043729407e-22 -8.255865104087457829e-19
1.300815483596874174e+03 -8.054135661312137409e-20 4.021583477117299378e-23 -8.043166954234597346e-20
1.300824161703670143e+03 8.741131552142691712e-19 4.369806805227276324e-22 8.739613610454551399e-19
1.300832839868360452e+03 9.267000342295681620e-19 4.631511782545943434e-22 9.263023565091886176e-19
1.300841518090945101e+03 8.039656522274502158e-19 4.016072662008641298e-22 8.032145324017281326e-19
1.300850196371424772e+03 7.137189979122764095e-19 3.564816632254690883e-22 7.129633264509380667e-19
1.300858874709799466e+03 1.275975409232816268e-18 6.385572298215139304e-22 1.277114459643027772e-18
1.300867553106070318e+03 1.440871896913675828e-18 7.202080639813695082e-22 1.440416127962738809e-18
1.300876231560236874e+03 2.618809025905423025e-18 1.308545529494369469e-21 2.617091058988738466e-18
1.300884910072299817e+03 3.453325642176742822e-18 1.727479021515857628e-21 3.454958043031715076e-18
1.300893588642259601e+03 2.651794601179252236e-19 1.325286903069052470e-22 2.650573806138104748e-19
1.300902267270116454e+03 5.897756440192488299e-19 2.949897616494800738e-22 5.899795232989600670e-19
1.300910945955871057e+03 9.335827401558268449e-19 4.669027735914557885e-22 9.338055471829114732e-19
1.300919624699523411e+03 1.531796336564883093e-19 7.663225663573580337e-23 1.532645132714715979e-19
1.300928303501074424e+03 5.392963625414029930e-20 2.695862218896218062e-23 5.391724437792435982e-20
1.300936982360523871e+03 1.085319709175001880e-18 5.429457637427603245e-22 1.085891527485520592e-18
1.300945661277872659e+03 6.436150059159099051e-19 3.216047398457503879e-22 6.432094796915006818e-19
1.300954340253120790e+03 -1.761214136590254066e-19 8.801525447471162459e-23 -1.760305089494232353e-19
1.300963019286268946e+03 -2.646332698686143892e-19 1.322860907035076008e-22 -2.645721814070151895e-19
1.300971698377317125e+03 -3.372016854592286530e-19 1.685449615446596433e-22 -3.370899230893192501e-19
1.300980377526266238e+03 -8.673738687341981499e-19 4.336290832547526202e-22 -8.672581665095051411e-19
1.300989056733116286e+03 -9.337631978695401555e-19 4.670405197844247425e-22 -9.340810395688494459e-19
1.300997735997867949e+03 -6.136812574017408595e-19 3.072383256710257400e-22 -6.144766513420513889e-19
1.301006415320521228e+03 -4.767447225845908579e-19 2.382579121045971466e-22 -4.765158242091942563e-19
1.301015094701076805e+03 -4.064296176177165257e-19 2.031871610575496707e-22 -4.063743221150993049e-19
1.301023774139534680e+03 3.310701316319482954e-19 1.657203679942136377e-22 3.314407359884272505e-19
1.301032453635895990e+03 6.558613481673189236e-20 3.280023791546019547e-23 6.560047583092038718e-20
1.301041133190160281e+03 -4.471299794408989151e-19 2.236299920071434638e-22 -4.472599840142868818e-19
1.301049812802328688e+03 -4.070134701806961286e-19 2.036775776761080255e-22 -4.073551553522159881e-19
1.301058492472400985e+03 -4.057245926686836168e-19 2.029477760193377373e-22 -4.058955520386754136e-19
1.301067172200377854e+03 -3.542864364128585665e-19 1.771815896321234204e-22 -3.543631792642468231e-19
1.301075851986259750e+03 -1.008897392330028600e-18 5.046986775108150254e-22 -1.009397355021629891e-18
1.301084531830046672e+03 -5.029329313199299502e-19 2.514859109924228267e-22 -5.029718219848456271e-19
1.301093211731739530e+03 -2.783302396157512895e-19 1.391174014659115014e-22 -2.782348029318229690e-19
1.301101891691338324e+03 2.597516224869178032e-18 1.298320220608082251e-21 2.596640441216164176e-18
1.301110571708843509e+03 1.556514116852629547e-18 7.783162827983643397e-22 1.556632565596728425e-18
1.301119251784255994e+03 1.233846249272747559e-18 6.171706293172546383e-22 1.234341258634509143e-18
1.301127931917575324e+03 1.542628343946095645e-18 7.707545409803864398e-22 1.541509081960772658e-18
1.301136612108802410e+03 1.208330786505699692e-18 6.035128757221301898e-22 1.207025751444260216e-18
1.301145292357937251e+03 1.040774843265761108e-18 5.202711486462207089e-22 1.040542297292441370e-18
1.301153972664980756e+03 1.059592190838206274e-18 5.296526461127913808e-22 1.059305292225582581e-18
1.301162653029932926e+03 -4.292158811229395767e-20 2.147710053280986660e-23 -4.295420106561972747e-20
1.301171333452794443e+03 -1.201037907918183160e-18 6.001497494173115392e-22 -1.200299498834623000e-18
1.301180013933565078e+03 -1.697517927801416263e-18 8.493278305756025357e-22 -1.698655661151204930e-18
1.301188694472245970e+03 -2.663753459736962338e-18 1.332769315803733662e-21 -2.665538631607466981e-18
1.301197375068836891e+03 -2.283257740501117680e-18 1.142204562174019295e-21 -2.284409124348038362e-18
1.301206055723338750e+03 -1.356205875632602674e-18 6.778593422024997997e-22 -1.355718684404999440e-18
1.301214736435752002e+03 -1.331537566434397937e-19 6.654189804272259780e-23 -1.330837960854451851e-19
1.301223417206076419e+03 5.962826891545554700e-19 2.981848164746506708e-22 5.963696329493012288e-19
1.301232098034312457e+03 7.270015016806893461e-19 3.632660574104387509e-22 7.265321148208774183e-19
1.301240778920461025e+03 4.165820175862083630e-19 2.084202865519221338e-22 4.168405731038442188e-19
1.301249459864522123e+03 2.014601206401459168e-20 1.007199587357876957e-23 2.014399174715753796e-20
1.301258140866496433e+03 -2.139136803504647439e-19 1.070013679782563067e-22 -2.140027359565126099e-19
1.301266821926384182e+03 -1.190240138736918244e-18 5.950985077480932722e-22 -1.190197015496186361e-18
1.301275503044185598e+03 -2.339808184911756434e-19 1.169365346964666380e-22 -2.338730693929332384e-19
1.301284184219900908e+03 1.190500371017388295e-18 5.952992995062153583e-22 1.190598599012430536e-18
1.301292865453531249e+03 3.442352459332028584e-18 1.720203923165750535e-21 3.440407846331500877e-18
1.301301546745076394e+03 3.796981690158637938e-18 1.898398119905468273e-21 3.796796239810935801e-18
1.301310228094536797e+03 -5.861330088816533673e-19 2.930745215667119008e-22 -5.861490431334236894e-19
1.301318909501912913e+03 -4.066045261505189281e-18 2.032102749444242480e-21 -4.064205498888484124e-18
1.301327590967205424e+03 -1.526018132282629851e-18 7.631461735166877486e-22 -1.526292347033375395e-18
1.301336272490414103e+03 -8.790727313671106391e-19 4.398003757956468590e-22 -8.796007515912935916e-19
1.301344954071539860e+03 -4.988481281122026399e-19 2.494338634801135744e-22 -4.988677269602271374e-19
1.301353635710582921e+03 -3.653824433123479020e-19 1.825882626438996782e-22 -3.651765252877993296e-19
1.301362317407543287e+03 -9.785205748202960628e-19 4.889215191908079050e-22 -9.778430383816156851e-19
1.301370999162422095e+03 -1.179942171149853837e-18 5.900693724168386993e-22 -1.180138744833677265e-18
1.301379680975219344e+03 -2.178475987261121339e-19 1.088424502888239383e-22 -2.176849005776478566e-19
1.301388362845935262e+03 -2.067333416928850695e-19 1.034461123306210239e-22 -2.068922246612420233e-19
1.301397044774570304e+03 -1.493908669941518272e-18 7.474397379696238158e-22 -1.494879475939247454e-18
1.301405726761125152e+03 -1.234432449500150559e-18 6.172405970458230591e-22 -1.234481194091645935e-18
1.301414408805599805e+03 -1.255719245905047915e-18 6.280096474417788909e-22 -1.256019294883557711e-18
1.301423090907994947e+03 -2.366001332429215879e-18 1.182687937916471933e-21 -2.365375875832943685e-18
1.301431773068310576e+03 -2.352218673058344706e-18 1.175773397496342452e-21 -2.351546794992684489e-18
1.301440455286547603e+03 -1.996338497381442480e-18 9.972806816001556703e-22 -1.994561363200310970e-18
1.301449137562706255e+03 -1.772777442043583488e-18 8.871600399328455709e-22 -1.774320079865691030e-18
1.301457819896786759e+03 -1.152100006705736024e-18 5.759617554817784295e-22 -1.151923510963556791e-18
1.301466502288789343e+03 -7.479335204001413798e-19 3.740442915772630570e-22 -7.480885831545259959e-19
1.301475184738714688e+03 2.233639688965867826e-19 1.118036550180493859e-22 2.236073100360987455e-19
1.301483867246563250e+03 5.095501077068739170e-19 2.549146595736422178e-22 5.098293191472843355e-19
1.301492549812335255e+03 1.055791719475405891e-18 5.278886744997201742e-22 1.055777348999440260e-18
1.301501232436030932e+03 -2.066156782850405020e-18 1.033584455993026918e-21 -2.067168911986053659e-18
1.301509915117650962e+03 -4.665529370481284218e-18 2.332538573411052744e-21 -4.665077146822104880e-18
1.301518597857195573e+03 -3.625457657943304959e-18 1.811117452170671566e-21 -3.622234904341342784e-18
1.301527280654665219e+03 -1.576123414561509679e-20 7.877437085006325879e-24 -1.575487417001265098e-20
1.301535963510060355e+03 1.229709873874669587e-18 6.148474328033908815e-22 1.229694865606781570e-18
1.301544646423380982e+03 3.901828700734590532e-19 1.951131155700220891e-22 3.902262311400441466e-19
1.301553329394628008e+03 6.669460360310738098e-19 3.332490413627682720e-22 6.664980827255364356e-19
1.301562012423801434e+03 2.917843257124876875e-19 1.458650972861099638e-22 2.917301945722199175e-19
1.301570695510901714e+03 4.003105557595196832e-19 2.001263685510225753e-22 4.002527371020450961e-19
1.301579378655929759e+03 3.296447763229322887e-19 1.647607272240719668e-22 3.295214544481438761e-19
1.301588061858885112e+03 9.129204272066688349e-21 4.564569255144928238e-24 9.129138510289856088e-21
1.301596745119768457e+03 -9.322525581882220601e-19 4.663179838730250995e-22 -9.326359677460501464e-19
1.301605428438580702e+03 -1.126343862941636567e-18 5.637554662917228779e-22 -1.127510932583445714e-18
1.301614111815321394e+03 -1.292296873685445958e-18 6.461277216816513636e-22 -1.292255443363302608e-18
1.301622795249991668e+03 -1.221425407839476220e-18 6.106450911713876822e-22 -1.221290182342775300e-18
1.301631478742591753e+03 -1.512224516291941863e-18 7.562444097630391910e-22 -1.512488819526078259e-18
1.301640162293121648e+03 -1.385258068072074725e-18 6.926040454350481582e-22 -1.385208090870096095e-18
1.301648845901581581e+03 4.449935568800511081e-19 2.224656375214662684e-22 4.449312750429324473e-19
1.301657529567972688e+03 8.335422714587359141e-19 4.163380319331999137e-22 8.326760638663997657e-19
1.301666213292294742e+03 1.308118897899861155e-18 6.549847066488436449e-22 1.309969413297687103e-18
1.301674897074548880e+03 1.846716640374118401e-18 9.226306192909191866e-22 1.845261238581838286e-18
1.301683580914734648e+03 1.498583733279592084e-18 7.493300129882669066e-22 1.498660025976533681e-18
1.301692264812852500e+03 8.974231165901819327e-19 4.486020471425369600e-22 8.972040942850738027e-19
1.301700948768903572e+03 1.492773793922947988e-18 7.464106134600419598e-22 1.492821226920083768e-18
1.301709632782887184e+03 1.023367262405624365e-18 5.119626259754824142e-22 1.023925251950964720e-18
1.301718316854804698e+03 1.671222504609382598e-19 8.356607834544867427e-23 1.671321566908973245e-19
1.301727000984656115e+03 6.036219073248670419e-19 3.017386662204405866e-22 6.034773324408811468e-19
1.301735685172441890e+03 2.869948369364026513e-18 1.435048288037156162e-21 2.870096576074312170e-18
1.301744369418162250e+03 1.871779670905755928e-18 9.364416492573481237e-22 1.872883298514696031e-18
1.301753053721817423e+03 1.170120787169558358e-19 5.846839040409450539e-23 1.169367808081890064e-19
1.301761738083408318e+03 -5.758859951511200285e-19 2.878887943656140914e-22 -5.757775887312280745e-19
1.301770422502934935e+03 1.166771091775366782e-18 5.836488818427026911e-22 1.167297763685405197e-18
1.301779106980397728e+03 1.714677358477197872e-18 8.569755787753452827e-22 1.713951157550690367e-18
1.301787791515797153e+03 2.036398779267602821e-18 1.018109961884374156e-21 2.036219923768747917e-18
1.301796476109133664e+03 2.265114890955985856e-18 1.132449890810889147e-21 2.264899781621778186e-18
1.301805160760407261e+03 2.044623123581918487e-18 1.022030849579545805e-21 2.044061699159091364e-18
1.301813845469618855e+03 7.379389475568516046e-19 3.690983932461717186e-22 7.381967864923433974e-19
1.301822530236768444e+03 5.798028547830823802e-19 2.895605657693798258e-22 5.791211315387595696e-19
1.301831215061856710e+03 -3.310499116996586139e-19 1.656737560092563648e-22 -3.313475120185126934e-19
1.301839899944883882e+03 -2.119494855021910920e-18 1.060823499873361301e-21 -2.121646999746722218e-18
1.301848584885850187e+03 -1.718041561268731085e-18 8.587518097606028630e-22 -1.717503619521205660e-18
1.301857269884756533e+03 -1.352800474123707919e-18 6.761589413196164021e-22 -1.352317882639232573e-18
1.301865954941602695e+03 -1.371714889986655108e-18 6.860057742154773673e-22 -1.372011548430954584e-18
1.301874640056389126e+03 -4.300110916846523719e-19 2.150918978304589727e-22 -4.301837956609179048e-19
1.301883325229116963e+03 6.728443040100824252e-19 3.362386646998598593e-22 6.724773293997196846e-19
1.301892010459785524e+03 1.081292333755039317e-18 5.405439951747351952e-22 1.081087990349470360e-18
1.301900695748395947e+03 1.547451432484991832e-18 7.736649176001909295e-22 1.547329835200381614e-18
1.301909381094948230e+03 2.382678856171017778e-18 1.192325601691785734e-21 2.384651203383571381e-18
1.301918066499443057e+03 3.149876829216893139e-18 1.574960367473482499e-21 3.149920734946964653e-18
1.301926751961880427e+03 2.122227137707854895e-18 1.060213082771949460e-21 2.120426165543898781e-18
1.301935437482261250e+03 4.447526048909024876e-18 2.223675862099844669e-21 4.447351724199688550e-18
1.301944123060585298e+03 3.313615435349622861e-18 1.656619313265361377e-21 3.313238626530722224e-18
1.301952808696853708e+03 2.343550574194666049e-18 1.171824083157082414e-21 2.343648166314164584e-18
1.301961494391066253e+03 1.322639514768972180e-18 6.614523655189799017e-22 1.322904731037959656e-18
1.301970180143223388e+03 1.214325941386761218e-19 6.067486912825655871e-23 1.213497382565131125e-19
1.301978865953325794e+03 1.129770603210942503e-18 5.649549739886096429e-22 1.129909947977219245e-18
1.301987551821373700e+03 1.081250175953417248e-18 5.405771252252715937e-22 1.081154250450543064e-18
1.301996237747367331e+03 8.343111463190603553e-19 4.171859897999072440e-22 8.343719795998143820e-19
1.302004923731307372e+03 9.748503134941399991e-19 4.876304274456367904e-22 9.752608548912735432e-19
1.302013609773194048e+03 2.549672021883893500e-19 1.274167672105342484e-22 2.548335344210684834e-19
1.302022295873027815e+03 -4.593775751837874176e-19 2.295982999341184975e-22 -4.591965998682369581e-19
1.302030982030808900e+03 -1.072294069080186344e-18 5.363342060149829815e-22 -1.072668412029965891e-18
1.302039668246537758e+03 -2.111181994927034956e-18 1.056012543081453263e-21 -2.112025086162906102e-18
1.302048354520214843e+03 -3.071767420203408931e-18 1.533955257005855433e-21 -3.067910514011710363e-18
1.302057040851840611e+03 -2.091720472714641945e-18 1.045441788907332369e-21 -2.090883577814664636e-18
1.302065727241415061e+03 -1.734382157079260645e-18 8.672231675256939427e-22 -1.734446335051387615e-18
1.302074413688939103e+03 -8.451294045200523750e-19 4.225451616826541169e-22 -8.450903233653081217e-19
1.302083100194412737e+03 -1.168859301652450849e-18 5.843965197557738359e-22 -1.168793039511547548e-18
1.302091786757836644e+03 -1.021268735954032054e-18 5.104270457022808076e-22 -1.020854091404561412e-18
1.302100473379210825e+03 4.342917727131563326e-19 2.170842245928797726e-22 4.341684491857595015e-19
1.302109160058536418e+03 5.751130236965856403e-19 2.876151944694508229e-22 5.752303889389015352e-19
1.302117846795812738e+03 3.186197818808787064e-19 1.592590428333391505e-22 3.185180856666782817e-19
1.302126533591040925e+03 -1.457219944238043316e-18 7.288200121837143740e-22 -1.457640024367428578e-18
1.302135220444221204e+03 -1.897987701804995437e-19 9.491895597437566462e-23 -1.898379119487513063e-19
1.302143907355353804e+03 3.625535276469960756e-19 1.814339524246810445e-22 3.628679048493620372e-19
1.302152594324439406e+03 1.431823360706023659e-18 7.156905847390295522e-22 1.431381169478058915e-18
1.302161281351478237e+03 6.252877879178422767e-19 3.128287531512553335e-22 6.256575063025106181e-19
1.302169968436470754e+03 3.523305243971097696e-19 1.763148399353194641e-22 3.526296798706388899e-19
1.302178655579417182e+03 -4.617773692946889680e-19 2.308855731289199366e-22 -4.617711462578397964e-19
1.302187342780317749e+03 -6.272301122496904445e-19 3.136884908107032360e-22 -6.273769816214063539e-19
1.302196030039173365e+03 -3.433409572793119700e-19 1.716453187247440730e-22 -3.432906374494880975e-19
1.302204717355984030e+03 5.821724884786942913e-19 2.909720146553196351e-22 5.819440293106391867e-19
1.302213404730750199e+03 -1.782154423707240792e-19 8.901849808044783948e-23 -1.780369961608956692e-19
1.302222092163472553e+03 -4.172386350631856535e-19 2.086667780706046285e-22 -4.173335561412092193e-19
1.302230779654150865e+03 -1.105940071074235601e-19 5.531070417116473525e-23 -1.106214083423294592e-19
1.302239467202786045e+03 4.112139134024021456e-20 2.056554590293058488e-23 4.113109180586116769e-20
1.302248154809378320e+03 -6.331066020676276012e-19 3.163282282943718320e-22 -6.326564565887436106e-19
1.302256842473928145e+03 -4.982308239020129981e-19 2.490579146725049712e-22 -4.981158293450098597e-19
1.302265530196435520e+03 2.596609605851634252e-19 1.298333225857807612e-22 2.596666451715614916e-19
1.302274217976901582e+03 1.096380689253920411e-19 5.482864958561979582e-23 1.096572991712395745e-19
1.302282905815325876e+03 -8.175071953887360085e-19 4.088664289273102185e-22 -8.177328578546203521e-19
1.302291593711709538e+03 3.066878526208999958e-20 1.533821503294690509e-23 3.067643006589380712e-20
1.302300281666052342e+03 6.631932424494835058e-19 3.316289257490352077e-22 6.632578514980703702e-19
1.302308969678354742e+03 3.640521773839549290e-19 1.820219986102660762e-22 3.640439972205321301e-19
1.302317657748617648e+03 8.318024794866733624e-19 4.158231454378531956e-22 8.316462908757063378e-19
1.302326345876841287e+03 8.315452263158446590e-19 4.158838114085355858e-22 8.317676228170710641e-19
1.302335034063025432e+03 2.213395856820886481e-18 1.105861680116596073e-21 2.211723360233192052e-18
1.302343722307171220e+03 9.751349910384746082e-19 4.874941782415187408e-22 9.749883564830374514e-19
1.302352410609278650e+03 1.684479807676305660e-19 8.414705561581536640e-23 1.682941112316307127e-19
1.302361098969348177e+03 -9.938970422693843215e-19 4.966247916278238393e-22 -9.932495832556476456e-19
1.302369787387380256e+03 6.206768754270230823e-19 3.104585678761378647e-22 6.209171357522756571e-19
1.302378475863375115e+03 3.040632354332716739e-18 1.521092349175276338e-21 3.042184698350552508e-18
1.302387164397333436e+03 2.155349374445837897e-18 1.077211409731925384e-21 2.154422819463850684e-18
1.302395852989255445e+03 1.365110656454435931e-18 6.829383544097968839e-22 1.365876708819593535e-18
1.302404541639141144e+03 8.396818061262445004e-19 4.199163630187838234e-22 8.398327260375675452e-19
1.302413230346991440e+03 -3.142858867103525930e-19 1.570995885256969276e-22 -3.141991770513938225e-19
1.302421919112806791e+03 -1.552554016066684504e-19 7.761859297533670096e-23 -1.552371859506733762e-19
1.302430607936587194e+03 5.282178041378584877e-19 2.639612851155300938e-22 5.279225702310601448e-19
1.302439296818332878e+03 -2.007180976868870860e-20 1.003084405974600043e-23 -2.006168811949199923e-20
1.302447985758044979e+03 -7.102033155681831578e-20 3.549040749859068116e-23 -7.098081499718134934e-20
1.302456674755723270e+03 1.269781862632363109e-18 6.347122326528014435e-22 1.269424465305602664e-18
1.302465363811368206e+03 1.309412884415942578e-18 6.547195798596264966e-22 1.309439159719252855e-18
1.302474052924980697e+03 -1.072725572960883225e-18 5.363053848345895624e-22 -1.072610769669179059e-18
1.302482742096560060e+03 -1.468001979613249991e-18 7.337260226276089667e-22 -1.467452045255217783e-18
1.302491431326107886e+03 -1.359135202265331445e-18 6.797304102908659110e-22 -1.359460820581731614e-18
1.302500120613623722e+03 -2.303722710763997201e-18 1.152172038790095696e-21 -2.304344077580191221e-18
1.302508809959108476e+03 -1.686616355193693352e-18 8.435400320979952836e-22 -1.687080064195990346e-18
1.302517499362561921e+03 -1.489955957952741998e-18 7.448314634034369226e-22 -1.489662926806873666e-18
1.302526188823985194e+03 -6.075296824209961881e-19 3.037152183753542535e-22 -6.074304367507083933e-19
1.302534878343378296e+03 7.295066546040200781e-19 3.651017830113965440e-22 7.302035660227929631e-19
1.302543567920741680e+03 5.215050588155402200e-19 2.607288316017386292e-22 5.214576632034772297e-19
1.302552257556075347e+03 7.097575376318104305e-19 3.550965923111091625e-22 7.101931846222182166e-19
1.302560947249380206e+03 3.042256264427540421e-18 1.522657577331012464e-21 3.045315154662024395e-18
1.302569637000656485e+03 6.079581619431495875e-18 3.040919973100197641e-21 6.081839946200394223e-18
1.302578326809904638e+03 9.360448167691616546e-18 4.675227012399369537e-21 9.350454024798738279e-18
1.302587016677124666e+03 3.000673352512005966e-18 1.501253386726122096e-21 3.002506773452244017e-18
1.302595706602317478e+03 8.946548918238506936e-19 4.471717763452476976e-22 8.943435526904953320e-19
1.302604396585483073e+03 8.787781895169384679e-19 4.392028298331205230e-22 8.784056596662409829e-19
1.302613086626622362e+03 1.072329938283492943e-18 5.368818888943044970e-22 1.073763777788608955e-18
1.302621776725734890e+03 5.632060676728319747e-19 2.815684199079951031e-22 5.631368398159901318e-19
1.302630466882821793e+03 7.336493440848516410e-19 3.667281027249716507e-22 7.334562054499432584e-19
1.302639157097883071e+03 5.582008978118843600e-19 2.791273639046008819e-22 5.582547278092017457e-19
1.302647847370919408e+03 -7.884901899502603827e-19 3.941790927546066492e-22 -7.883581855092131871e-19
1.302656537701931029e+03 -8.208580881923093842e-19 4.103395213976037996e-22 -8.206790427952075451e-19
1.302665228090917935e+03 -1.119647975833765653e-18 5.597304196850937593e-22 -1.119460839370187338e-18
1.302673918537881264e+03 -2.362770842277766175e-18 1.181359996597607799e-21 -2.362719993195215355e-18
1.302682609042820786e+03 -1.124449009933955630e-18 5.626879415508470977e-22 -1.125375883101694161e-18
1.302691299605737186e+03 -1.259545134628013783e-19 6.297358919763401294e-23 -1.259471783952680146e-19
1.302699990226630689e+03 -6.553391081927045419e-21 3.276695077836855113e-24 -6.553390155673709720e-21
1.302708680905501978e+03 -4.246488579584914708e-19 2.123542675840599601e-22 -4.247085351681198389e-19
1.302717371642351054e+03 -1.517754953838380906e-19 7.582912755646083577e-23 -1.516582551129216657e-19
1.302726062437178371e+03 -1.531411663678927645e-18 7.654415020699865453e-22 -1.530883004139972937e-18
1.302734753289984610e+03 -4.333897221879301210e-19 2.166780981777309177e-22 -4.333561963554617572e-19
1.302743444200770000e+03 -5.741457174819346120e-20 2.868595061205998762e-23 -5.737190122411997204e-20
1.302752135169534768e+03 1.055513730939069334e-19 5.275842564650958889e-23 1.055168512930191698e-19
1.302760826196279595e+03 2.228980233377955927e-20 1.113413306646767174e-23 2.226826613293534225e-20
1.302769517281004937e+03 -4.392995824647723649e-19 2.193985707935240856e-22 -4.387971415870481351e-19
1.302778208423710566e+03 -1.580887760940575164e-18 7.900799021974680077e-22 -1.580159804394935826e-18
1.302786899624397165e+03 -4.775577877517070502e-19 2.386827577486223421e-22 -4.773655154972446557e-19
1.302795590883065415e+03 3.940290572866641697e-18 1.970224856206643644e-21 3.940449712413287181e-18
1.302804282199715544e+03 2.805771535170018175e-18 1.403116994839068748e-21 2.806233989678137261e-18
1.302812973574347780e+03 1.532564186383194143e-18 7.663238797741020516e-22 1.532647759548203905e-18
1.302821665006962803e+03 1.945422645312231148e-18 9.726131597317285232e-22 1.945226319463456845e-18
1.302830356497560842e+03 1.403399777552353503e-18 7.016290412397828362e-22 1.403258082479565502e-18
1.302839048046142125e+03 2.485959933073067361e-18 1.242524221653292456e-21 2.485048443306584809e-18
1.302847739652707105e+03 4.038054266040371495e-18 2.018272593884463971e-21 4.036545187768927851e-18
1.302856431317256465e+03 3.364040550845501787e-18 1.681390729711912009e-21 3.362781459423823561e-18
1.302865123039789978e+03 4.235263073349674857e-18 2.117721014796553891e-21 4.235442029593107017e-18
1.302873814820308780e+03 1.270126377761254790e-18 6.345202142903482010e-22 1.269040428580696169e-18
1.302882506658812645e+03 1.164269730626444545e-18 5.823542059227081206e-22 1.164708411845416055e-18
1.302891198555302481e+03 3.342918729891344988e-16 1.671094247101496113e-19 3.342188494202991992e-16
1.302899890509778288e+03 6.764920870065861807e-14 3.383343364302642207e-17 6.766686728605283457e-14
1.302908582522240749e+03 8.498917581149676801e-12 4.253374242524619120e-15 8.506748485049237331e-12
1.302917274592689864e+03 6.685795171850893964e-10 3.343268343375911712e-13 6.686536686751822301e-10
1.302925966721126315e+03 3.303660408582473934e-08 1.651930496656052354e-11 3.303860993312104160e-08
1.302934658907550329e+03 1.032438764721277422e-06 5.163237359064620724e-10 1.032647471812923999e-06
1.302943351151962588e+03 2.055751296995501275e-05 1.028198907214270650e-08 2.056397814428540975e-05
1.302952043454362865e+03 2.630762819577429608e-04 1.314800605459457847e-07 2.629601210918915220e-04
1.302960735814752070e+03 2.177346028457244516e-03 1.088346224034846713e-06 2.176692448069693364e-03
1.302969428233130657e+03 1.174416391173812788e-02 5.876480482793838124e-06 1.175296096558767558e-02
1.302978120709498626e+03 4.167962528549071927e-02 2.083362413111069394e-05 4.166724826222138051e-02
1.302986813243856659e+03 9.751599622375439758e-02 4.874023107125984114e-05 9.748046214251966657e-02
1.302995505836205211e+03 1.509015258840194218e-01 7.549325329694208634e-05 1.509865065938841566e-01
1.303004198486544283e+03 1.550191168156487553e-01 7.754031457909376474e-05 1.550806291581875163e-01
1.303012891194874328e+03 1.055973986708902135e-01 5.281841861664115611e-05 1.056368372332822936e-01
1.303021583961196029e+03 4.764463494028478574e-02 2.382673098801570848e-05 4.765346197603140960e-02
1.303030276785509614e+03 1.420191619183004857e-02 7.096338664828610616e-06 1.419267732965721895e-02
1.303038969667815536e+03 2.774569172588270231e-03 1.388699166414766074e-06 2.777398332829531663e-03
1.303047662608114024e+03 3.548292989718741406e-04 1.774205174345478131e-07 3.548410348690955664e-04
1.303056355606405987e+03 2.936317309726457970e-05 1.468724644983091707e-08 2.937449289966183121e-05
1.303065048662690970e+03 1.561967027185742432e-06 7.814833441286254903e-10 1.562966688257250870e-06
1.303073741776969882e+03 5.304770060969787225e-08 2.651582068708853822e-11 5.303164137417707184e-08
1.303082434949242952e+03 1.139287180312174812e-09 5.695441743937097320e-13 1.139088348787419328e-09
1.303091128179510633e+03 1.538549397093470333e-11 7.694804047185575803e-15 1.538960809437115024e-11
1.303099821467773381e+03 1.301429999621242044e-13 6.503402034621513567e-17 1.300680406924302650e-13
1.303108514814031423e+03 6.863232098442711577e-16 3.431590970542347762e-19 6.863181941084694468e-16
1.303117208218285214e+03 2.670399153428919521e-18 1.334437862817783032e-21 2.668875725635565640e-18
1.303125901680535208e+03 1.465072504605024982e-18 7.319997633914387402e-22 1.463999526782877291e-18
1.303134595200781860e+03 4.930070977323322050e-20 2.465771234225173538e-23 4.931542468450346803e-20
1.303143288779025170e+03 -1.610575488170553813e-18 8.050527523665659337e-22 -1.610105504733131746e-18
1.303151982415266275e+03 8.207333690980643115e-19 4.103103734956626083e-22 8.206207469913251158e-19
1.303160676109504266e+03 4.370880752926017932e-19 2.185598843897913296e-22 4.371197687795826081e-19
1.303169369861741188e+03 -9.125508280076648508e-19 4.561975743409612793e-22 -9.123951486819224669e-19
1.303178063671975906e+03 7.436680703020409373e-19 3.716981196732726397e-22 7.433962393465452072e-19
1.303186757540210010e+03 9.775379409319186313e-19 4.887749148764295970e-22 9.775498297528591234e-19
1.303195451466443274e+03 2.352647987053344795e-18 1.176344218875428892e-21 2.352688437750857353e-18
1.303204145450675924e+03 7.780194326156891918e-18 3.888465652286415761e-21 7.776931304572830006e-18
1.303212839492908643e+03 7.586353330570678368e-18 3.790853697291312136e-21 7.581707394582624115e-18
1.303221533593141885e+03 -3.759948749336593310e-19 1.880013682687797368e-22 -3.760027365375594244e-19
1.303230227751375878e+03 -1.976803237531011947e-18 9.889258673318388390e-22 -1.977851734663677476e-18
1.303238921967611077e+03 -3.397950478442908340e-19 1.698093837104041503e-22 -3.396187674208082615e-19
1.303247616241847709e+03 -2.980432328748195091e-18 1.490874620067782349e-21 -2.981749240135564322e-18
1.303256310574086456e+03 -2.827851454583596328e-18 1.412796651159529245e-21 -2.825593302319058321e-18
1.303265004964327318e+03 -1.877693773147850225e-18 9.388944923922160246e-22 -1.877788984784431709e-18
1.303273699412570977e+03 -2.736342911580088283e-18 1.368508955501933360e-21 -2.737017911003866413e-18
1.303282393918817888e+03 -1.090004213310845069e-18 5.452905547918007198e-22 -1.090581109583601372e-18
1.303291088483068506e+03 -1.508068970547612283e-19 7.543826026937419526e-23 -1.508765205387483824e-19
1.303299783105322831e+03 7.652015536383388093e-19 3.822450499285948160e-22 7.644900998571895546e-19
1.303308477785581090e+03 -2.150715174293976414e-18 1.075737837319800653e-21 -2.151475674639601156e-18
1.303317172523844420e+03 -2.044435979716720032e-18 1.022618396136316583e-21 -2.045236792272632971e-18
1.303325867320112820e+03 -4.979474710018557908e-19 2.490330702338816433e-22 -4.980661404677631911e-19
1.303334562174386292e+03 -1.150618551341755816e-18 5.752620714943873635e-22 -1.150524142988774565e-18
1.303343257086665972e+03 -1.095935419636498460e-18 5.480574255933351204e-22 -1.096114851186670054e-18
1.303351952056951632e+03 -2.138896812575773791e-19 1.069851996208256958e-22 -2.139703992416513898e-19
1.303360647085243727e+03 -4.569386768558133923e-20 2.287225107258257468e-23 -4.574450214516514315e-20
1.303369342171543167e+03 -5.232541988448406233e-19 2.615829933404843907e-22 -5.231659866809687475e-19
1.303378037315849951e+03 -1.230207643648628413e-18 6.155845569609871820e-22 -1.231169113921974209e-18
1.303386732518164308e+03 -8.602234563957569332e-19 4.300823867104087422e-22 -8.601647734208174031e-19
1.303395427778486692e+03 -2.304063198176145063e-18 1.152718325010571523e-21 -2.305436650021142682e-18
1.303404123096817784e+03 -1.851369558961816279e-18 9.256921938849557585e-22 -1.851384387769911379e-18
1.303412818473157813e+03 -6.327772297089463630e-18 3.166084599507921847e-21 -6.332169199015842742e-18
1.303421513907507233e+03 -1.073910316309931887e-17 5.369054384466060686e-21 -1.073810876893212078e-17
1.303430209399866499e+03 -1.181144914707794441e-17 5.906293586847155152e-21 -1.181258717369430922e-17
1.303438904950235610e+03 -6.125940835743072530e-18 3.065438711181457624e-21 -6.130877422362914784e-18
1.303447600558615022e+03 -1.716578192137926016e-18 8.579922568281625071e-22 -1.715984513656324746e-18
1.303456296225005644e+03 2.749587222204101521e-20 1.375402395941276989e-23 2.750804791882553794e-20
1.303464991949407249e+03 7.149375742755261650e-19 3.571990237014107982e-22 7.143980474028215100e-19
1.303473687731820291e+03 -8.921583686124900787e-19 4.458579161573907000e-22 -8.917158323147812856e-19
1.303482383572245681e+03 -2.864887285500910227e-18 1.433600981180355432e-21 -2.867201962360710458e-18
1.303491079470683417e+03 -1.703578970766490004e-18 8.521873495657068392e-22 -1.704374699131413438e-18
1.303499775427133955e+03 -1.289421321640658946e-18 6.442836221099608524e-22 -1.288567244219921610e-18
1.303508471441597521e+03 -1.251610583511570879e-18 6.257974046345567367e-22 -1.251594809269113349e-18
1.303517167514075027e+03 -6.523581034922909954e-19 3.264904332831942342e-22 -6.529808665663884104e-19
1.303525863644566243e+03 -3.019649901069676052e-18 1.509382956928627100e-21 -3.018765913857253996e-18
1.303534559833071853e+03 -2.334925665764507266e-18 1.166851098395367306e-21 -2.333702196790734338e-18
1.303543256079592084e+03 -7.453360154640648257e-19 3.729017298028818512e-22 -7.458034596057635895e-19
1.303551952384127389e+03 -1.797647390239033018e-19 8.984665744182315151e-23 -1.796933148836462724e-19
1.303560648746678453e+03 -1.888402735389528078e-18 9.443673747886586662e-22 -1.888734749577317113e-18
1.303569345167245046e+03 -4.470167779389563124e-19 2.234970359828142229e-22 -4.469940719656283991e-19
1.303578041645828307e+03 4.171741643014186808e-19 2.085768312604866439e-22 4.171536625209732367e-19
1.303586738182428007e+03 -1.009070192811897968e-19 5.042101735290592682e-23 -1.008420347058118395e-19
1.303595434777044602e+03 7.575833570940399205e-19 3.787586732429089829e-22 7.575173464858178365e-19
1.303604131429678773e+03 -3.852580249932072285e-19 1.925784506868733172e-22 -3.851569013737465698e-19
1.303612828140330748e+03 -1.035353679865841994e-18 5.181115745603507254e-22 -1.036223149120701379e-18
1.303621524909000982e+03 8.333906668402261730e-19 4.168124903411258919e-22 8.336249806822517251e-19
1.303630221735689702e+03 -1.673450514065427002e-18 8.366593502097622995e-22 -1.673318700419524420e-18
1.303638918620397362e+03 -1.910642457686373991e-18 9.553604660071155858e-22 -1.910720932014231081e-18
1.303647615563124873e+03 -2.067916128784044443e-18 1.033079093218686928e-21 -2.066158186437373669e-18
1.303656312563871552e+03 -6.628359142987511828e-19 3.315400159738867195e-22 -6.630800319477734066e-19
1.303665009622638763e+03 1.398831337064816634e-18 6.990040294272711598e-22 1.398008058854542223e-18
1.303673706739426279e+03 5.758112371008415755e-19 2.877936868028864131e-22 5.755873736057727480e-19
1.303682403914234783e+03 7.622824748007124195e-19 3.812195638700454099e-22 7.624391277400907784e-19
1.303691101147064728e+03 -5.981398339745894188e-19 2.990802941148585216e-22 -5.981605882297169672e-19
1.303699798437916115e+03 -1.919610390848695833e-18 9.597373803381867505e-22 -1.919474760676373459e-18
1.303708495786789626e+03 -1.658072159867100226e-18 8.295452171811956848e-22 -1.659090434362391111e-18
1.303717193193685716e+03 -1.560846354106654633e-18 7.810506971517997823e-22 -1.562101394303599352e-18
1.303725890658604612e+03 -2.549938907955192692e-18 1.273722216279456607e-21 -2.547444432558912897e-18
1.303734588181546769e+03 -2.298548694835878864e-18 1.149639178129710894e-21 -2.299278356259421408e-18
1.303743285762512642e+03 -2.351804282867387644e-18 1.176961928419158371e-21 -2.353923856838316482e-18
1.303751983401502230e+03 -1.975100086122603952e-18 9.871160416093662326e-22 -1.974232083218732279e-18
1.303760681098516670e+03 -2.173958135904657308e-18 1.086834001770147973e-21 -2.173668003540295711e-18
1.303769378853555509e+03 -1.681245658112832687e-18 8.398994191067185877e-22 -1.679798838213436981e-18
1.303778076666619654e+03 -1.316890178973255798e-18 6.585076141368433346e-22 -1.317015228273686440e-18
1.303786774537709562e+03 -1.563557806431749686e-18 7.820937546314707455e-22 -1.564187509262941357e-18
1.303795472466825004e+03 -1.132300614008080535e-18 5.665162597491029148e-22 -1.133032519498205644e-18
1.303804170453967117e+03 -1.096361747987854058e-18 5.479863481436352965e-22 -1.095972696287270431e-18
1.303812868499135902e+03 -1.296071238905275299e-18 6.479134375332070730e-22 -1.295826875066414006e-18
1.303821566602331586e+03 -1.134530677043159085e-18 5.673113315786194986e-22 -1.134622663157238814e-18
1.303830264763555078e+03 -9.621763346367915840e-19 4.812465494502019720e-22 -9.624930989004038371e-19
1.303838962982806152e+03 -5.754569777735304047e-21 2.878232530523755030e-24 -5.756465061047509161e-21
1.303847661260085715e+03 -3.533412014020104709e-18 1.767709687939616866e-21 -3.535419375879233298e-18
1.303856359595393769e+03 1.748598739626892175e-19 8.740640408410708102e-23 1.748128081682141430e-19
1.303865057988730996e+03 4.969379261012929102e-19 2.485115426873579506e-22 4.970230853747158426e-19
1.303873756440097850e+03 -3.139628216700717786e-19 1.570011500114675767e-22 -3.140023000229351283e-19
1.303882454949494104e+03 -2.335640697223039982e-19 1.167855007693193845e-22 -2.335710015386387265e-19
1.303891153516920667e+03 -1.338743304176044877e-18 6.695983837238253285e-22 -1.339196767447650538e-18
1.303899852142378222e+03 -1.702537025188464515e-18 8.513934652484739874e-22 -1.702786930496947812e-18
1.303908550825866314e+03 -1.787203757661653338e-18 8.932513389347057392e-22 -1.786502677869411412e-18
1.303917249567385852e+03 -6.341739860482455549e-19 3.172732113290791456e-22 -6.345464226581582408e-19
1.303925948366937291e+03 -5.563854867162537666e-19 2.780549744211812583e-22 -5.561099488423624978e-19
1.303934647224520859e+03 -2.128868508090187099e-19 1.064602280023125301e-22 -2.129204560046250263e-19
1.303943346140137010e+03 3.218897522278728535e-19 1.609868326760073182e-22 3.219736653520145936e-19
1.303952045113785971e+03 -1.691647016511012473e-19 8.460480776365186769e-23 -1.692096155273037256e-19
1.303960744145468198e+03 6.160372330369908268e-19 3.080480018995899730e-22 6.160960037991798957e-19
1.303969443235183917e+03 1.146765643261712955e-18 5.734403761051814867e-22 1.146880752210362832e-18
1.303978142382934266e+03 2.322896468816536759e-18 1.160901895216051649e-21 2.321803790432103061e-18
1.303986841588718562e+03 2.292233813911088984e-18 1.145870878072912171e-21 2.291741756145824202e-18
1.303995540852537943e+03 1.831717790006248660e-18 9.161741877521166620e-22 1.832348375504233056e-18
1.304004240174392635e+03 4.106423471743481115e-19 2.053596174921508022e-22 4.107192349843015766e-19
1.304012939554282639e+03 -4.236530946558758698e-19 2.118801494916406591e-22 -4.237602989832812414e-19
1.304021638992208864e+03 -8.346916428405978619e-20 4.174431974422973865e-23 -8.348863948845947204e-20
1.304030338488171537e+03 2.196965946243850993e-19 1.098641404241852466e-22 2.197282808483704563e-19
1.304039038042171114e+03 -2.279687452830940905e-19 1.140845569691821157e-22 -2.281691139383641832e-19
1.304047737654207822e+03 -7.532885165182974095e-20 3.769170854663932202e-23 -7.538341709327864056e-20
1.304056437324282115e+03 -5.136065323857489537e-19 2.567175892547429678e-22 -5.134351785094858845e-19
1.304065137052394221e+03 -2.563493668154198159e-19 1.282460868040015152e-22 -2.564921736080029805e-19
1.304073836838544594e+03 4.403048235031642552e-19 2.202033901133992828e-22 4.404067802267984821e-19
1.304082536682733689e+03 5.344861903760551066e-20 2.669107739459097976e-23 5.338215478918195022e-20
1.304091236584962189e+03 -2.202915417703297651e-19 1.101568561286073172e-22 -2.203137122572145874e-19
1.304099936545229866e+03 -8.968264129384565431e-19 4.483217549473973149e-22 -8.966435098947944779e-19
1.304108636563537630e+03 -8.465876151472592774e-19 4.231762907127005137e-22 -8.463525814254009003e-19
1.304117336639885480e+03 -2.109695841155790553e-18 1.056043439548455148e-21 -2.112086879096909983e-18
1.304126036774274098e+03 -2.310197537085412640e-18 1.155223069060426745e-21 -2.310446138120853099e-18
1.304134736966703940e+03 -1.009570081171904757e-18 5.045320991194775220e-22 -1.009064198238954886e-18
1.304143437217174778e+03 -8.674563923601723996e-19 4.334415824347118095e-22 -8.668831648694235604e-19
1.304152137525687749e+03 -1.624341853753858327e-18 8.118248742671400366e-22 -1.623649748534279828e-18
1.304160837892242853e+03 -9.702504470695081075e-19 4.851960032954231494e-22 -9.703920065908461092e-19
1.304169538316840772e+03 -1.811948059550817407e-18 9.064625332305594568e-22 -1.812925066461118658e-18
1.304178238799481505e+03 -1.371771102703533041e-18 6.859367789865861833e-22 -1.371873557973172249e-18
1.304186939340165509e+03 4.355097767642370302e-19 2.176992892362369406e-22 4.353985784724738307e-19
1.304195639938893464e+03 7.685201607957060272e-20 3.843258154115623320e-23 7.686516308231245869e-20
1.304204340595665599e+03 -1.519785309020695601e-19 7.599436358621473664e-23 -1.519887271724294639e-19
1.304213041310482140e+03 -7.550373877313869377e-19 3.778097476334518949e-22 -7.556194952669036739e-19
1.304221742083343543e+03 -2.073033041088973626e-18 1.037030902759650337e-21 -2.074061805519300384e-18
1.304230442914250261e+03 -3.831021922727054453e-19 1.917193827439503998e-22 -3.834387654879007410e-19
1.304239143803202751e+03 3.355393213188884280e-19 1.677270644125384946e-22 3.354541288250769663e-19
1.304247844750201466e+03 -4.313572358329554763e-19 2.155398828274440042e-22 -4.310797656548879242e-19
1.304256545755246407e+03 -1.270977705370206899e-18 6.352661173219687500e-22 -1.270532234643937274e-18
1.304265246818338255e+03 -1.866294347524545990e-18 9.323012462966388648e-22 -1.864602492593277507e-18
1.304273947939477466e+03 -5.441622805876974336e-18 2.719930616985696863e-21 -5.439861233971393227e-18
1.304282649118664267e+03 -8.115008471229181840e-19 4.058606109400529811e-22 -8.117212218801058705e-19
1.304291350355899112e+03 -9.619996577313297761e-19 4.811849290218004974e-22 -9.623698580436009060e-19
1.304300051651182002e+03 -4.614842247749653775e-19 2.305389518847047980e-22 -4.610779037694094990e-19
1.304308753004514301e+03 -1.941995953353166679e-19 9.703356341534990739e-23 -1.940671268306997941e-19
1.304317454415895327e+03 -1.228640882447951883e-18 6.151982172803418531e-22 -1.230396434560683586e-18
1.304326155885325988e+03 -9.340106254139399424e-19 4.669702872949992746e-22 -9.339405745899984860e-19
1.304334857412806741e+03 -2.331674691117336815e-19 1.165097198519129305e-22 -2.330194397038258219e-19
1.304343558998338040e+03 -2.844161234651794632e-19 1.421866172584328016e-22 -2.843732345168655874e-19
1.304352260641919429e+03 -8.303606642967137435e-20 4.149310189938573100e-23 -8.298620379877145411e-20
1.304360962343552501e+03 -1.517176567005396373e-18 7.586642676696317054e-22 -1.517328535339263296e-18
1.304369664103236801e+03 -1.989700540913341819e-18 9.949184804010471450e-22 -1.989836960802094073e-18
1.304378365920973238e+03 -1.694970860735163836e-18 8.480828790962195215e-22 -1.696165758192438983e-18
1.304387067796761585e+03 -3.078423027985289417e-18 1.540460532994605321e-21 -3.080921065989210105e-18
1.304395769730602979e+03 -2.214191455141644221e-18 1.107712220962185908e-21 -2.215424441924371536e-18
1.304404471722496965e+03 -1.425294798720264534e-18 7.121196968785084695e-22 -1.424239393757016853e-18
1.304413173772444907e+03 -1.343302571874191110e-18 6.722214919623422510e-22 -1.344442983924684290e-18
1.304421875880446350e+03 -5.170256629933311858e-19 2.586194928480777803e-22 -5.172389856961555298e-19
1.304430578046502205e+03 -1.450195045070184585e-20 7.248750152607372174e-24 -1.449750030521474376e-20
1.304439280270612471e+03 -6.028339443844613191e-19 3.014166631110935011e-22 -6.028333262221869060e-19
1.304447982552778058e+03 8.224430333192349117e-19 4.113465083577770429e-22 8.226930167155540060e-19
1.304456684892998510e+03 1.311850266127002370e-18 6.561735135766936234e-22 1.312347027153387105e-18
1.304465387291274965e+03 2.624102580759789339e-18 1.311633275975536817e-21 2.623266551951073474e-18
1.304474089747607650e+03 3.244425544415362774e-18 1.621393470203024523e-21 3.242786940406048708e-18
1.304482792261997020e+03 2.371453720969362001e-18 1.185616123427341436e-21 2.371232246854682722e-18
1.304491494834443074e+03 -9.203756462544965781e-20 4.599479800102910241e-23 -9.198959600205819165e-20
1.304500197464946496e+03 -5.177812990218989239e-19 2.588942990634944216e-22 -5.177885981269887462e-19
1.304508900153507511e+03 5.153786005907628298e-19 2.576799079158054918e-22 5.153598158316108805e-19
1.304517602900126803e+03 1.268912465920548596e-18 6.349097594939915683e-22 1.269819518987982994e-18
1.304526305704804599e+03 6.435729160878511973e-19 3.220328186519228058e-22 6.440656373038455619e-19
1.304535008567541126e+03 -6.571809312649798770e-19 3.283785748885940325e-22 -6.567571497771879959e-19
1.304543711488337067e+03 -1.131494728787271191e-18 5.659409065848535069e-22 -1.131881813169706934e-18
1.304552414467192420e+03 -2.570061344408634385e-18 1.284255753877138304e-21 -2.568511507754276225e-18
1.304561117504107870e+03 -2.045670957071691114e-18 1.021804402051521083e-21 -2.043608804103041820e-18
1.304569820599083641e+03 -2.054526696569069387e-18 1.027730995667123591e-21 -2.055461991334247041e-18
1.304578523752120418e+03 -2.530884396239495038e-18 1.266012319162607492e-21 -2.532024638325214815e-18
1.304587226963218427e+03 -2.727119380295509523e-18 1.362520225946690957e-21 -2.725040451893381532e-18
1.304595930232377668e+03 -1.946720632800866722e-18 9.736756172213345935e-22 -1.947351234442668832e-18
1.304604633559599051e+03 -1.382918929449282799e-18 6.908344344530226448e-22 -1.381668868906045186e-18
1.304613336944882803e+03 -1.647000978967026999e-18 8.237428598728332938e-22 -1.647485719745666383e-18
1.304622040388229379e+03 -1.899598525121152121e-18 9.502537898763928509e-22 -1.900507579752785398e-18
1.304630743889639007e+03 -1.383549528770362052e-18 6.919377322745559846e-22 -1.383875464549111719e-18
1.304639447449112140e+03 -7.214075653318825136e-19 3.606312428140173016e-22 -7.212624856280345393e-19
1.304648151066649234e+03 6.471816445741253640e-19 3.239443653217383529e-22 6.478887306434766651e-19
1.304656854742250516e+03 -1.708531828483232396e-19 8.540691893253897062e-23 -1.708138378650779254e-19
1.304665558475916441e+03 -9.379237838989754940e-19 4.688122169131172824e-22 -9.376244338262345453e-19
1.304674262267647464e+03 -4.394401573480678024e-18 2.196911515293029004e-21 -4.393823030586057845e-18
1.304682966117444039e+03 -7.376927024498890778e-18 3.690674276412982243e-21 -7.381348552825963800e-18
1.304691670025306394e+03 -1.331251838787173624e-17 6.656811290824368437e-21 -1.331362258164873569e-17
1.304700373991234983e+03 -8.996563574860016072e-18 4.501006253549464814e-21 -9.002012507098928087e-18
1.304709078015230261e+03 -4.901661611187509638e-18 2.451836975743665585e-21 -4.903673951487330713e-18
1.304717782097292229e+03 -2.615610464025633578e-18 1.307806924183795562e-21 -2.615613848367590667e-18
1.304726486237421796e+03 -1.649068191409882746e-18 8.242362751347331799e-22 -1.648472550269466187e-18
1.304735190435618961e+03 -1.679675080499371047e-18 8.397887931147927872e-22 -1.679577586229585432e-18
1.304743894691884634e+03 -1.241899687928025962e-18 6.208075815821557198e-22 -1.241615163164311301e-18
1.304752599006218588e+03 -9.305673846319005770e-19 4.657123931092653337e-22 -9.314247862185306298e-19
1.304761303378621733e+03 -2.636451001261775924e-19 1.318780548902394395e-22 -2.637561097804788582e-19
1.304770007809093840e+03 -3.426774651410579795e-19 1.713696290600280507e-22 -3.427392581200560616e-19
1.304778712297636048e+03 -7.159990626715984888e-19 3.577879133045657643e-22 -7.155758266091314029e-19
1.304787416844248128e+03 -1.479669374405551744e-18 7.403610971160875401e-22 -1.480722194232174978e-18
1.304796121448930535e+03 -2.367178103191426531e-18 1.182130512656973680e-21 -2.364261025313947079e-18
1.304804826111684179e+03 -2.375988949469576238e-18 1.187140807793147320e-21 -2.374281615586294468e-18
1.304813530832508832e+03 -3.032557643960531886e-18 1.515108374584164839e-21 -3.030216749168329305e-18
1.304822235611404949e+03 -1.504906873116248013e-18 7.526203163883620412e-22 -1.505240632776723977e-18
1.304830940448373440e+03 -1.420348834916970323e-19 7.100238988898497360e-23 -1.420047797779699233e-19
1.304839645343414304e+03 6.912102883425517811e-19 3.454987921920944243e-22 6.909975843841888057e-19
1.304848350296527769e+03 1.856020188506121258e-18 9.272472738229720678e-22 1.854494547645943760e-18
1.304857055307714745e+03 5.696795779073373856e-19 2.849344438281307563e-22 5.698688876562614622e-19
1.304865760376975231e+03 4.238158800624995116e-19 2.117828771929175857e-22 4.235657543858351525e-19
1.304874465504309455e+03 2.008073581751661235e-19 1.003513217516120243e-22 2.007026435032240179e-19
1.304883170689718327e+03 -5.638798765737429766e-19 2.820460257717167701e-22 -5.640920515434334371e-19
1.304891875933201845e+03 1.723382123283514817e-18 8.611501701509800525e-22 1.722300340301959906e-18
1.304900581234760466e+03 3.193209230821454215e-18 1.597138613503449460e-21 3.194277227006898589e-18
1.304909286594394416e+03 2.767895116601710914e-18 1.384205281680085141e-21 2.768410563360169794e-18
1.304917992012104605e+03 -2.698757762061773816e-18 1.350559594205375645e-21 -2.701119188410751077e-18
1.304926697487890806e+03 -3.581319929497216577e-18 1.790992045750586163e-21 -3.581984091501172012e-18
1.304935403021753928e+03 -2.554810164552003921e-18 1.277031218394248593e-21 -2.554062436788497050e-18
1.304944108613693970e+03 -1.389017042090861190e-18 6.945813451856659866e-22 -1.389162690371331887e-18
1.304952814263711616e+03 -1.061230378086939819e-18 5.305982046844943610e-22 -1.061196409368988517e-18
1.304961519971806865e+03 -5.537210631653625835e-19 2.766784412102034740e-22 -5.533568824204068555e-19
1.304970225737980400e+03 -6.797329487071406461e-19 3.393583751048178720e-22 -6.787167502096356506e-19
1.304978931562232674e+03 -1.385163984045761301e-19 6.929773746514295759e-23 -1.385954749302858881e-19
1.304987637444563916e+03 -1.025071636688675942e-19 5.127719588214944413e-23 -1.025543917642988779e-19
1.304996343384974580e+03 -2.106272778917314530e-19 1.053428268005731774e-22 -2.106856536011463333e-19
1.305005049383465121e+03 -1.274443455055946732e-18 6.373580879965904721e-22 -1.274716175993180776e-18
1.305013755440035766e+03 -5.061759130668750829e-19 2.530358155393843736e-22 -5.060716310787687074e-19
1.305022461554686743e+03 -7.380806510248082922e-19 3.689951540396150467e-22 -7.379903080792299903e-19
1.305031167727418733e+03 -1.388707965437870311e-18 6.944425376140307325e-22 -1.388885075228061217e-18
1.305039873958232420e+03 -1.492208811086102678e-18 7.460298764210044781e-22 -1.492059752842008869e-18
1.305048580247127575e+03 -1.176268724483012791e-18 5.883400938529517629e-22 -1.176680187705903299e-18
1.305057286594104880e+03 -2.204495593099079862e-18 1.101812861221894327e-21 -2.203625722443788302e-18
1.305065992999164564e+03 -1.380953924282952793e-18 6.901007661285161653e-22 -1.380201532257032228e-18
1.305074699462307080e+03 -1.028904263930866830e-18 5.145858807959829150e-22 -1.029171761591965686e-18
1.305083405983533112e+03 -1.170290009205649229e-18 5.852806642821830513e-22 -1.170561328564366044e-18
1.305092112562842658e+03 -7.149805437062021602e-19 3.574636150652504855e-22 -7.149272301305008830e-19
1.305100819200236174e+03 -2.071705350010405884e-18 1.035907582131754753e-21 -2.071815164263509451e-18
1.305109525895714341e+03 -3.506055438801716657e-18 1.753572728243647495e-21 -3.507145456487294262e-18
1.305118232649277161e+03 -4.602968718824617164e-18 2.301238085413422021e-21 -4.602476170826843850e-18
1.305126939460925314e+03 -4.153314957755863428e-18 2.076487745212136695e-21 -4.152975490424273035e-18
1.305135646330659029e+03 -1.462323594468565907e-18 7.304791718714217294e-22 -1.460958343742843278e-18
1.305144353258478532e+03 -1.009495317380296636e-18 5.047106245697822288e-22 -1.009421249139564437e-18
1.305153060244384505e+03 6.717737056102559106e-20 3.357283960048551762e-23 6.714567920097102875e-20
1.305161767288377405e+03 -5.154557737615564720e-19 2.578067095973445447e-22 -5.156134191946890217e-19
1.305170474390457230e+03 -4.509530541403873922e-19 2.252504246988934948e-22 -4.505008493977869166e-19
1.305179181550624889e+03 -1.236484549248153928e-18 6.179022397738961435e-22 -1.235804479547792185e-18
1.305187888768879930e+03 -1.544917435746309263e-18 7.735901997655841563e-22 -1.547180399531168173e-18
1.305196596045223714e+03 -2.033847774822472220e-18 1.016226166909680684e-21 -2.032452333819361208e-18
1.305205303379656243e+03 -2.682950631652424268e-18 1.341645444584857276e-21 -2.683290889169714321e-18
1.305214010772177517e+03 -1.532453134414159439e-18 7.664534973078714454e-22 -1.532906994615742748e-18
1.305222718222788444e+03 -1.654610642643276139e-18 8.276662186541646661e-22 -1.655332437308329161e-18
1.305231425731489253e+03 -7.701539912951145959e-19 3.854003901958704638e-22 -7.708007803917408350e-19
1.305240133298280170e+03 6.114044938167693617e-19 3.057377035388510878e-22 6.114754070777020966e-19
1.305248840923162106e+03 2.631877895192691653e-20 1.315410388245574054e-23 2.630820776491147716e-20
1.305257548606134606e+03 7.643109287422435157e-19 3.819988930504553927e-22 7.639977861009107341e-19
1.305266256347198578e+03 1.118241977805705672e-18 5.597593983291212681e-22 1.119518796658242497e-18
1.305274964146354705e+03 1.097113608608925443e-18 5.485834264061737663e-22 1.097166852812347397e-18
1.305283672003602760e+03 1.281351573503019610e-18 6.415674429757784183e-22 1.283134885951556665e-18
1.305292379918943425e+03 1.153027473103291131e-18 5.762474104447990210e-22 1.152494820889597897e-18
1.305301087892376927e+03 5.426959532564937200e-19 2.712564137019902558e-22 5.425128274039804816e-19
1.305309795923903948e+03 -4.790276925877752376e-19 2.395679392620238162e-22 -4.791358785240475737e-19
1.305318504013524716e+03 -4.453956674831968393e-20 2.226897959995361953e-23 -4.453795919990723403e-20
1.305327212161239459e+03 -9.778765058368360778e-19 4.888308661445970704e-22 -9.776617322891940656e-19
1.305335920367048629e+03 -1.619232840087890741e-18 8.099674019846471896e-22 -1.619934803969294182e-18
1.305344628630952911e+03 4.556836740566164642e-19 2.281044277605913284e-22 4.562088555211826064e-19
1.305353336952952532e+03 4.731556140948115076e-19 2.365722285614868898e-22 4.731444571229737404e-19
1.305362045333047718e+03 4.218619578175770434e-19 2.108778682399580472e-22 4.217557364799160583e-19
1.305370753771238924e+03 -1.275253580214446042e-19 6.375968004534357278e-23 -1.275193600906871286e-19
1.305379462267526378e+03 -8.031404054715468700e-19 4.014032247765971010e-22 -8.028064495531941387e-19
1.305388170821910990e+03 -1.942422865825544943e-18 9.710138935496987724e-22 -1.942027787099397367e-18
1.305396879434392758e+03 -1.313872670523797812e-18 6.570120524722988258e-22 -1.314024104944597450e-18
1.305405588104971912e+03 -8.091180632563087758e-19 4.050307008125834435e-22 -8.100614016251668216e-19
1.305414296833649360e+03 -9.610414420326274197e-19 4.802924942717607656e-22 -9.605849885435214861e-19
1.305423005620424874e+03 -1.656851078631227602e-19 8.284931446088286468e-23 -1.656986289217657141e-19
1.305431714465299592e+03 -3.027455631972645310e-19 1.513966439866492033e-22 -3.027932879732983641e-19
1.305440423368273287e+03 9.917007174113522261e-19 4.959114896139406846e-22 9.918229792278811706e-19
1.305449132329346185e+03 -1.028657924986895982e-19 5.146495103041339226e-23 -1.029299020608267689e-19
1.305457841348519423e+03 -3.659565208180428716e-19 1.828976066910938051e-22 -3.657952133821875778e-19
1.305466550425793002e+03 -7.717805166349060577e-19 3.859025318618391741e-22 -7.718050637236782443e-19
1.305475259561166922e+03 -1.293498489618336412e-19 6.469029427357637390e-23 -1.293805885471527361e-19
1.305483968754642319e+03 2.575955819903167439e-19 1.287435545744139932e-22 2.574871091488279714e-19
1.305492678006218966e+03 -1.518028666932730682e-20 7.593320464447538016e-24 -1.518664092889507377e-20
1.305501387315897546e+03 5.300096071262541281e-19 2.649511991841561656e-22 5.299023983683122566e-19
1.305510096683678512e+03 -3.941264264014711788e-19 1.970201229619316997e-22 -3.940402459238633327e-19
1.305518806109561865e+03 -1.087570742095510040e-18 5.437793157314686136e-22 -1.087558631462937167e-18
1.305527515593548515e+03 -1.141458461262534284e-18 5.705879490738271254e-22 -1.141175898147654138e-18
1.305536225135638688e+03 -2.045323654460699250e-18 1.022928127996931953e-21 -2.045856255993863583e-18
1.305544934735832385e+03 -4.643719775872627190e-18 2.323108573980291249e-21 -4.646217147960581937e-18
1.305553644394130288e+03 -6.422631267054718032e-18 3.210168237522289392e-21 -6.420336475044578175e-18
1.305562354110532851e+03 -3.845124271995984807e-18 1.922543285392612995e-21 -3.845086570785225598e-18
1.305571063885040303e+03 -1.232152133372638870e-19 6.160955820147873350e-23 -1.232191164029574563e-19
1.305579773717653325e+03 6.056777931403886196e-19 3.029519662431621206e-22 6.059039324863242125e-19
1.305588483608371916e+03 4.940303463542535421e-19 2.471400974911027225e-22 4.942801949822053675e-19
1.305597193557196761e+03 8.598110381779342019e-19 4.301665006664126575e-22 8.603330013328252083e-19
1.305605903564127857e+03 6.024396882586681469e-19 3.011815731022040468e-22 6.023631462044080506e-19
1.305614613629166115e+03 6.219921753138986068e-19 3.108879946421716132e-22 6.217759892843431338e-19
1.305623323752311535e+03 8.543657032444043509e-19 4.271315136794387520e-22 8.542630273588773747e-19
1.305632033933565026e+03 1.194070980749039994e-18 5.971663088739913166e-22 1.194332617747982567e-18
1.305640744172926134e+03 1.114812024446045979e-18 5.576087831621022173e-22 1.115217566324204346e-18
1.305649454470395995e+03 3.191743336107605884e-19 1.595580005774342010e-22 3.191160011548683771e-19
1.305658164825974609e+03 2.414296819612242567e-19 1.207415111074186262e-22 2.414830222148372122e-19
1.305666875239662431e+03 -6.480294792259535578e-19 3.240217706776975695e-22 -6.480435413553950751e-19
1.305675585711459917e+03 -1.108920647526500612e-18 5.548415824582059641e-22 -1.109683164916411793e-18
1.305684296241367292e+03 -1.006572197450426934e-18 5.030855914502642444e-22 -1.006171182900528384e-18
1.305693006829385240e+03 -1.742696656948972096e-18 8.712229457293188300e-22 -1.742445891458637359e-18
1.305701717475513988e+03 -1.893257987300266051e-18 9.464245395841419262e-22 -1.892849079168283567e-18
1.305710428179753535e+03 -1.932972274984701775e-18 9.667505712598069991e-22 -1.933501142519613652e-18
1.305719138942105019e+03 -6.490106843317638282e-19 3.244387744721120387e-22 -6.488775489442239744e-19
1.305727849762568439e+03 6.586348393807828371e-19 3.293124676863817798e-22 6.586249353727634437e-19
1.305736560641144024e+03 2.209310458523784529e-18 1.105320984114909696e-21 2.210641968229819112e-18
1.305745271577832455e+03 2.962268210066942809e-18 1.480048441645631106e-21 2.960096883291262004e-18
1.305753982572633959e+03 3.038468183077943589e-18 1.519371365128992260e-21 3.038742730257984112e-18
1.305762693625549218e+03 2.885101900546946307e-18 1.442381523364223605e-21 2.884763046728446708e-18
1.305771404736578006e+03 1.371266746498198035e-19 6.854249226675257833e-23 1.370849845335051311e-19
1.305780115905721232e+03 5.791185051351090187e-19 2.896299249384957373e-22 5.792598498769914376e-19
1.305788827132979122e+03 -1.630562835241144728e-19 8.150822711768567684e-23 -1.630164542353713439e-19
1.305797538418352133e+03 -7.992226190167926762e-19 3.996930770028495447e-22 -7.993861540056990322e-19
1.305806249761840263e+03 -1.088895268842831391e-18 5.443463593924623534e-22 -1.088692718784924499e-18
1.305814961163444423e+03 -1.485194087542291128e-18 7.430570898949881210e-22 -1.486114179789976114e-18
1.305823672623165066e+03 -2.506385707273722614e-18 1.253648482855794357e-21 -2.507296965711588424e-18
1.305832384141001967e+03 -2.515292433178826177e-18 1.259080910350162621e-21 -2.518161820700325121e-18
1.305841095716956033e+03 -2.354124309423219669e-18 1.178456318344012481e-21 -2.356912636688024667e-18
1.305849807351027493e+03 -2.159458872850419704e-18 1.079760333509275040e-21 -2.159520667018549863e-18
1.305858519043216347e+03 -1.098467202446554220e-18 5.489399533384333493e-22 -1.097879906676866566e-18
1.305867230793523731e+03 1.144363013658651409e-19 5.727853055606090996e-23 1.145570611121218165e-19
1.305875942601949646e+03 4.372876333066964239e-19 2.187619209418158702e-22 4.375238418836316969e-19
1.305884654468494318e+03 3.356341994668880904e-19 1.677669652995969493e-22 3.355339305991938787e-19
1.305893366393158431e+03 4.474683885889056370e-20 2.236037812153647636e-23 4.472075624307294594e-20
1.305902078375942210e+03 -5.045928516860925408e-19 2.522313593119537893e-22 -5.044627186239074816e-19
1.305910790416846112e+03 -8.221512390355264242e-19 4.106331660768590606e-22 -8.212663321537180444e-19
1.305919502515870590e+03 -7.947489404247229789e-19 3.973040257215175030e-22 -7.946080514430349352e-19
1.305928214673015873e+03 -5.878241517059517098e-19 2.939455056025954331e-22 -5.878910112051908309e-19
1.305936926888282187e+03 -9.182456136502297566e-19 4.592500429967554036e-22 -9.185000859935107696e-19
1.305945639161670442e+03 -5.274166183585999275e-19 2.636343741351102883e-22 -5.272687482702205517e-19
1.305954351493180411e+03 -9.992748233111282206e-19 4.991627771359299148e-22 -9.983255542718597603e-19
1.305963063882813003e+03 -1.447840520597658765e-18 7.242059031200182038e-22 -1.448411806240036314e-18
1.305971776330568446e+03 -1.937680034601346205e-18 9.690613034921115253e-22 -1.938122606984222720e-18
1.305980488836446966e+03 -7.024901136186158096e-19 3.514260842550393515e-22 -7.028521685100786164e-19
1.305989201400449247e+03 8.049742451405304518e-19 4.019152612033169444e-22 8.038305224066337903e-19
1.305997914022575515e+03 -8.494339529833027804e-19 4.247586882617144912e-22 -8.495173765234288606e-19
