1.300000000000000000e+03 5.761128106488870859e-01 2.882009437996503154e-04 5.764018875993006663e-01
1.300008672666475150e+03 7.979877290049828265e-01 3.990955939459304969e-04 7.981911878918609426e-01
1.300017345390808259e+03 9.296592657773216084e-01 4.651749222492597099e-04 9.303498444985194293e-01
1.300026018172999557e+03 9.826757158641581391e-01 4.915611619442486523e-04 9.831223238884974069e-01
1.300034691013049269e+03 9.969392181359120197e-01 4.985966711184069630e-04 9.971933422368138844e-01
1.300043363910958078e+03 9.994277608123275369e-01 4.998426687151186687e-04 9.996853374302372419e-01
1.300052036866725985e+03 1.000130429055302139e+00 4.999882322499475023e-04 9.999764644998949681e-01
1.300060709880353897e+03 9.995189268800450666e-01 4.999993597121722613e-04 9.999987194243444844e-01
1.300069382951841817e+03 1.000521449892416426e+00 4.999999110785499461e-04 9.999998221570998158e-01
1.300078056081190198e+03 1.000786635952327419e+00 4.999999281191639831e-04 9.999998562383278777e-01
1.300086729268399495e+03 1.000002255018790587e+00 4.999999279017169375e-04 9.999998558034338680e-01
1.300095402513470162e+03 1.000588801186022003e+00 4.999999273232312190e-04 9.999998546464624605e-01
1.300104075816402428e+03 9.996178220063912656e-01 4.999999267329233599e-04 9.999998534658466331e-01
1.300112749177196747e+03 9.998040089942407116e-01 4.999999261352223263e-04 9.999998522704446335e-01
1.300121422595853574e+03 9.995848227667045727e-01 4.999999255300417072e-04 9.999998510600833779e-01
1.300130096072373135e+03 1.000008988656147180e+00 4.999999249172551929e-04 9.999998498345104014e-01
1.300138769606756114e+03 9.995766208528087393e-01 4.999999242967335467e-04 9.999998485934670223e-01
1.300147443199002510e+03 9.996871380914654770e-01 4.999999236683448211e-04 9.999998473366895624e-01
1.300156116849112777e+03 1.000284972402740280e+00 4.999999230319539245e-04 9.999998460639079045e-01
1.300164790557087599e+03 1.000617160707488518e+00 4.999999223874234885e-04 9.999998447748469355e-01
1.300173464322926975e+03 1.000411122082947246e+00 4.999999217346123501e-04 9.999998434692247695e-01
1.300182138146631587e+03 9.991351217047976796e-01 4.999999210733773944e-04 9.999998421467548582e-01
1.300190812028201663e+03 1.000095252534751733e+00 4.999999204035710616e-04 9.999998408071422151e-01
1.300199485967637884e+03 9.996341584026458005e-01 4.999999197250436234e-04 9.999998394500873022e-01
1.300208159964940023e+03 9.997270824401814915e-01 4.999999190376412314e-04 9.999998380752824767e-01
1.300216834020108990e+03 9.998172436655250461e-01 4.999999183412072185e-04 9.999998366824145446e-01
1.300225508133145240e+03 9.994169583004357538e-01 4.999999176355811228e-04 9.999998352711623184e-01
1.300234182304048772e+03 9.994134749834450160e-01 4.999999169205989044e-04 9.999998338411977272e-01
1.300242856532820042e+03 9.998967163762427779e-01 4.999999161960930541e-04 9.999998323921861498e-01
1.300251530819459958e+03 1.000612348908262561e+00 4.999999154618919427e-04 9.999998309237838612e-01
1.300260205163968067e+03 1.000176262340361388e+00 4.999999147178201464e-04 9.999998294356402528e-01
1.300268879566345277e+03 1.000273399908621297e+00 4.999999139636985548e-04 9.999998279273970558e-01
1.300277554026591588e+03 1.000059520603755026e+00 4.999999131993433958e-04 9.999998263986868974e-01
1.300286228544708365e+03 1.000621977506077398e+00 4.999999124245672107e-04 9.999998248491344111e-01
1.300294903120694698e+03 9.990819766319060102e-01 4.999999116391780959e-04 9.999998232783561258e-01
1.300303577754551725e+03 1.001338260648522605e+00 4.999999108429791601e-04 9.999998216859582456e-01
1.300312252446279672e+03 9.997841725830567405e-01 4.999999100357696092e-04 9.999998200715392027e-01
1.300320927195879221e+03 9.999633420539264517e-01 4.999999092173433362e-04 9.999998184346867713e-01
1.300329602003349919e+03 9.999958782051775463e-01 4.999999083874901145e-04 9.999998167749801770e-01
1.300338276868693356e+03 1.000191729086693071e+00 4.999999075459938625e-04 9.999998150919877649e-01
1.300346951791908850e+03 1.000037772595022023e+00 4.999999066926340534e-04 9.999998133852681104e-01
1.300355626772997311e+03 9.997295509297611238e-01 4.999999058271845228e-04 9.999998116543691307e-01
1.300364301811958967e+03 1.000445573796399312e+00 4.999999049494139019e-04 9.999998098988278628e-01
1.300372976908794044e+03 9.998349299396291912e-01 4.999999040590850756e-04 9.999998081181701304e-01
1.300381652063503452e+03 9.999897529907022520e-01 4.999999031559550743e-04 9.999998063119100999e-01
1.300390327276087191e+03 9.995265720777266605e-01 4.999999022397750735e-04 9.999998044795500585e-01
1.300399002546545717e+03 1.000528193327059556e+00 4.999999013102903941e-04 9.999998026205807466e-01
1.300407677874879255e+03 9.994023965127624143e-01 4.999999003672398520e-04 9.999998007344796935e-01
1.300416353261088716e+03 9.996230734923107208e-01 4.999998994103557574e-04 9.999997988207114386e-01
1.300425028705173872e+03 1.000266122484543718e+00 4.999998984393642411e-04 9.999997968787284197e-01
1.300433704207135406e+03 1.000282859814930481e+00 4.999998974539834103e-04 9.999997949079668658e-01
1.300442379766973545e+03 9.999626420691647422e-01 4.999998964539258432e-04 9.999997929078517922e-01
1.300451055384688971e+03 1.000196211740148611e+00 4.999998954388956609e-04 9.999997908777912281e-01
1.300459731060281911e+03 1.000465682068407025e+00 4.999998944085900458e-04 9.999997888171801019e-01
1.300468406793752592e+03 1.000263747663058922e+00 4.999998933626981570e-04 9.999997867253963557e-01
1.300477082585101471e+03 1.000255826960928296e+00 4.999998923009014561e-04 9.999997846018029435e-01
1.300485758434329227e+03 1.000325152063493039e+00 4.999998912228730561e-04 9.999997824457460549e-01
1.300494434341435863e+03 9.997163955886264608e-01 4.999998901282773963e-04 9.999997802565548932e-01
1.300503110306421831e+03 9.999483696504405383e-01 4.999998890167707847e-04 9.999997780335416753e-01
1.300511786329287816e+03 1.000349824879942284e+00 4.999998878879995546e-04 9.999997757759991890e-01
1.300520462410033815e+03 1.000298399860624299e+00 4.999998867416017992e-04 9.999997734832035690e-01
1.300529138548660512e+03 1.000682603654575509e+00 4.999998855772052036e-04 9.999997711544104106e-01
1.300537814745168362e+03 1.001060281146710862e+00 4.999998843944279117e-04 9.999997687888558806e-01
1.300546490999557363e+03 9.996484856115664952e-01 4.999998831928779844e-04 9.999997663857559393e-01
1.300555167311827972e+03 9.994879010899265781e-01 4.999998819721522070e-04 9.999997639443044539e-01
1.300563843681980870e+03 9.997291994260556480e-01 4.999998807318374984e-04 9.999997614636750853e-01
1.300572520110016285e+03 9.994489868832314716e-01 4.999998794715089599e-04 9.999997589430178468e-01
1.300581196595934443e+03 1.000267607993689856e+00 4.999998781907298746e-04 9.999997563814597701e-01
1.300589873139736028e+03 9.998620530579499510e-01 4.999998768890520336e-04 9.999997537781040169e-01
1.300598549741421266e+03 9.999988719726632391e-01 4.999998755660142171e-04 9.999997511320284360e-01
1.300607226400990612e+03 1.000271249727004319e+00 4.999998742211431710e-04 9.999997484422863403e-01
1.300615903118444066e+03 1.000363316890551468e+00 4.999998728539516548e-04 9.999997457079032870e-01
1.300624579893782766e+03 1.000282212720729813e+00 4.999998714639389838e-04 9.999997429278779659e-01
1.300633256727006483e+03 1.000024471142536120e+00 4.999998700505907043e-04 9.999997401011814224e-01
1.300641933618115900e+03 1.000883534113454765e+00 4.999998686133770749e-04 9.999997372267541706e-01
1.300650610567111244e+03 1.000431658383200473e+00 4.999998671517533926e-04 9.999997343035067487e-01
1.300659287573992970e+03 1.000398597225886421e+00 4.999998656651596669e-04 9.999997313303193858e-01
1.300667964638761532e+03 1.000325349982948309e+00 4.999998641530191022e-04 9.999997283060381159e-01
1.300676641761417159e+03 9.995593848698588468e-01 4.999998626147385316e-04 9.999997252294769989e-01
1.300685318941960077e+03 1.000173221327378625e+00 4.999998610497073323e-04 9.999997220994145675e-01
1.300693996180391196e+03 1.000554339190184772e+00 4.999998594572966672e-04 9.999997189145932719e-01
1.300702673476710515e+03 9.996025395241738831e-01 4.999998578368593759e-04 9.999997156737187032e-01
1.300711350830918718e+03 9.999897174636183106e-01 4.999998561877285657e-04 9.999997123754571504e-01
1.300720028243015804e+03 9.996208461254563193e-01 4.999998545092179366e-04 9.999997090184358228e-01
1.300728705713002455e+03 1.000019937646982715e+00 4.999998528006198298e-04 9.999997056012397412e-01
1.300737383240879126e+03 9.998596567737781937e-01 4.999998510612056616e-04 9.999997021224114047e-01
1.300746060826645589e+03 9.993914758502473461e-01 4.999998492902240797e-04 9.999996985804482375e-01
1.300754738470302982e+03 1.000713987073146294e+00 4.999998474869011807e-04 9.999996949738022556e-01
1.300763416171851077e+03 1.000417966868720532e+00 4.999998456504384497e-04 9.999996913008768473e-01
1.300772093931291010e+03 1.000402555144254357e+00 4.999998437800129772e-04 9.999996875600258850e-01
1.300780771748622328e+03 9.989591921177402023e-01 4.999998418747758329e-04 9.999996837495516155e-01
1.300789449623846167e+03 1.000586556936558402e+00 4.999998399338517405e-04 9.999996798677035503e-01
1.300798127556962527e+03 1.000139459586498303e+00 4.999998379563369089e-04 9.999996759126739132e-01
1.300806805547971408e+03 9.997956394627964816e-01 4.999998359412995749e-04 9.999996718825991948e-01
1.300815483596874174e+03 9.993052500127563853e-01 4.999998338877772921e-04 9.999996677755544905e-01
1.300824161703670143e+03 1.000027376857921313e+00 4.999998317947767145e-04 9.999996635895535002e-01
1.300832839868360452e+03 9.998559319397690714e-01 4.999998296612722954e-04 9.999996593225446428e-01
1.300841518090945101e+03 9.996634985621453140e-01 4.999998274862047691e-04 9.999996549724095019e-01
1.300850196371424772e+03 9.998836128658195044e-01 4.999998252684796337e-04 9.999996505369592725e-01
1.300858874709799466e+03 1.000026276870519037e+00 4.999998230069666082e-04 9.999996460139332077e-01
1.300867553106070318e+03 9.995533696927171308e-01 4.999998207004971397e-04 9.999996414009941770e-01
1.300876231560236874e+03 1.000087141601934349e+00 4.999998183478634268e-04 9.999996366957267790e-01
1.300884910072299817e+03 1.000187617342776170e+00 4.999998159478166856e-04 9.999996318956334562e-01
1.300893588642259601e+03 9.999196272449548673e-01 4.999998134990660649e-04 9.999996269981320518e-01
1.300902267270116454e+03 1.000545047861951753e+00 4.999998110002751772e-04 9.999996220005502590e-01
1.300910945955871057e+03 9.999882385743861235e-01 4.999998084500624235e-04 9.999996169001249546e-01
1.300919624699523411e+03 9.996841637060366326e-01 4.999998058469979582e-04 9.999996116939959823e-01
1.300928303501074424e+03 9.995745355549345845e-01 4.999998031896010862e-04 9.999996063792021550e-01
1.300936982360523871e+03 9.992999938214391920e-01 4.999998004763392878e-04 9.999996009526785912e-01
1.300945661277872659e+03 1.000397374934353545e+00 4.999997977056253994e-04 9.999995954112508301e-01
1.300954340253120790e+03 9.997501533817577668e-01 4.999997948758153369e-04 9.999995897516307242e-01
1.300963019286268946e+03 9.992519837476925293e-01 4.999997919852056018e-04 9.999995839704112210e-01
1.300971698377317125e+03 9.999586415822618868e-01 4.999997890320306794e-04 9.999995780640613674e-01
1.300980377526266238e+03 9.993809003905647081e-01 4.999997860144604362e-04 9.999995720289209800e-01
1.300989056733116286e+03 9.991925588107390954e-01 4.999997829305970849e-04 9.999995658611942062e-01
1.300997735997867949e+03 9.997430877522579529e-01 4.999997797784720395e-04 9.999995595569440843e-01
1.301006415320521228e+03 1.000328229433169458e+00 4.999997765560435306e-04 9.999995531120869918e-01
1.301015094701076805e+03 9.999562384120842529e-01 4.999997732611920513e-04 9.999995465223842084e-01
1.301023774139534680e+03 9.996282747420658366e-01 4.999997698917176469e-04 9.999995397834352540e-01
1.301032453635895990e+03 9.988097708167650302e-01 4.999997664453362288e-04 9.999995328906724490e-01
1.301041133190160281e+03 9.997972299873126856e-01 4.999997629196749121e-04 9.999995258393499231e-01
1.301049812802328688e+03 9.997665195362960278e-01 4.999997593122687631e-04 9.999995186245376200e-01
1.301058492472400985e+03 1.000314888417287440e+00 4.999997556205562459e-04 9.999995112411124154e-01
1.301067172200377854e+03 9.996920916599854046e-01 4.999997518418738008e-04 9.999995036837476814e-01
1.301075851986259750e+03 1.000190211191596124e+00 4.999997479734524840e-04 9.999994959469049594e-01
1.301084531830046672e+03 9.997812649166095689e-01 4.999997440124112451e-04 9.999994880248225249e-01
1.301093211731739530e+03 1.001480191472761572e+00 4.999997399557524818e-04 9.999994799115050625e-01
1.301101891691338324e+03 9.994647723224250324e-01 4.999997358003564025e-04 9.999994716007127860e-01
1.301110571708843509e+03 9.999549518383102908e-01 4.999997315429740869e-04 9.999994630859481148e-01
1.301119251784255994e+03 9.994351037150660533e-01 4.999997271802219569e-04 9.999994543604440178e-01
1.301127931917575324e+03 1.000589100975403989e+00 4.999997227085748374e-04 9.999994454171495795e-01
1.301136612108802410e+03 9.989499386804551184e-01 4.999997181243579338e-04 9.999994362487157895e-01
1.301145292357937251e+03 1.000531463217607886e+00 4.999997134237401091e-04 9.999994268474802217e-01
1.301153972664980756e+03 9.984370702392816321e-01 4.999997086027258616e-04 9.999994172054517128e-01
1.301162653029932926e+03 1.000221518593662706e+00 4.999997036571458917e-04 9.999994073142918216e-01
1.301171333452794443e+03 1.000385384368276620e+00 4.999996985826488625e-04 9.999993971652976210e-01
1.301180013933565078e+03 1.000691109214444152e+00 4.999996933746909912e-04 9.999993867493820465e-01
1.301188694472245970e+03 1.000130338075515102e+00 4.999996880285266163e-04 9.999993760570532464e-01
1.301197375068836891e+03 1.000613290355003793e+00 4.999996825391962718e-04 9.999993650783925991e-01
1.301206055723338750e+03 1.000206273055937345e+00 4.999996769015161704e-04 9.999993538030323981e-01
1.301214736435752002e+03 1.000145648348424121e+00 4.999996711100648675e-04 9.999993422201296500e-01
1.301223417206076419e+03 9.993603652539073678e-01 4.999996651591704679e-04 9.999993303183408733e-01
1.301232098034312457e+03 1.000027226788837043e+00 4.999996590428970730e-04 9.999993180857942310e-01
1.301240778920461025e+03 9.995519123374905224e-01 4.999996527550290603e-04 9.999993055100582229e-01
1.301249459864522123e+03 9.999664674961679101e-01 4.999996462890555788e-04 9.999992925781111541e-01
1.301258140866496433e+03 1.000143376557538044e+00 4.999996396381534191e-04 9.999992792763068294e-01
1.301266821926384182e+03 9.997336190407628553e-01 4.999996327951686899e-04 9.999992655903374716e-01
1.301275503044185598e+03 9.992406632149478662e-01 4.999996257525981700e-04 9.999992515051963071e-01
1.301284184219900908e+03 1.000883113020933024e+00 4.999996185025670824e-04 9.999992370051341561e-01
1.301292865453531249e+03 9.991982942750557983e-01 4.999996110368087106e-04 9.999992220736173554e-01
1.301301546745076394e+03 1.000234081873832226e+00 4.999996033466385954e-04 9.999992066932771317e-01
1.301310228094536797e+03 9.993218775787635622e-01 4.999995954229308984e-04 9.999991908458618628e-01
1.301318909501912913e+03 9.995579582432719823e-01 4.999995872560899970e-04 9.999991745121800113e-01
1.301327590967205424e+03 1.000515372960687710e+00 4.999995788360215351e-04 9.999991576720430597e-01
1.301336272490414103e+03 9.992972824645297569e-01 4.999995701521006567e-04 9.999991403042012283e-01
1.301344954071539860e+03 9.987622964993929653e-01 4.999995611931386122e-04 9.999991223862773060e-01
1.301353635710582921e+03 1.000282950159332662e+00 4.999995519473461126e-04 9.999991038946921540e-01
1.301362317407543287e+03 1.000388994533153220e+00 4.999995424022941892e-04 9.999990848045883229e-01
1.301370999162422095e+03 1.000676925507629544e+00 4.999995325448722359e-04 9.999990650897444544e-01
1.301379680975219344e+03 1.000080806559987545e+00 4.999995223612425802e-04 9.999990447224851309e-01
1.301388362845935262e+03 1.000500266657339488e+00 4.999995118367909358e-04 9.999990236735818439e-01
1.301397044774570304e+03 1.000208521437280451e+00 4.999995009560746859e-04 9.999990019121494100e-01
1.301405726761125152e+03 9.998162944100114080e-01 4.999994897027644448e-04 9.999989794055288428e-01
1.301414408805599805e+03 1.000477402474970523e+00 4.999994780595830171e-04 9.999989561191661158e-01
1.301423090907994947e+03 9.994531112660698380e-01 4.999994660082386112e-04 9.999989320164772710e-01
1.301431773068310576e+03 9.995120152584738848e-01 4.999994535293515469e-04 9.999989070587030904e-01
1.301440455286547603e+03 9.993478195904317296e-01 4.999994406023766267e-04 9.999988812047533315e-01
1.301449137562706255e+03 9.995225659649222827e-01 4.999994272055174839e-04 9.999988544110349764e-01
1.301457819896786759e+03 1.000128075811301809e+00 4.999994133156335577e-04 9.999988266312671570e-01
1.301466502288789343e+03 9.996948309167096314e-01 4.999993989081398050e-04 9.999987978162796498e-01
1.301475184738714688e+03 9.997923158165734625e-01 4.999993839568967618e-04 9.999987679137936070e-01
1.301483867246563250e+03 9.999359827570769577e-01 4.999993684340908479e-04 9.999987368681816369e-01
1.301492549812335255e+03 9.993694566454821571e-01 4.999993523101041535e-04 9.999987046202083452e-01
1.301501232436030932e+03 9.999969538802748747e-01 4.999993355533716502e-04 9.999986711067432310e-01
1.301509915117650962e+03 9.998016661436139874e-01 4.999993181302257164e-04 9.999986362604513790e-01
1.301518597857195573e+03 9.994596642112757445e-01 4.999993000047250500e-04 9.999986000094501781e-01
1.301527280654665219e+03 9.999117816049633012e-01 4.999992811384684028e-04 9.999985622769367311e-01
1.301535963510060355e+03 1.000460492051447936e+00 4.999992614903883649e-04 9.999985229807766274e-01
1.301544646423380982e+03 1.000575833905667844e+00 4.999992410165267180e-04 9.999984820330535262e-01
1.301553329394628008e+03 9.996763770684334860e-01 4.999992196697866957e-04 9.999984393395733306e-01
1.301562012423801434e+03 9.998951651386719375e-01 4.999991973996581376e-04 9.999983947993161815e-01
1.301570695510901714e+03 1.000087159621210198e+00 4.999991741519178162e-04 9.999983483038356047e-01
1.301579378655929759e+03 1.000622089177632512e+00 4.999991498682948522e-04 9.999982997365897130e-01
1.301588061858885112e+03 1.000284747136976682e+00 4.999991244861036032e-04 9.999982489722072376e-01
1.301596745119768457e+03 1.000829321087016943e+00 4.999990979378339442e-04 9.999981958756679612e-01
1.301605428438580702e+03 1.000029446924619148e+00 4.999990701506992633e-04 9.999981403013984416e-01
1.301614111815321394e+03 1.000654702279154984e+00 4.999990410461317659e-04 9.999980820922635960e-01
1.301622795249991668e+03 9.997353851761885402e-01 4.999990105392224842e-04 9.999980210784450430e-01
1.301631478742591753e+03 1.000359164928551703e+00 4.999989785380959091e-04 9.999979570761917680e-01
1.301640162293121648e+03 1.000045350578721681e+00 4.999989449432102467e-04 9.999978898864204657e-01
1.301648845901581581e+03 1.000261030267544760e+00 4.999989096465767922e-04 9.999978192931535670e-01
1.301657529567972688e+03 1.000228002706231800e+00 4.999988725308824851e-04 9.999977450617649755e-01
1.301666213292294742e+03 9.996444702511930736e-01 4.999988334685039363e-04 9.999976669370079785e-01
1.301674897074548880e+03 1.000127808478405100e+00 4.999987923204007824e-04 9.999975846408014624e-01
1.301683580914734648e+03 1.000407840101919854e+00 4.999987489348616974e-04 9.999974978697233619e-01
1.301692264812852500e+03 9.989235036343889762e-01 4.999987031460926537e-04 9.999974062921852536e-01
1.301700948768903572e+03 9.998327869293494041e-01 4.999986547726134947e-04 9.999973095452269201e-01
1.301709632782887184e+03 1.000163356797406422e+00 4.999986036154382106e-04 9.999972072308764837e-01
1.301718316854804698e+03 1.000394069554090937e+00 4.999985494560041117e-04 9.999970989120082754e-01
1.301727000984656115e+03 1.000310544352678965e+00 4.999984920538077257e-04 9.999969841076155053e-01
1.301735685172441890e+03 9.993947830535134802e-01 4.999984311436999306e-04 9.999968622873998125e-01
1.301744369418162250e+03 1.000348228087806213e+00 4.999983664327838345e-04 9.999967328655676724e-01
1.301753053721817423e+03 9.999967196581834861e-01 4.999982975968442819e-04 9.999965951936886643e-01
1.301761738083408318e+03 9.996975851530816026e-01 4.999982242762296197e-04 9.999964485524591717e-01
1.301770422502934935e+03 1.000332678463682567e+00 4.999981460710837015e-04 9.999962921421674533e-01
1.301779106980397728e+03 1.000599368897881369e+00 4.999980625358117943e-04 9.999961250716236094e-01
1.301787791515797153e+03 9.992723123933775486e-01 4.999979731726309851e-04 9.999959463452618991e-01
1.301796476109133664e+03 9.993857444287671532e-01 4.999978774240323737e-04 9.999957548480647995e-01
1.301805160760407261e+03 1.000990235546199036e+00 4.999977746639353926e-04 9.999955493278708252e-01
1.301813845469618855e+03 1.000986873166975322e+00 4.999976641872685154e-04 9.999953283745369736e-01
1.301822530236768444e+03 1.000415887557534411e+00 4.999975451976463236e-04 9.999950903952925518e-01
1.301831215061856710e+03 9.992718255006300954e-01 4.999974167927340781e-04 9.999948335854682568e-01
1.301839899944883882e+03 1.000617190336059448e+00 4.999972779467862097e-04 9.999945558935723344e-01
1.301848584885850187e+03 9.996290802540638287e-01 4.999971274897136277e-04 9.999942549794272884e-01
1.301857269884756533e+03 9.993739417469023056e-01 4.999969640818652857e-04 9.999939281637306721e-01
1.301865954941602695e+03 9.992353864863534607e-01 4.999967861834839298e-04 9.999935723669679533e-01
1.301874640056389126e+03 1.001114751359980959e+00 4.999965920175006165e-04 9.999931840350011480e-01
1.301883325229116963e+03 9.997997216613808691e-01 4.999963795239459633e-04 9.999927590478918660e-01
1.301892010459785524e+03 9.988960073156429864e-01 4.999961463037272185e-04 9.999922926074544804e-01
1.301900695748395947e+03 9.999905650668753365e-01 4.999958895488173507e-04 9.999917790976347032e-01
1.301909381094948230e+03 1.000355657374377705e+00 4.999956059549332974e-04 9.999912119098665064e-01
1.301918066499443057e+03 1.000250986664808606e+00 4.999952916114507387e-04 9.999905832229014635e-01
1.301926751961880427e+03 9.985999559163163397e-01 4.999949418614356563e-04 9.999898837228713422e-01
1.301935437482261250e+03 9.993751438555047439e-01 4.999945511220401729e-04 9.999891022440804411e-01
1.301944123060585298e+03 9.992398664178658851e-01 4.999941126517290068e-04 9.999882253034579893e-01
1.301952808696853708e+03 9.993838965895139870e-01 4.999936182452932934e-04 9.999872364905865174e-01
1.301961494391066253e+03 1.000035847946292300e+00 4.999930578294506552e-04 9.999861156589012756e-01
1.301970180143223388e+03 1.000244834920908765e+00 4.999924189195124619e-04 9.999848378390249204e-01
1.301978865953325794e+03 1.000424009382518742e+00 4.999916858786265491e-04 9.999833717572531588e-01
1.301987551821373700e+03 1.000231592886827281e+00 4.999908388911585401e-04 9.999816777823170577e-01
1.301996237747367331e+03 1.000270882962612573e+00 4.999898525132432129e-04 9.999797050264863651e-01
1.302004923731307372e+03 9.994951165407937044e-01 4.999886935821907423e-04 9.999773871643814482e-01
1.302013609773194048e+03 1.000447789104875529e+00 4.999873181223409924e-04 9.999746362446820802e-01
1.302022295873027815e+03 9.995355184923381264e-01 4.999856665824794176e-04 9.999713331649587866e-01
1.302030982030808900e+03 1.000573427462701614e+00 4.999836556779255420e-04 9.999673113558511517e-01
1.302039668246537758e+03 1.000714638963729364e+00 4.999811582543519338e-04 9.999623165087039300e-01
1.302048354520214843e+03 1.000258015749694307e+00 4.999779106001880002e-04 9.999558212003760715e-01
1.302057040851840611e+03 9.998142909252323296e-01 4.999729328455261969e-04 9.999458656910524823e-01
1.302065727241415061e+03 1.000522457780607777e+00 4.999610529919990736e-04 9.999221059839982217e-01
1.302074413688939103e+03 9.998823886325294286e-01 4.999151451300467338e-04 9.998302902600935127e-01
1.302083100194412737e+03 9.989991841599494826e-01 4.997119151745622314e-04 9.994238303491244091e-01
1.302091786757836644e+03 9.973563509498054591e-01 4.988865926468755109e-04 9.977731852937509194e-01
1.302100473379210825e+03 9.919926138372026081e-01 4.960238779581607662e-04 9.920477559163215497e-01
1.302109160058536418e+03 9.758917982891658349e-01 4.877478845039201569e-04 9.754957690078402965e-01
1.302117846795812738e+03 9.365758062481531754e-01 4.680624578021667730e-04 9.361249156043335296e-01
1.302126533591040925e+03 8.596488819207913634e-01 4.299020423565456982e-04 8.598040847130914432e-01
1.302135220444221204e+03 7.398798247122592153e-01 3.701050198605978885e-04 7.402100397211958116e-01
1.302143907355353804e+03 5.898218217238566652e-01 2.950375720820894382e-04 5.900751441641788331e-01
1.302152594324439406e+03 4.420428018010246762e-01 2.208734379298959440e-04 4.417468758597918876e-01
1.302161281351478237e+03 3.331596399724435220e-01 1.666754641291594752e-04 3.333509282583189681e-01
1.302169968436470754e+03 2.924583655842571406e-01 1.462254947996025122e-04 2.924509895992050135e-01
1.302178655579417182e+03 3.287938019457589678e-01 1.644168066358224739e-04 3.288336132716449534e-01
1.302187342780317749e+03 4.338768891411515227e-01 2.169068821541047826e-04 4.338137643082095596e-01
1.302196030039173365e+03 5.808225874363559527e-01 2.903945549001995998e-04 5.807891098003992170e-01
1.302204717355984030e+03 7.325113022306635191e-01 3.659332041949377948e-04 7.318664083898756001e-01
1.302213404730750199e+03 8.540047428689345743e-01 4.269310442577823575e-04 8.538620885155646656e-01
1.302222092163472553e+03 9.325682133837688292e-01 4.663655867571485088e-04 9.327311735142970184e-01
1.302230779654150865e+03 9.744402160105053445e-01 4.869640006906460488e-04 9.739280013812920966e-01
1.302239467202786045e+03 9.908180887674588044e-01 4.957282710159147555e-04 9.914565420318295352e-01
1.302248154809378320e+03 9.969893389216113455e-01 4.987945429549324201e-04 9.975890859098649477e-01
1.302256842473928145e+03 9.988523562691327129e-01 4.996878194943356333e-04 9.993756389886712110e-01
1.302265530196435520e+03 9.998534964270500147e-01 4.999096078236653015e-04 9.998192156473306724e-01
1.302274217976901582e+03 9.997941932231432238e-01 4.999597660141941484e-04 9.999195320283883470e-01
1.302282905815325876e+03 9.996411521171493231e-01 4.999725085066072678e-04 9.999450170132144766e-01
1.302291593711709538e+03 9.996005710383666365e-01 4.999776718540907810e-04 9.999553437081816210e-01
1.302300281666052342e+03 9.988983890546720978e-01 4.999809812482584491e-04 9.999619624965168097e-01
1.302308969678354742e+03 1.000517790993056710e+00 4.999835135600633586e-04 9.999670271201267502e-01
1.302317657748617648e+03 1.000026457201853125e+00 4.999855492121619595e-04 9.999710984243238565e-01
1.302326345876841287e+03 9.993496668140452455e-01 4.999872194433710492e-04 9.999744388867422007e-01
1.302335034063025432e+03 9.998158461959000265e-01 4.999886093752411694e-04 9.999772187504823995e-01
1.302343722307171220e+03 9.994317205947415017e-01 4.999897797001627781e-04 9.999795594003254573e-01
1.302352410609278650e+03 9.998916264335021564e-01 4.999907751712218780e-04 9.999815503424438479e-01
1.302361098969348177e+03 1.000306429358313043e+00 4.999916294995531557e-04 9.999832589991063392e-01
1.302369787387380256e+03 9.998046993126781246e-01 4.999923685250958491e-04 9.999847370501917521e-01
1.302378475863375115e+03 1.000654910321537416e+00 4.999930123551303823e-04 9.999860247102606570e-01
1.302387164397333436e+03 1.001010357244807469e+00 4.999935768449137495e-04 9.999871536898276014e-01
1.302395852989255445e+03 1.000648374331995827e+00 4.999940746451440399e-04 9.999881492902880087e-01
1.302404541639141144e+03 1.000467409539066210e+00 4.999945159569716161e-04 9.999890319139431716e-01
1.302413230346991440e+03 9.999872401276530542e-01 4.999949090852762656e-04 9.999898181705525468e-01
1.302421919112806791e+03 9.993933127875554989e-01 4.999952608501262614e-04 9.999905217002525992e-01
1.302430607936587194e+03 1.000288467951382598e+00 4.999955768968576903e-04 9.999911537937153927e-01
1.302439296818332878e+03 1.000033406249661860e+00 4.999958619325738573e-04 9.999917238651476747e-01
1.302447985758044979e+03 9.999678917398830968e-01 4.999961199085103686e-04 9.999922398170207893e-01
1.302456674755723270e+03 9.994539118253901178e-01 4.999963541620750483e-04 9.999927083241499925e-01
1.302465363811368206e+03 1.000100358097471442e+00 4.999965675285037402e-04 9.999931350570074873e-01
1.302474052924980697e+03 9.997110264393377355e-01 4.999967624293835721e-04 9.999935248587672465e-01
1.302482742096560060e+03 1.000736037175199433e+00 4.999969409433941119e-04 9.999938818867881718e-01
1.302491431326107886e+03 1.000313730029682713e+00 4.999971048632536772e-04 9.999942097265073215e-01
1.302500120613623722e+03 1.000818552933502525e+00 4.999972557418785922e-04 9.999945114837572868e-01
1.302508809959108476e+03 1.001232860965109772e+00 4.999973949300386133e-04 9.999947898600772822e-01
1.302517499362561921e+03 9.996693441251407464e-01 4.999975236072605944e-04 9.999950472145211489e-01
1.302526188823985194e+03 1.000444874776783344e+00 4.999976428073356436e-04 9.999952856146713254e-01
1.302534878343378296e+03 1.000558394469712509e+00 4.999977534394838344e-04 9.999955068789677659e-01
1.302543567920741680e+03 9.991461392168993205e-01 4.999978563060059923e-04 9.999957126120119222e-01
1.302552257556075347e+03 9.998934983402314458e-01 4.999979521170727550e-04 9.999959042341455273e-01
1.302560947249380206e+03 9.998199775414999824e-01 4.999980415031750076e-04 9.999960830063500117e-01
1.302569637000656485e+03 9.995001843363535698e-01 4.999981250256470408e-04 9.999962500512941110e-01
1.302578326809904638e+03 1.000815787636260890e+00 4.999982031855990756e-04 9.999964063711981321e-01
1.302587016677124666e+03 1.000848491144332275e+00 4.999982764315285795e-04 9.999965528630572198e-01
1.302595706602317478e+03 1.000308489445611571e+00 4.999983451658278647e-04 9.999966903316558353e-01
1.302604396585483073e+03 9.995533583114510900e-01 4.999984097503713072e-04 9.999968195007425953e-01
1.302613086626622362e+03 1.000873620713589984e+00 4.999984705113242169e-04 9.999969410226483557e-01
1.302621776725734890e+03 9.995537964579026546e-01 4.999985277432982596e-04 9.999970554865965644e-01
1.302630466882821793e+03 9.988008728186100749e-01 4.999985817129525261e-04 9.999971634259050557e-01
1.302639157097883071e+03 1.000510290122284207e+00 4.999986326621209129e-04 9.999972653242418241e-01
1.302647847370919408e+03 1.000108436864015182e+00 4.999986808105404091e-04 9.999973616210807714e-01
1.302656537701931029e+03 1.000365795448001194e+00 4.999987263582334135e-04 9.999974527164667837e-01
1.302665228090917935e+03 9.998758197640921219e-01 4.999987694875957997e-04 9.999975389751915023e-01
1.302673918537881264e+03 9.998718335239114019e-01 4.999988103652303019e-04 9.999976207304606124e-01
1.302682609042820786e+03 1.000334622914784477e+00 4.999988491435615424e-04 9.999976982871231490e-01
1.302691299605737186e+03 9.995561657518705623e-01 4.999988859622603483e-04 9.999977719245206620e-01
1.302699990226630689e+03 1.000479693697528427e+00 4.999989209495043531e-04 9.999978418990087548e-01
1.302708680905501978e+03 1.000491975360844110e+00 4.999989542230947248e-04 9.999979084461895207e-01
1.302717371642351054e+03 9.994729146027655498e-01 4.999989858914482112e-04 9.999979717828963999e-01
1.302726062437178371e+03 1.000309705239681879e+00 4.999990160544800057e-04 9.999980321089599888e-01
1.302734753289984610e+03 9.997705788765807178e-01 4.999990448043918536e-04 9.999980896087837801e-01
1.302743444200770000e+03 9.995983263354901727e-01 4.999990722263740733e-04 9.999981444527481500e-01
1.302752135169534768e+03 9.993468333664401460e-01 4.999990983992360196e-04 9.999981967984720166e-01
1.302760826196279595e+03 9.989517397506502139e-01 4.999991233959703027e-04 9.999982467919406037e-01
1.302769517281004937e+03 1.000140498219166618e+00 4.999991472842594360e-04 9.999982945685189639e-01
1.302778208423710566e+03 1.000078335483336911e+00 4.999991701269319595e-04 9.999983402538639154e-01
1.302786899624397165e+03 1.000531192162167793e+00 4.999991919823731359e-04 9.999983839647462736e-01
1.302795590883065415e+03 1.000680225423497438e+00 4.999992129048957479e-04 9.999984258097915912e-01
1.302804282199715544e+03 9.997534391172057111e-01 4.999992329450750079e-04 9.999984658901499568e-01
1.302812973574347780e+03 9.996617643784756480e-01 4.999992521500518095e-04 9.999985043001036189e-01
1.302821665006962803e+03 9.992972195608106345e-01 4.999992705638074643e-04 9.999985411276149927e-01
1.302830356497560842e+03 1.000001700107934655e+00 4.999992882274130685e-04 9.999985764548261491e-01
1.302839048046142125e+03 1.000919340001495961e+00 4.999993051792564263e-04 9.999986103585127850e-01
1.302847739652707105e+03 9.993439608098688698e-01 4.999993214552477232e-04 9.999986429104954500e-01
1.302856431317256465e+03 1.000038326559084867e+00 4.999993370890077433e-04 9.999986741780155786e-01
1.302865123039789978e+03 1.000629131214497924e+00 4.999993521120394985e-04 9.999987042240789936e-01
1.302873814820308780e+03 9.997090672938004907e-01 4.999993665538840287e-04 9.999987331077679897e-01
1.302882506658812645e+03 1.000178222194477495e+00 4.999993804422641665e-04 9.999987608845284370e-01
1.302891198555302481e+03 1.000229797425674194e+00 4.999993938032152923e-04 9.999987876064306835e-01
1.302899890509778288e+03 1.000240838560556345e+00 4.999994066612051388e-04 9.999988133224102516e-01
1.302908582522240749e+03 1.000358536480373761e+00 4.999994190392443791e-04 9.999988380784887720e-01
1.302917274592689864e+03 9.996612499603932944e-01 4.999994309589871327e-04 9.999988619179742688e-01
1.302925966721126315e+03 9.995553244183652541e-01 4.999994424408242067e-04 9.999988848816483422e-01
1.302934658907550329e+03 9.996171475786664873e-01 4.999994535039687478e-04 9.999989070079375875e-01
1.302943351151962588e+03 9.998325133188032954e-01 4.999994641665348469e-04 9.999989283330696921e-01
1.302952043454362865e+03 1.000278255108276726e+00 4.999994744456095304e-04 9.999989488912189861e-01
1.302960735814752070e+03 1.000184152668638138e+00 4.999994843573206307e-04 9.999989687146413342e-01
1.302969428233130657e+03 9.992355137143567045e-01 4.999994939168983694e-04 9.999989878337967042e-01
1.302978120709498626e+03 1.000846007231906976e+00 4.999995031387317358e-04 9.999990062774635202e-01
1.302986813243856659e+03 1.000120516976798157e+00 4.999995120364223713e-04 9.999990240728446889e-01
1.302995505836205211e+03 9.999593727393165654e-01 4.999995206228327084e-04 9.999990412456654099e-01
1.303004198486544283e+03 9.997315579003626107e-01 4.999995289101313986e-04 9.999990578202628821e-01
1.303012891194874328e+03 9.996362270092116198e-01 4.999995369098359215e-04 9.999990738196717910e-01
1.303021583961196029e+03 9.999677242689180012e-01 4.999995446328505322e-04 9.999990892657010244e-01
1.303030276785509614e+03 9.996159902019623456e-01 4.999995520895029067e-04 9.999991041790057267e-01
1.303038969667815536e+03 9.998316367492432466e-01 4.999995592895778614e-04 9.999991185791557990e-01
1.303047662608114024e+03 9.999012420056645478e-01 4.999995662423485773e-04 9.999991324846971841e-01
1.303056355606405987e+03 9.999542871561547530e-01 4.999995729566050068e-04 9.999991459132099303e-01
1.303065048662690970e+03 1.000219220658070451e+00 4.999995794406813035e-04 9.999991588813627041e-01
1.303073741776969882e+03 1.000012987372085993e+00 4.999995857024810844e-04 9.999991714049620839e-01
1.303082434949242952e+03 1.000261283137745760e+00 4.999995917495001982e-04 9.999991834990004103e-01
1.303091128179510633e+03 9.993427341737358693e-01 4.999995975888492762e-04 9.999991951776985299e-01
1.303099821467773381e+03 9.999048426642360710e-01 4.999996032272733572e-04 9.999992064545466519e-01
1.303108514814031423e+03 9.999781675571822737e-01 4.999996086711712938e-04 9.999992173423425390e-01
1.303117208218285214e+03 1.000921532168127071e+00 4.999996139266129919e-04 9.999992278532259249e-01
1.303125901680535208e+03 1.000701807834653456e+00 4.999996189993557820e-04 9.999992379987115987e-01
1.303134595200781860e+03 1.000779223932902973e+00 4.999996238948607903e-04 9.999992477897216014e-01
1.303143288779025170e+03 1.000246928926204815e+00 4.999996286183055159e-04 9.999992572366110943e-01
1.303151982415266275e+03 9.990348067917301789e-01 4.999996331745984674e-04 9.999992663491970024e-01
1.303160676109504266e+03 1.000403949683268623e+00 4.999996375683914140e-04 9.999992751367827726e-01
1.303169369861741188e+03 9.992205772932076790e-01 4.999996418040901199e-04 9.999992836081801340e-01
1.303178063671975906e+03 9.999646210099603083e-01 4.999996458858662696e-04 9.999992917717326346e-01
1.303186757540210010e+03 9.996825971028250324e-01 4.999996498176672265e-04 9.999992996353344044e-01
1.303195451466443274e+03 1.000893570627874984e+00 4.999996536032243807e-04 9.999993072064488064e-01
1.303204145450675924e+03 9.986547121679547612e-01 4.999996572460631240e-04 9.999993144921262012e-01
1.303212839492908643e+03 1.000305659722453777e+00 4.999996607495106561e-04 9.999993214990212653e-01
1.303221533593141885e+03 1.000391759846352535e+00 4.999996641167027064e-04 9.999993282334054268e-01
1.303230227751375878e+03 1.000101677992448312e+00 4.999996673505912323e-04 9.999993347011825184e-01
1.303238921967611077e+03 1.000348601397451409e+00 4.999996704539509240e-04 9.999993409079017681e-01
1.303247616241847709e+03 1.000098454780548485e+00 4.999996734293841918e-04 9.999993468587684564e-01
1.303256310574086456e+03 1.000237576228808045e+00 4.999996762793276718e-04 9.999993525586553522e-01
1.303265004964327318e+03 9.997287630015532223e-01 4.999996790060565622e-04 9.999993580121131487e-01
1.303273699412570977e+03 1.000234928038793436e+00 4.999996816116895025e-04 9.999993632233789009e-01
1.303282393918817888e+03 1.000859294744523620e+00 4.999996840981920428e-04 9.999993681963840197e-01
1.303291088483068506e+03 1.000589913196250125e+00 4.999996864673814144e-04 9.999993729347629312e-01
1.303299783105322831e+03 1.000187984300657806e+00 4.999996887209290234e-04 9.999993774418580728e-01
1.303308477785581090e+03 9.993699732222594001e-01 4.999996908603637031e-04 9.999993817207274427e-01
1.303317172523844420e+03 1.000535688638404030e+00 4.999996928870740999e-04 9.999993857741482639e-01
1.303325867320112820e+03 9.991502378364273129e-01 4.999996948023113829e-04 9.999993896046227571e-01
1.303334562174386292e+03 1.000470137563535866e+00 4.999996966071904372e-04 9.999993932143809161e-01
1.303343257086665972e+03 9.997864396425488742e-01 4.999996983026913817e-04 9.999993966053828398e-01
1.303351952056951632e+03 1.000186403425048942e+00 4.999996998896619541e-04 9.999993997793239497e-01
1.303360647085243727e+03 9.998356642544969919e-01 4.999997013688165350e-04 9.999994027376329919e-01
1.303369342171543167e+03 1.001138100532243280e+00 4.999997027407375580e-04 9.999994054814751454e-01
1.303378037315849951e+03 1.000544921436424817e+00 4.999997040058759426e-04 9.999994080117519113e-01
1.303386732518164308e+03 1.000227538752298306e+00 4.999997051645501192e-04 9.999994103291003356e-01
1.303395427778486692e+03 9.992667338048167869e-01 4.999997062169459199e-04 9.999994124338918988e-01
1.303404123096817784e+03 1.000088676841655699e+00 4.999997071631151696e-04 9.999994143262304069e-01
1.303412818473157813e+03 9.994350392251049042e-01 4.999997080029751437e-04 9.999994160059502146e-01
1.303421513907507233e+03 9.998321878025645537e-01 4.999997087363060744e-04 9.999994174726121177e-01
1.303430209399866499e+03 9.996570335361529835e-01 4.999997093627490908e-04 9.999994187254982458e-01
1.303438904950235610e+03 9.997829263264645938e-01 4.999997098818045925e-04 9.999994197636092874e-01
1.303447600558615022e+03 9.995599637562727624e-01 4.999997102928285635e-04 9.999994205856570506e-01
1.303456296225005644e+03 1.000407961787246336e+00 4.999997105950287771e-04 9.999994211900575802e-01
1.303464991949407249e+03 1.000134391788089827e+00 4.999997107874625197e-04 9.999994215749250515e-01
1.303473687731820291e+03 9.995732041102546317e-01 4.999997108690304101e-04 9.999994217380608896e-01
1.303482383572245681e+03 9.998937404955001718e-01 4.999997108384731477e-04 9.999994216769463318e-01
1.303491079470683417e+03 1.000356367978105343e+00 4.999997106943651149e-04 9.999994213887302141e-01
1.303499775427133955e+03 1.000204321315071532e+00 4.999997104351088482e-04 9.999994208702176479e-01
1.303508471441597521e+03 1.000482272135249318e+00 4.999997100589286415e-04 9.999994201178573627e-01
1.303517167514075027e+03 9.994347779724371827e-01 4.999997095638629560e-04 9.999994191277259414e-01
1.303525863644566243e+03 9.996534029133017363e-01 4.999997089477569399e-04 9.999994178955138313e-01
1.303534559833071853e+03 1.000114088584804550e+00 4.999997082082533210e-04 9.999994164165066923e-01
1.303543256079592084e+03 9.997684003359745830e-01 4.999997073427832990e-04 9.999994146855666344e-01
1.303551952384127389e+03 9.997671630166974355e-01 4.999997063485562459e-04 9.999994126971124553e-01
1.303560648746678453e+03 1.000683152714194613e+00 4.999997052225484302e-04 9.999994104450967702e-01
1.303569345167245046e+03 9.994825688204546088e-01 4.999997039614905488e-04 9.999994079229811428e-01
1.303578041645828307e+03 9.999041676313153992e-01 4.999997025618550415e-04 9.999994051237101056e-01
1.303586738182428007e+03 9.995962458165620346e-01 4.999997010198405870e-04 9.999994020396811845e-01
1.303595434777044602e+03 9.994714591216704580e-01 4.999996993313573579e-04 9.999993986627148113e-01
1.303604131429678773e+03 9.997194201624944876e-01 4.999996974920094565e-04 9.999993949840190188e-01
1.303612828140330748e+03 1.000444804468734628e+00 4.999996954970759412e-04 9.999993909941519155e-01
1.303621524909000982e+03 1.000803762213473780e+00 4.999996933414912028e-04 9.999993866829823830e-01
1.303630221735689702e+03 1.000888172335331783e+00 4.999996910198224124e-04 9.999993820396447797e-01
1.303638918620397362e+03 1.000548967008824786e+00 4.999996885262452360e-04 9.999993770524904235e-01
1.303647615563124873e+03 1.000248451082905277e+00 4.999996858545185724e-04 9.999993717090370771e-01
1.303656312563871552e+03 9.990243764666789650e-01 4.999996829979547371e-04 9.999993659959095504e-01
1.303665009622638763e+03 1.000217638689500310e+00 4.999996799493895390e-04 9.999993598987790833e-01
1.303673706739426279e+03 9.994095770705078152e-01 4.999996767011472606e-04 9.999993534022945108e-01
1.303682403914234783e+03 1.000040348224144449e+00 4.999996732450043366e-04 9.999993464900086559e-01
1.303691101147064728e+03 9.995290011304098776e-01 4.999996695721479383e-04 9.999993391442959512e-01
1.303699798437916115e+03 9.995473049706140589e-01 4.999996656731330383e-04 9.999993313462660627e-01
1.303708495786789626e+03 9.995341452088896128e-01 4.999996615378316705e-04 9.999993230756633045e-01
1.303717193193685716e+03 1.000145359495411279e+00 4.999996571553816469e-04 9.999993143107633875e-01
1.303725890658604612e+03 9.994289004205729743e-01 4.999996525141273606e-04 9.999993050282546259e-01
1.303734588181546769e+03 9.999858118581798072e-01 4.999996476015550586e-04 9.999992952031100391e-01
1.303743285762512642e+03 1.000072727794942606e+00 4.999996424042232358e-04 9.999992848084465757e-01
1.303751983401502230e+03 1.000223404705533614e+00 4.999996369076845732e-04 9.999992738153691274e-01
1.303760681098516670e+03 9.990322091730885479e-01 4.999996310963998516e-04 9.999992621927997760e-01
1.303769378853555509e+03 9.993020794650436800e-01 4.999996249536447102e-04 9.999992499072893892e-01
1.303778076666619654e+03 9.993107497713317189e-01 4.999996184614035038e-04 9.999992369228069000e-01
1.303786774537709562e+03 9.999958009847086382e-01 4.999996116002553524e-04 9.999992232005107118e-01
1.303795472466825004e+03 9.999690271726067170e-01 4.999996043492456639e-04 9.999992086984912376e-01
1.303804170453967117e+03 9.994460387171999471e-01 4.999995966857430189e-04 9.999991933714861281e-01
1.303812868499135902e+03 9.999369468218091139e-01 4.999995885852836965e-04 9.999991771705672994e-01
1.303821566602331586e+03 1.000222355483521008e+00 4.999995800213926722e-04 9.999991600427854399e-01
1.303830264763555078e+03 9.998855927439085356e-01 4.999995709653910639e-04 9.999991419307822094e-01
1.303838962982806152e+03 9.999334471718497319e-01 4.999995613861744122e-04 9.999991227723488141e-01
1.303847661260085715e+03 9.998881715951198901e-01 4.999995512499692775e-04 9.999991024999385081e-01
1.303856359595393769e+03 1.000663508487391606e+00 4.999995405200585025e-04 9.999990810401169217e-01
1.303865057988730996e+03 1.000233126750134760e+00 4.999995291564724321e-04 9.999990583129448884e-01
1.303873756440097850e+03 1.000009209183080783e+00 4.999995171156424020e-04 9.999990342312848890e-01
1.303882454949494104e+03 9.998534867380023394e-01 4.999995043500096671e-04 9.999990087000192318e-01
1.303891153516920667e+03 1.000433083690652758e+00 4.999994908075820711e-04 9.999989816151642064e-01
1.303899852142378222e+03 9.997296736962443253e-01 4.999994764314354221e-04 9.999989528628707713e-01
1.303908550825866314e+03 9.999654146862759774e-01 4.999994611591437443e-04 9.999989223182875753e-01
1.303917249567385852e+03 1.000090222745709134e+00 4.999994449221335270e-04 9.999988898442671026e-01
1.303925948366937291e+03 1.000290233459055766e+00 4.999994276449466844e-04 9.999988552898934069e-01
1.303934647224520859e+03 9.997640027708711852e-01 4.999994092443967204e-04 9.999988184887934617e-01
1.303943346140137010e+03 9.995628721805041028e-01 4.999993896286034642e-04 9.999987792572069267e-01
1.303952045113785971e+03 1.000014982863929758e+00 4.999993686958814371e-04 9.999987373917628153e-01
1.303960744145468198e+03 1.000268820069302844e+00 4.999993463334586512e-04 9.999986926669173215e-01
1.303969443235183917e+03 9.985768151813583238e-01 4.999993224159961312e-04 9.999986448319923005e-01
1.303978142382934266e+03 1.000142515142761646e+00 4.999992968038688033e-04 9.999985936077375737e-01
1.303986841588718562e+03 9.998150089779636041e-01 4.999992693411650342e-04 9.999985386823301292e-01
1.303995540852537943e+03 1.000749280244823014e+00 4.999992398533511509e-04 9.999984797067023035e-01
1.304004240174392635e+03 9.999518939541784945e-01 4.999992081445328541e-04 9.999984162890657169e-01
1.304012939554282639e+03 1.000123117007105877e+00 4.999991739942326449e-04 9.999983479884653192e-01
1.304021638992208864e+03 1.000254248608955621e+00 4.999991371535840575e-04 9.999982743071680336e-01
1.304030338488171537e+03 9.999340156142030311e-01 4.999990973408153074e-04 9.999981946816305367e-01
1.304039038042171114e+03 1.001159705734531613e+00 4.999990542358692626e-04 9.999981084717385338e-01
1.304047737654207822e+03 1.001092430053090787e+00 4.999990074739617653e-04 9.999980149479235081e-01
1.304056437324282115e+03 1.000209647994027673e+00 4.999989566378320802e-04 9.999979132756642297e-01
1.304065137052394221e+03 1.000839819985052337e+00 4.999989012483721344e-04 9.999978024967441925e-01
1.304073836838544594e+03 1.000371157632019337e+00 4.999988407532289514e-04 9.999976815064579583e-01
1.304082536682733689e+03 1.000249910041256074e+00 4.999987745128649545e-04 9.999975490257299038e-01
1.304091236584962189e+03 1.000187819172425829e+00 4.999987017833980828e-04 9.999974035667961170e-01
1.304099936545229866e+03 9.999762191127434807e-01 4.999986216953374420e-04 9.999972433906748615e-01
1.304108636563537630e+03 9.997807004108510975e-01 4.999985332270444208e-04 9.999970664540889231e-01
1.304117336639885480e+03 1.000276849420535630e+00 4.999984351713527078e-04 9.999968703427054573e-01
1.304126036774274098e+03 1.000295919547227852e+00 4.999983260932369189e-04 9.999966521864738223e-01
1.304134736966703940e+03 1.000264400462076209e+00 4.999982042756474830e-04 9.999964085512950129e-01
1.304143437217174778e+03 9.999381781491744059e-01 4.999980676495248497e-04 9.999961352990496266e-01
1.304152137525687749e+03 9.998163578037000399e-01 4.999979137024153407e-04 9.999958274048307283e-01
1.304160837892242853e+03 1.000046382456368121e+00 4.999977393577559716e-04 9.999954787155118652e-01
1.304169538316840772e+03 1.000873674867275076e+00 4.999975408133724552e-04 9.999950816267449971e-01
1.304178238799481505e+03 9.992696471031167205e-01 4.999973133223432941e-04 9.999946266446866350e-01
1.304186939340165509e+03 1.000102680819503709e+00 4.999970508909447418e-04 9.999941017818894107e-01
1.304195639938893464e+03 9.994292640912589842e-01 4.999967458548666395e-04 9.999934917097332843e-01
1.304204340595665599e+03 1.000572037982683904e+00 4.999963882725112036e-04 9.999927765450224992e-01
1.304213041310482140e+03 9.993540917749176300e-01 4.999959650358194166e-04 9.999919300716388904e-01
1.304221742083343543e+03 1.000764035796335660e+00 4.999954585287886546e-04 9.999909170575772555e-01
1.304230442914250261e+03 1.000171875760859974e+00 4.999948445066498565e-04 9.999896890132997651e-01
1.304239143803202751e+03 9.992612818214688941e-01 4.999940882685363847e-04 9.999881765370728370e-01
1.304247844750201466e+03 1.000225909041877026e+00 4.999931342763286714e-04 9.999862685526572648e-01
1.304256545755246407e+03 1.000182773391572688e+00 4.999918559586219923e-04 9.999837119172440003e-01
1.304265246818338255e+03 9.996090046289678455e-01 4.999897513350748304e-04 9.999795026701496781e-01
1.304273947939477466e+03 9.998457726726646122e-01 4.999842262032020866e-04 9.999684524064040847e-01
1.304282649118664267e+03 9.993267064303154035e-01 4.999624383472439822e-04 9.999248766944879296e-01
1.304291350355899112e+03 1.000248475767091527e+00 4.998698536831816617e-04 9.997397073663633060e-01
1.304300051651182002e+03 9.994372436752875233e-01 4.995149015659304742e-04 9.990298031318609606e-01
1.304308753004514301e+03 9.970727046200752453e-01 4.983530243034396765e-04 9.967060486068792802e-01
1.304317454415895327e+03 9.900491715805077586e-01 4.951651407338675866e-04 9.903302814677352739e-01
1.304326155885325988e+03 9.760642701141322153e-01 4.879052598844208530e-04 9.758105197688416999e-01
1.304334857412806741e+03 9.486346789158421888e-01 4.743082382571423678e-04 9.486164765142847122e-01
1.304343558998338040e+03 9.065943083172792738e-01 4.536364034852269377e-04 9.072728069704538711e-01
1.304352260641919429e+03 8.582332750106036467e-01 4.287543268253037943e-04 8.575086536506075774e-01
1.304360962343552501e+03 8.129810428718059478e-01 4.064884875778093870e-04 8.129769751556187307e-01
1.304369664103236801e+03 7.901668943814096346e-01 3.948830939646732889e-04 7.897661879293466081e-01
1.304378365920973238e+03 7.974707291952022326e-01 3.986591387502620319e-04 7.973182775005240863e-01
1.304387067796761585e+03 8.333570291039207323e-01 4.162459144094209410e-04 8.324918288188418725e-01
1.304395769730602979e+03 8.818097571624183839e-01 4.407869771947575438e-04 8.815739543895151353e-01
1.304404471722496965e+03 9.289638085074078955e-01 4.642963201778901698e-04 9.285926403557803743e-01
1.304413173772444907e+03 9.635552984181091629e-01 4.816912189905457695e-04 9.633824379810915772e-01
1.304421875880446350e+03 9.845293407257093010e-01 4.920281209944433456e-04 9.840562419888867485e-01
1.304430578046502205e+03 9.930594678541712073e-01 4.970497175644702495e-04 9.940994351289405007e-01
1.304439280270612471e+03 9.979819450347060528e-01 4.990651872431322742e-04 9.981303744862645155e-01
1.304447982552778058e+03 9.987745887424533953e-01 4.997395124999991656e-04 9.994790249999983001e-01
1.304456684892998510e+03 9.999364276603486257e-01 4.999299157318427616e-04 9.998598314636856221e-01
1.304465387291274965e+03 9.997441020627132469e-01 4.999766663088224192e-04 9.999533326176447412e-01
1.304474089747607650e+03 9.994914662546937612e-01 4.999876805937191002e-04 9.999753611874382386e-01
1.304482792261997020e+03 9.998827736818783896e-01 4.999909414576754517e-04 9.999818829153508393e-01
1.304491494834443074e+03 1.000561852116101269e+00 4.999925329256527107e-04 9.999850658513054213e-01
1.304500197464946496e+03 1.000001165481357202e+00 4.999936318169318980e-04 9.999872636338638099e-01
1.304508900153507511e+03 9.989276725521505362e-01 4.999944833812454284e-04 9.999889667624908274e-01
1.304517602900126803e+03 9.992623459966383237e-01 4.999951676184901999e-04 9.999903352369804432e-01
1.304526305704804599e+03 1.000226822312349162e+00 4.999957278595698563e-04 9.999914557191396103e-01
1.304535008567541126e+03 1.000590611584884382e+00 4.999961931493598433e-04 9.999923862987196710e-01
1.304543711488337067e+03 9.995686558701032398e-01 4.999965842375104228e-04 9.999931684750208438e-01
1.304552414467192420e+03 9.999537810519127934e-01 4.999969163859850543e-04 9.999938327719700704e-01
1.304561117504107870e+03 1.000013870645587666e+00 4.999972010597496502e-04 9.999944021194991928e-01
1.304569820599083641e+03 1.000884801327148965e+00 4.999974470248645707e-04 9.999948940497290772e-01
1.304578523752120418e+03 1.000191168358222971e+00 4.999976610872006785e-04 9.999953221744013465e-01
1.304587226963218427e+03 1.000656635280326112e+00 4.999978486023942638e-04 9.999956972047885362e-01
1.304595930232377668e+03 1.000380345114792568e+00 4.999980138356248990e-04 9.999960276712498430e-01
1.304604633559599051e+03 1.001235350484160902e+00 4.999981602202933917e-04 9.999963204405867279e-01
1.304613336944882803e+03 9.995832413307725872e-01 4.999982905471454580e-04 9.999965810942910149e-01
1.304622040388229379e+03 9.999472272616405366e-01 4.999984071046210433e-04 9.999968142092420242e-01
1.304630743889639007e+03 1.000725737434096541e+00 4.999985117844127878e-04 9.999970235688255826e-01
1.304639447449112140e+03 9.999810875367618479e-01 4.999986061618306695e-04 9.999972123236613442e-01
1.304648151066649234e+03 9.996752410912247422e-01 4.999986915576648452e-04 9.999973831153295967e-01
1.304656854742250516e+03 9.999389532526034019e-01 4.999987690862926770e-04 9.999975381725854096e-01
1.304665558475916441e+03 1.000476407582114646e+00 4.999988396934387834e-04 9.999976793868775582e-01
1.304674262267647464e+03 9.990975511629204275e-01 4.999989041860703962e-04 9.999978083721406952e-01
1.304682966117444039e+03 9.999350798417444564e-01 4.999989632562552291e-04 9.999979265125105155e-01
1.304691670025306394e+03 1.000126730292296484e+00 4.999990175003445926e-04 9.999980350006891783e-01
1.304700373991234983e+03 1.000302360935690693e+00 4.999990674345025296e-04 9.999981348690051286e-01
1.304709078015230261e+03 1.001020730699481387e+00 4.999991135073623581e-04 9.999982270147246277e-01
1.304717782097292229e+03 9.991140496475281463e-01 4.999991561104004259e-04 9.999983122208009334e-01
1.304726486237421796e+03 1.001475180785069918e+00 4.999991955864923092e-04 9.999983911729846131e-01
1.304735190435618961e+03 9.995826736610423646e-01 4.999992322370036026e-04 9.999984644740071982e-01
1.304743894691884634e+03 9.993984515895495413e-01 4.999992663276994721e-04 9.999985326553989529e-01
1.304752599006218588e+03 9.999271695662976800e-01 4.999992980936914357e-04 9.999985961873829599e-01
1.304761303378621733e+03 1.000455011379027814e+00 4.999993277435986396e-04 9.999986554871973521e-01
1.304770007809093840e+03 1.000681843002133808e+00 4.999993554630616493e-04 9.999987109261232465e-01
1.304778712297636048e+03 9.987443948504396429e-01 4.999993814177235716e-04 9.999987628354471969e-01
1.304787416844248128e+03 9.996568678646562400e-01 4.999994057557677384e-04 9.999988115115355791e-01
1.304796121448930535e+03 9.989992096890697448e-01 4.999994286100865448e-04 9.999988572201730097e-01
1.304804826111684179e+03 9.999751524889275434e-01 4.999994501001420481e-04 9.999989002002840355e-01
1.304813530832508832e+03 9.994171748683277068e-01 4.999994703335660338e-04 9.999989406671321301e-01
1.304822235611404949e+03 1.001447880385341938e+00 4.999994894075432406e-04 9.999989788150864811e-01
1.304830940448373440e+03 9.987511772395341048e-01 4.999995074100062591e-04 9.999990148200124107e-01
1.304839645343414304e+03 9.990951266029061140e-01 4.999995244206770174e-04 9.999990488413539325e-01
1.304848350296527769e+03 9.996129181477541037e-01 4.999995405119707879e-04 9.999990810239415273e-01
1.304857055307714745e+03 1.000932994183467928e+00 4.999995557497878725e-04 9.999991114995756547e-01
1.304865760376975231e+03 9.992190333915724754e-01 4.999995701942056480e-04 9.999991403884112007e-01
1.304874465504309455e+03 1.000573188829259053e+00 4.999995839000865878e-04 9.999991678001732831e-01
1.304883170689718327e+03 9.995616716254900336e-01 4.999995969176141818e-04 9.999991938352283949e-01
1.304891875933201845e+03 1.001080043184567225e+00 4.999996092927634812e-04 9.999992185855269833e-01
1.304900581234760466e+03 1.000262926051130874e+00 4.999996210677193830e-04 9.999992421354386707e-01
1.304909286594394416e+03 9.993012563694128048e-01 4.999996322812459097e-04 9.999992645624917742e-01
1.304917992012104605e+03 9.998834398329407014e-01 4.999996429690146136e-04 9.999992859380292254e-01
1.304926697487890806e+03 1.000496467926224486e+00 4.999996531638964447e-04 9.999993063277929917e-01
1.304935403021753928e+03 9.995948144002808622e-01 4.999996628962222840e-04 9.999993257924446599e-01
1.304944108613693970e+03 1.000061263226331931e+00 4.999996721940149630e-04 9.999993443880299537e-01
1.304952814263711616e+03 1.000267069854535285e+00 4.999996810831975388e-04 9.999993621663950671e-01
1.304961519971806865e+03 9.999240604423006440e-01 4.999996895877796685e-04 9.999993791755592554e-01
1.304970225737980400e+03 9.992166143768866915e-01 4.999996977300247931e-04 9.999993954600496782e-01
1.304978931562232674e+03 1.000124259734549881e+00 4.999997055306010588e-04 9.999994110612021592e-01
1.304987637444563916e+03 9.998607281327761553e-01 4.999997130087161911e-04 9.999994260174324134e-01
1.304996343384974580e+03 1.000900164211653065e+00 4.999997201822406609e-04 9.999994403644812957e-01
1.305005049383465121e+03 9.996871531788781295e-01 4.999997270678170798e-04 9.999994541356340694e-01
1.305013755440035766e+03 9.995188741738122440e-01 4.999997336809609231e-04 9.999994673619218011e-01
1.305022461554686743e+03 9.989889237488095430e-01 4.999997400361511687e-04 9.999994800723024380e-01
1.305031167727418733e+03 1.001012507537969665e+00 4.999997461469124797e-04 9.999994922938248987e-01
1.305039873958232420e+03 1.000107945559494338e+00 4.999997520258890387e-04 9.999995040517781764e-01
1.305048580247127575e+03 1.000040003328014793e+00 4.999997576849135031e-04 9.999995153698270078e-01
1.305057286594104880e+03 9.999004551903706295e-01 4.999997631350684788e-04 9.999995262701369958e-01
1.305065992999164564e+03 1.000081716423727674e+00 4.999997683867434418e-04 9.999995367734868523e-01
1.305074699462307080e+03 9.994702381620466092e-01 4.999997734496849358e-04 9.999995468993698733e-01
1.305083405983533112e+03 1.000343232638646329e+00 4.999997783330455787e-04 9.999995566660910828e-01
1.305092112562842658e+03 9.995820785019109422e-01 4.999997830454256959e-04 9.999995660908513884e-01
1.305100819200236174e+03 1.000280912519829313e+00 4.999997875949136524e-04 9.999995751898274055e-01
1.305109525895714341e+03 9.995781837056726404e-01 4.999997919891218485e-04 9.999995839782436224e-01
1.305118232649277161e+03 1.001019997242180715e+00 4.999997962352197879e-04 9.999995924704396799e-01
1.305126939460925314e+03 1.000273524522977464e+00 4.999998003399653028e-04 9.999996006799305448e-01
1.305135646330659029e+03 1.000725403646054446e+00 4.999998043097320924e-04 9.999996086194642420e-01
1.305144353258478532e+03 9.998824849416663163e-01 4.999998081505359609e-04 9.999996163010719252e-01
1.305153060244384505e+03 9.996076223143004480e-01 4.999998118680586698e-04 9.999996237361173934e-01
1.305161767288377405e+03 1.000211882043233302e+00 4.999998154676700557e-04 9.999996309353400559e-01
1.305170474390457230e+03 1.000648421385665232e+00 4.999998189544484131e-04 9.999996379088968990e-01
1.305179181550624889e+03 1.000175187609036120e+00 4.999998223331992512e-04 9.999996446663985683e-01
1.305187888768879930e+03 9.998655299707920330e-01 4.999998256084727498e-04 9.999996512169454510e-01
1.305196596045223714e+03 9.997523011357526412e-01 4.999998287845799135e-04 9.999996575691598721e-01
1.305205303379656243e+03 9.997283638746258250e-01 4.999998318656079677e-04 9.999996637312158487e-01
1.305214010772177517e+03 9.999787861634700237e-01 4.999998348554328268e-04 9.999996697108656241e-01
1.305222718222788444e+03 1.001018670268082777e+00 4.999998377577342728e-04 9.999996755154686445e-01
1.305231425731489253e+03 1.000008619897351902e+00 4.999998405760060390e-04 9.999996811520119877e-01
1.305240133298280170e+03 1.000627599942091939e+00 4.999998433135673017e-04 9.999996866271345652e-01
1.305248840923162106e+03 9.999223814360628237e-01 4.999998459735738483e-04 9.999996919471476620e-01
1.305257548606134606e+03 1.000170747974370000e+00 4.999998485590267504e-04 9.999996971180534766e-01
1.305266256347198578e+03 1.000272603658042270e+00 4.999998510727821218e-04 9.999997021455643287e-01
1.305274964146354705e+03 1.000805248738590336e+00 4.999998535175592500e-04 9.999997070351185346e-01
1.305283672003602760e+03 9.994524622968798955e-01 4.999998558959478602e-04 9.999997117918957290e-01
1.305292379918943425e+03 9.998666501771438231e-01 4.999998582104164639e-04 9.999997164208329625e-01
1.305301087892376927e+03 1.000283586879842312e+00 4.999998604633182136e-04 9.999997209266364706e-01
1.305309795923903948e+03 9.999056350183597175e-01 4.999998626568980583e-04 9.999997253137961062e-01
1.305318504013524716e+03 1.000219189802452613e+00 4.999998647932980562e-04 9.999997295865961089e-01
1.305327212161239459e+03 9.992708238367924434e-01 4.999998668745636631e-04 9.999997337491273175e-01
1.305335920367048629e+03 1.000251471194442132e+00 4.999998689026481776e-04 9.999997378052963848e-01
1.305344628630952911e+03 1.000063603113420241e+00 4.999998708794183792e-04 9.999997417588367687e-01
1.305353336952952532e+03 1.000023660279119708e+00 4.999998728066587560e-04 9.999997456133176144e-01
1.305362045333047718e+03 9.998506795447609230e-01 4.999998746860761676e-04 9.999997493721523023e-01
1.305370753771238924e+03 9.996355949792772311e-01 4.999998765193029888e-04 9.999997530386058875e-01
1.305379462267526378e+03 1.000082748495983553e+00 4.999998783079020971e-04 9.999997566158042028e-01
1.305388170821910990e+03 1.000367071351397241e+00 4.999998800533699082e-04 9.999997601067397435e-01
1.305396879434392758e+03 1.000320754397212797e+00 4.999998817571396290e-04 9.999997635142792163e-01
1.305405588104971912e+03 9.996179427630513814e-01 4.999998834205847268e-04 9.999997668411694240e-01
1.305414296833649360e+03 1.000295770087445746e+00 4.999998850450217483e-04 9.999997700900434827e-01
1.305423005620424874e+03 9.996596301434079734e-01 4.999998866317131386e-04 9.999997732634262615e-01
1.305431714465299592e+03 9.999906055116840609e-01 4.999998881818700598e-04 9.999997763637400450e-01
1.305440423368273287e+03 1.000431031552559524e+00 4.999998896966544515e-04 9.999997793933088630e-01
1.305449132329346185e+03 1.000383156965674258e+00 4.999998911771822829e-04 9.999997823543644859e-01
1.305457841348519423e+03 9.991303411761682796e-01 4.999998926245244205e-04 9.999997852490487560e-01
1.305466550425793002e+03 1.000193743770921184e+00 4.999998940397103143e-04 9.999997880794205818e-01
1.305475259561166922e+03 1.000105036231260680e+00 4.999998954237286483e-04 9.999997908474573816e-01
1.305483968754642319e+03 1.000257155099837814e+00 4.999998967775302677e-04 9.999997935550606343e-01
1.305492678006218966e+03 1.000434636346134498e+00 4.999998981020289382e-04 9.999997962040578781e-01
1.305501387315897546e+03 9.994208617908045822e-01 4.999998993981039476e-04 9.999997987962079282e-01
1.305510096683678512e+03 9.999308561053003030e-01 4.999999006666010822e-04 9.999998013332020985e-01
1.305518806109561865e+03 1.000846317490706960e+00 4.999999019083343609e-04 9.999998038166687531e-01
1.305527515593548515e+03 1.001002618184566595e+00 4.999999031240875535e-04 9.999998062481750827e-01
1.305536225135638688e+03 9.993512296435275166e-01 4.999999043146158067e-04 9.999998086292315458e-01
1.305544934735832385e+03 9.999995156961876130e-01 4.999999054806455361e-04 9.999998109612910913e-01
1.305553644394130288e+03 1.000659402016286448e+00 4.999999066228778951e-04 9.999998132457557087e-01
1.305562354110532851e+03 1.000122593860169662e+00 4.999999077419879081e-04 9.999998154839758735e-01
1.305571063885040303e+03 1.000510454149466488e+00 4.999999088386267469e-04 9.999998176772535441e-01
1.305579773717653325e+03 9.995260710434253904e-01 4.999999099134223813e-04 9.999998198268447158e-01
1.305588483608371916e+03 1.000592914723676952e+00 4.999999109669802299e-04 9.999998219339604200e-01
1.305597193557196761e+03 1.000364515303225454e+00 4.999999119998848945e-04 9.999998239997698324e-01
1.305605903564127857e+03 1.000070875909943924e+00 4.999999130127002686e-04 9.999998260254006066e-01
1.305614613629166115e+03 9.998365968350165778e-01 4.999999140059711638e-04 9.999998280119424265e-01
1.305623323752311535e+03 9.997580467214974842e-01 4.999999149802234182e-04 9.999998299604468954e-01
1.305632033933565026e+03 1.000182147617530104e+00 4.999999159359648721e-04 9.999998318719297563e-01
1.305640744172926134e+03 9.997658270269004221e-01 4.999999168736863437e-04 9.999998337473726684e-01
1.305649454470395995e+03 9.992728286651377800e-01 4.999999177938619548e-04 9.999998355877239842e-01
1.305658164825974609e+03 1.000407875755793485e+00 4.999999186969505396e-04 9.999998373939010810e-01
1.305666875239662431e+03 9.996556456095863075e-01 4.999999195833949948e-04 9.999998391667899167e-01
1.305675585711459917e+03 9.988655649571338557e-01 4.999999204536240138e-04 9.999998409072480277e-01
1.305684296241367292e+03 1.000483030767823189e+00 4.999999213080524125e-04 9.999998426161047504e-01
1.305693006829385240e+03 1.000436420687494943e+00 4.999999221470813457e-04 9.999998442941626653e-01
1.305701717475513988e+03 9.995823731038608884e-01 4.999999229710988492e-04 9.999998459421977071e-01
1.305710428179753535e+03 9.997868808429096754e-01 4.999999237804811413e-04 9.999998475609622739e-01
1.305719138942105019e+03 9.999169234789256899e-01 4.999999245755917549e-04 9.999998491511835619e-01
1.305727849762568439e+03 9.991346944601419144e-01 4.999999253567833811e-04 9.999998507135666737e-01
1.305736560641144024e+03 9.999810467372053369e-01 4.999999261243970013e-04 9.999998522487940633e-01
1.305745271577832455e+03 9.994650760128925837e-01 4.999999268787635141e-04 9.999998537575270907e-01
1.305753982572633959e+03 9.997427375970703300e-01 4.999999276202034097e-04 9.999998552404069097e-01
1.305762693625549218e+03 1.000128589415153035e+00 4.999999283490269867e-04 9.999998566980540238e-01
1.305771404736578006e+03 1.000239122212530196e+00 4.999999290655357618e-04 9.999998581310715062e-01
1.305780115905721232e+03 1.000052961395244910e+00 4.999999297700213853e-04 9.999998595400427792e-01
1.305788827132979122e+03 9.997558563161820233e-01 4.999999304627669424e-04 9.999998609255339455e-01
1.305797538418352133e+03 1.001138353571441764e+00 4.999999311440471699e-04 9.999998622880943433e-01
1.305806249761840263e+03 9.993754231200852045e-01 4.999999318141285648e-04 9.999998636282571018e-01
1.305814961163444423e+03 1.000588693098409587e+00 4.999999324732694924e-04 9.999998649465389189e-01
1.305823672623165066e+03 1.000389888039039388e+00 4.999999331217213792e-04 9.999998662434427255e-01
1.305832384141001967e+03 9.995628817172156344e-01 4.999999337597273033e-04 9.999998675194545772e-01
1.305841095716956033e+03 9.999844625078592175e-01 4.999999343875239461e-04 9.999998687750479842e-01
1.305849807351027493e+03 9.994501463940710373e-01 4.999999350053413753e-04 9.999998700106826899e-01
1.305858519043216347e+03 1.000698296981243018e+00 4.999999356134022859e-04 9.999998712268045598e-01
1.305867230793523731e+03 1.001346624868611146e+00 4.999999362119235185e-04 9.999998724238470249e-01
1.305875942601949646e+03 9.997163784393527930e-01 4.999999368011157335e-04 9.999998736022315260e-01
1.305884654468494318e+03 9.994295384216749234e-01 4.999999373811835198e-04 9.999998747623670692e-01
1.305893366393158431e+03 9.999402964687320594e-01 4.999999379523260455e-04 9.999998759046521135e-01
1.305902078375942210e+03 9.996348422815778401e-01 4.999999385147316363e-04 9.999998770294633577e-01
1.305910790416846112e+03 1.000157136029862226e+00 4.999999390678826943e-04 9.999998781357654076e-01
1.305919502515870590e+03 9.995583320893747237e-01 4.999999395467554951e-04 9.999998790935109572e-01
1.305928214673015873e+03 9.997050055234539823e-01 4.999999361617404620e-04 9.999998723234808651e-01
1.305936926888282187e+03 1.000030841974006268e+00 4.999997897647841640e-04 9.999995795295684164e-01
1.305945639161670442e+03 1.000416112644253008e+00 4.999962610441081520e-04 9.999925220882163179e-01
1.305954351493180411e+03 9.999020584570316172e-01 4.999414451583944702e-04 9.998828903167890081e-01
1.305963063882813003e+03 9.983050236503232533e-01 4.993861515538702486e-04 9.987723031077404556e-01
1.305971776330568446e+03 9.909345785828918007e-01 4.956867767255051594e-04 9.913735534510103031e-01
1.305980488836446966e+03 9.588367594831301854e-01 4.793586267609138804e-04 9.587172535218277947e-01
1.305989201400449247e+03 8.630842193917842575e-01 4.313261241289472977e-04 8.626522482578945494e-01
1.305997914022575515e+03 6.732716382047116976e-01 3.367526238136931424e-04 6.735052476273862831e-01
