1.300878400450068511e+03 1.060150921621068498e+00 5.477223223748166336e-02 -9.999999999000000000e+09
1.300889248608233856e+03 1.074443301152594454e+00 5.477223200476798171e-02 -9.999999999000000000e+09
1.300900096856862774e+03 9.854423433249992481e-01 5.477223176610739042e-02 -9.999999999000000000e+09
1.300910945195956629e+03 1.037612364679804777e+00 5.477223152129415823e-02 -9.999999999000000000e+09
1.300921793625515875e+03 1.019228206019509697e+00 5.477223127011350556e-02 -9.999999999000000000e+09
1.300932642145541195e+03 9.662062932239808832e-01 5.477223101234125757e-02 -9.999999999000000000e+09
1.300943490756033498e+03 9.851164957799611877e-01 5.477223074774318495e-02 -9.999999999000000000e+09
1.300954339456993694e+03 1.039654629468108382e+00 5.477223047607455986e-02 -9.999999999000000000e+09
1.300965188248421782e+03 9.326339755079846583e-01 5.477223019707958690e-02 -9.999999999000000000e+09
1.300976037130319355e+03 1.018161390858383308e+00 5.477222991049070927e-02 -9.999999999000000000e+09
1.300986886102687095e+03 9.831390388845745454e-01 5.477222961602807444e-02 -9.999999999000000000e+09
1.300997735165525228e+03 1.068676198079509865e+00 5.477222931339874312e-02 -9.999999999000000000e+09
1.301008584318834892e+03 1.054562706073965073e+00 5.477222900229600233e-02 9.988281371399251318e-01
1.301019433562616541e+03 1.045550061216066640e+00 5.477222868239858128e-02 9.988281285944375920e-01
1.301030282896871540e+03 9.938216517498265068e-01 5.477222835336979789e-02 9.988281198048778453e-01
1.301041132321600116e+03 1.025375721398487761e+00 5.477222801485663595e-02 9.988281107618054433e-01
1.301051981836803179e+03 1.078985698159643070e+00 5.477222766648887076e-02 9.988281014553188619e-01
1.301062831442481183e+03 9.696900424463804624e-01 5.477222730787793120e-02 9.988280918750267467e-01
1.301073681138635266e+03 9.941478796247102956e-01 5.477222693861589359e-02 9.988280820100191582e-01
1.301084530925266336e+03 1.006399264178175157e+00 5.477222655827428122e-02 9.988280718488362631e-01
1.301095380802374621e+03 1.103816330428342374e+00 5.477222616640278069e-02 9.988280613794339180e-01
1.301106230769961257e+03 9.700049265231276419e-01 5.477222576252793046e-02 9.988280505891491412e-01
1.301117080828026928e+03 1.017350605955653409e+00 5.477222534615164978e-02 9.988280394646595894e-01
1.301127930976572088e+03 1.065592770642606713e+00 5.477222491674973298e-02 9.988280279919428128e-01
1.301138781215598101e+03 1.057709249976462207e+00 5.477222447377009390e-02 9.988280161562326231e-01
1.301149631545105194e+03 9.757229055450361566e-01 5.477222401663107282e-02 9.988280039419684675e-01
1.301160481965094277e+03 9.402494192728148015e-01 5.477222354471941723e-02 9.988279913327468007e-01
1.301171332475566032e+03 9.511646551765495783e-01 5.477222305738827651e-02 9.988279783112627985e-01
1.301182183076521369e+03 9.892112611670648148e-01 5.477222255395489819e-02 9.988279648592521820e-01
1.301193033767961197e+03 9.372573949996778619e-01 5.477222203369828957e-02 9.988279509574259363e-01
1.301203884549885970e+03 1.053208414625358191e+00 5.477222149585651845e-02 9.988279365853998115e-01
1.301214735422296144e+03 1.033292070561668607e+00 5.477222093962393762e-02 9.988279217216196049e-01
1.301225586385193310e+03 1.047050701376070592e+00 5.477222036414819417e-02 9.988279063432797811e-01
1.301236437438577468e+03 9.509673597731798100e-01 5.477221976852682250e-02 9.988278904262337665e-01
1.301247288582449755e+03 1.062470687535217451e+00 5.477221915180376793e-02 9.988278739449001353e-01
1.301258139816810854e+03 9.985528662702181091e-01 5.477221851296543847e-02 9.988278568721571382e-01
1.301268991141661672e+03 1.049342188686902544e+00 5.477221785093652762e-02 9.988278391792309030e-01
1.301279842557002894e+03 1.001997894837622693e+00 5.477221716457550404e-02 9.988278208355729770e-01
1.301290694062834746e+03 9.830959227845562642e-01 5.477221645266952543e-02 9.988278018087269894e-01
1.301301545659158592e+03 9.580855015742545389e-01 5.477221571392911631e-02 9.988277820641833227e-01
1.301312397345975114e+03 1.033065494898495640e+00 5.477221494698227694e-02 9.988277615652223496e-01
1.301323249123284995e+03 9.875301416147962419e-01 5.477221415036799546e-02 9.988277402727407939e-01
1.301334100991088690e+03 9.852247356500283271e-01 5.477221332252926039e-02 9.988277181450647690e-01
1.301344952949387334e+03 9.939033831068717628e-01 5.477221246180538627e-02 9.988276951377422774e-01
1.301355804998181839e+03 1.037022229643209226e+00 5.477221156642361755e-02 9.988276712033197224e-01
1.301366657137472430e+03 9.358457999547091788e-01 5.477221063448988597e-02 9.988276462910941067e-01
1.301377509367260018e+03 1.019319017083812451e+00 5.477220966397870067e-02 9.988276203468418046e-01
1.301388361687545739e+03 1.031493226014552844e+00 5.477220865272208056e-02 9.988275933125205786e-01
1.301399214098330049e+03 1.096696207012085145e+00 5.477220759839731418e-02 9.988275651259437282e-01
1.301410066599613401e+03 9.462762870227908740e-01 5.477220649851349821e-02 9.988275357204174920e-01
1.301420919191397161e+03 1.018130904441323148e+00 5.477220536369674375e-02 9.988275055453692541e-01
1.301431771873681782e+03 9.932139153598109615e-01 5.477220631495485770e-02 9.988275468874392438e-01
1.301442624646467721e+03 8.783444046408258599e-01 5.477233295214032488e-02 9.988316877305146724e-01
1.301453477509756567e+03 1.037917316271132373e+00 5.477623097205307906e-02 9.989536718544260729e-01
1.301464330463548322e+03 1.023046930442315094e+00 5.483772956560631351e-02 1.000802285364254196e+00
1.301475183507843894e+03 1.073277064647542467e+00 5.534431428179500262e-02 1.015433174860526089e+00
1.301486036642643967e+03 1.133549302343342058e+00 5.755239385726490520e-02 1.076366078829204875e+00
1.301496889867949676e+03 1.227478080131449767e+00 6.270205730786211629e-02 1.210688695692858641e+00
1.301507743183761477e+03 1.369928954159088885e+00 6.909982166002852366e-02 1.367987875497222339e+00
1.301518596590080278e+03 1.361944940131827098e+00 7.328333914505062718e-02 1.465915646393775251e+00
1.301529450086906763e+03 1.642016396999365968e+00 7.471704446254891219e-02 1.498253631143808384e+00
1.301540303674241613e+03 1.608640284733562575e+00 7.497452315029679015e-02 1.503890430747196749e+00
1.301551157352085283e+03 1.441983804627872123e+00 7.499868677324442179e-02 1.504405523450645710e+00
1.301562011120439365e+03 1.425386302827097218e+00 7.499986138399052094e-02 1.504429934249293277e+00
1.301572864979303858e+03 1.413124333233472862e+00 7.499988727545010836e-02 1.504430444522673049e+00
1.301583718928679900e+03 1.475685781734821678e+00 7.499988372762188271e-02 1.504430355745480341e+00
1.301594572968568173e+03 1.388011444215994761e+00 7.499987957947848449e-02 1.504430254012456336e+00
1.301605427098969358e+03 1.550547313672044014e+00 7.499987518817574639e-02 1.504430146309433169e+00
1.301616281319884365e+03 1.406063201459465395e+00 7.499987053426324102e-02 1.504430032158307062e+00
1.301627135631313649e+03 1.544029283591803914e+00 7.499986559630206218e-02 1.504429911032033385e+00
1.301637990033258120e+03 1.514644844030796023e+00 7.499986035061526057e-02 1.504429782348474909e+00
1.301648844525718687e+03 1.523653955865293952e+00 7.499985477100101772e-02 1.504429645463330578e+00
1.301659699108696032e+03 1.494819520681142100e+00 7.499984882840175782e-02 1.504429499661979808e+00
1.301670553782190837e+03 1.488353082127954696e+00 7.499984249052175922e-02 1.504429344150045589e+00
1.301681408546203784e+03 1.450649605704216416e+00 7.499983572138307908e-02 1.504429178042444804e+00
1.301692263400735555e+03 1.596068856812973724e+00 7.499982848080899434e-02 1.504429000350639090e+00
1.301703118345787288e+03 1.410280210759874198e+00 7.499982072382044285e-02 1.504428809967738534e+00
1.301713973381359665e+03 1.537798568796469256e+00 7.499981239992867255e-02 1.504428605651038087e+00
1.301724828507453140e+03 1.623403233608735619e+00 7.499980345230283785e-02 1.504428386001459561e+00
1.301735683724068622e+03 1.483866672748818560e+00 7.499979381678670287e-02 1.504428149439259510e+00
1.301746539031206567e+03 1.468200772858124781e+00 7.499978342073232440e-02 1.504427894175206504e+00
1.301757394428868565e+03 1.432870133164708237e+00 7.499977218161042736e-02 1.504427618176226389e+00
1.301768249917054618e+03 1.448638490688189506e+00 7.499976000534717968e-02 1.504427319124267637e+00
1.301779105495765634e+03 1.573166440463867000e+00 7.499974678432387576e-02 1.504426994366809822e+00
1.301789961165002524e+03 1.515171173172887631e+00 7.499973239495862087e-02 1.504426640856999509e+00
1.301800816924765741e+03 1.369756902238127516e+00 7.499971669476687697e-02 1.504426255080857366e+00
1.301811672775056422e+03 1.426514923532447909e+00 7.499969951876798990e-02 1.504425832968232957e+00
1.301822528715875251e+03 1.642639009597147925e+00 7.499968067506494751e-02 1.504425369783213950e+00
1.301833384747222681e+03 1.707345231450096534e+00 7.499965993937156294e-02 1.504424859988358953e+00
1.301844240869099622e+03 1.647240259118570194e+00 7.499963704818921051e-02 1.504424297075306782e+00
1.301855097081506983e+03 1.483225652298111985e+00 7.499961169023607044e-02 1.504423673351847013e+00
1.301865953384445447e+03 1.402465963391699155e+00 7.499958349559467108e-02 1.504422979672088045e+00
1.301876809777915469e+03 1.575471317990390085e+00 7.499955202185168424e-02 1.504422205091525022e+00
1.301887666261918412e+03 1.382821218353117887e+00 7.499951673623055093e-02 1.504421336421942978e+00
1.301898522836454731e+03 1.529345120454592477e+00 7.499947699232546727e-02 1.504420357651179430e+00
1.301909379501525109e+03 1.543362385196449083e+00 7.499943199947133043e-02 1.504419249178285511e+00
1.301920236257130000e+03 1.387772446817116867e+00 7.499938078193307822e-02 1.504417986793023410e+00
1.301931093103270541e+03 1.434191394903803651e+00 7.499932212381096863e-02 1.504416540295968385e+00
1.301941950039947642e+03 1.535132191975635330e+00 7.499925449357502938e-02 1.504414871604908166e+00
1.301952807067161984e+03 1.513249736585370098e+00 7.499917593901581081e-02 1.504412932113279311e+00
1.301963664184914023e+03 1.488356213044726539e+00 7.499908393835082177e-02 1.504410658936693679e+00
1.301974521393204668e+03 1.500194900702343626e+00 7.499897518484001380e-02 1.504407969467056461e+00
1.301985378692034601e+03 1.458325472884050011e+00 7.499884526787892192e-02 1.504404753280016882e+00
1.301996236081404732e+03 1.399101605003214566e+00 7.499868818791670388e-02 1.504400859770179011e+00
1.302007093561315742e+03 1.351046358834016248e+00 7.499849559473577287e-02 1.504396078616301757e+00
1.302017951131768314e+03 1.569681368190297022e+00 7.499825554193811916e-02 1.504390107407610255e+00
1.302028808792763357e+03 1.513441188253363823e+00 7.499795028159504662e-02 1.504382490040870435e+00
1.302039666544301326e+03 1.487014592692316617e+00 7.499755077104178214e-02 1.504372409880048167e+00
1.302050524386383586e+03 1.536010748913683388e+00 7.499698352430993198e-02 1.504357101449500522e+00
1.302061382319010363e+03 1.486426067423650910e+00 7.499580922840312636e-02 1.504317324675212619e+00
1.302072240342182340e+03 1.506858903751210566e+00 7.499045140671922738e-02 1.504107769397554417e+00
1.302083098455900881e+03 1.463712903338991955e+00 7.495613436074384517e-02 1.502835906580533010e+00
1.302093956660166214e+03 1.502099704123115220e+00 7.476355791476269053e-02 1.496370008573987942e+00
1.302104814954979020e+03 1.547611002266959135e+00 7.393139054465633353e-02 1.470978917215182813e+00
1.302115673340340436e+03 1.416203556504328276e+00 7.127113529609203912e-02 1.396202681425027681e+00
1.302126531816250917e+03 1.195923970966694672e+00 6.514779276642286565e-02 1.234251888411281861e+00
1.302137390382711374e+03 9.773052405820662480e-01 5.529640791279072376e-02 9.804747120045887998e-01
1.302148249039722714e+03 7.168336042686208609e-01 4.471682397376644524e-02 6.986179133059204904e-01
1.302159107787285166e+03 4.833961657256085620e-01 3.778968068120471674e-02 4.915909428259616076e-01
1.302169966625399866e+03 4.320364028619095853e-01 3.602105167418711423e-02 4.351731955864531765e-01
1.302180825554067951e+03 5.196227781218438757e-01 3.915601838304748339e-02 5.483373159976723255e-01
1.302191684573289422e+03 8.902137828209760739e-01 4.739177876798791877e-02 7.921007750375871348e-01
1.302202543683065414e+03 1.034664887471764549e+00 5.823396771053818838e-02 1.075350474176848703e+00
1.302213402883396611e+03 1.204619525042974759e+00 6.722184937154762618e-02 1.301193062014323054e+00
1.302224262174283695e+03 1.356131282315509390e+00 7.227225340382233132e-02 1.429942789514756285e+00
1.302235121555727574e+03 1.467854468821007785e+00 7.427363490155182435e-02 1.483339726483096754e+00
1.302245981027729385e+03 1.538645604131247513e+00 7.484884390227160289e-02 1.499727293627016511e+00
1.302256840590288675e+03 1.406611679628150036e+00 7.497217751022468291e-02 1.503530385439923567e+00
1.302267700243407489e+03 1.387966420944807044e+00 7.499294234387207658e-02 1.504223993918888835e+00
1.302278559987085828e+03 1.469386457890209385e+00 7.499626571377909778e-02 1.504337243254011636e+00
1.302289419821325055e+03 1.586456547453159116e+00 7.499716325229525971e-02 1.504363362353848377e+00
1.302300279746125170e+03 1.500559417935987794e+00 7.499767022865770627e-02 1.504376205995760163e+00
1.302311139761487311e+03 1.449592822039415418e+00 7.499804003552365539e-02 1.504385301277778808e+00
1.302321999867412615e+03 1.718676329620739907e+00 7.499832531831003568e-02 1.504392287965085728e+00
1.302332860063900853e+03 1.452173151770756787e+00 7.499855098482664795e-02 1.504397808643513024e+00
1.302343720350953845e+03 1.406135155955024585e+00 7.499873289226728634e-02 1.504402256138505312e+00
1.302354580728571818e+03 1.456714191750847709e+00 7.499888184577341299e-02 1.504405896434744649e+00
1.302365441196755455e+03 1.341337852958536248e+00 7.499900545915677563e-02 1.504408916551623454e+00
1.302376301755505665e+03 1.488212575935871307e+00 7.499910923920649619e-02 1.504411451563247404e+00
1.302387162404823357e+03 1.540523148479541193e+00 7.499919725712633767e-02 1.504413601226769481e+00
1.302398023144708759e+03 1.375680874456233882e+00 7.499927258009780884e-02 1.504415440637882018e+00
1.302408883975163462e+03 1.528753758782812167e+00 7.499933755720900042e-02 1.504417027275167573e+00
1.302419744896187694e+03 1.619572212649101672e+00 7.499939401385637139e-02 1.504418405781498880e+00
1.302430605907781910e+03 1.547496592841370644e+00 7.499944338691565127e-02 1.504419611284236291e+00
1.302441467009947473e+03 1.468082267302224686e+00 7.499948682059906502e-02 1.504420671747269012e+00
1.302452328202684612e+03 1.539232983926419163e+00 7.499952523563239992e-02 1.504421609666951598e+00
1.302463189485994462e+03 1.503128797089648971e+00 7.499955937996621858e-02 1.504422443314450408e+00
1.302474050859877707e+03 1.538865774191468638e+00 7.499958986647888015e-02 1.504423187658866956e+00
1.302484912324335255e+03 1.561478748137967276e+00 7.499961720136939791e-02 1.504423855062076987e+00
1.302495773879367334e+03 1.508948371935345145e+00 7.499964180579103690e-02 1.504424455807930272e+00
1.302506635524975081e+03 1.514626694941592966e+00 7.499966403251155656e-02 1.504424998509656497e+00
1.302517497261159633e+03 1.506897507486401722e+00 7.499968417887110939e-02 1.504425490426638090e+00
1.302528359087920762e+03 1.401890417577252856e+00 7.499970249695254998e-02 1.504425937712975170e+00
1.302539221005260060e+03 1.469721431679885670e+00 7.499971920163138461e-02 1.504426345614187532e+00
1.302550083013177755e+03 1.482460089358154098e+00 7.499973447699788409e-02 1.504426718624110038e+00
1.302560945111675210e+03 1.641926979511835860e+00 7.499974848151795548e-02 1.504427060610957767e+00
1.302571807300752425e+03 1.402779625528802532e+00 7.499976135220934315e-02 1.504427374919320881e+00
1.302582669580410766e+03 1.587359888452098078e+00 7.499977320804228353e-02 1.504427664453212188e+00
1.302593531950650913e+03 1.302927263675790481e+00 7.499978415272570698e-02 1.504427931744101610e+00
1.302604394411473550e+03 1.571388090618976552e+00 7.499979427700304013e-02 1.504428179006969124e+00
1.302615256962878675e+03 1.404387244426979597e+00 7.499980366055379599e-02 1.504428408186733623e+00
1.302626119604868563e+03 1.450800344339037817e+00 7.499981237357693231e-02 1.504428620996903998e+00
1.302636982337442760e+03 1.629079036923922530e+00 7.499982047811526442e-02 1.504428818951913049e+00
1.302647845160602401e+03 1.394137221795959336e+00 7.499982802916868585e-02 1.504429003394289976e+00
1.302658708074348169e+03 1.528065918041520810e+00 7.499983507563341700e-02 1.504429175517588924e+00
1.302669571078680974e+03 1.523521850393554589e+00 7.499984166109832651e-02 1.504429336385821880e+00
1.302680434173601270e+03 1.594360052849079334e+00 7.499984782452207011e-02 1.504429486949992789e+00
1.302691297359110422e+03 1.446313187689206803e+00 7.499985360081155850e-02 1.504429628062210922e+00
1.302702160635208656e+03 1.542145451750532859e+00 7.499985902131761639e-02 1.504429760487790535e+00
1.302713024001896656e+03 1.429118190153913392e+00 7.499986411426103061e-02 1.504429884915651661e+00
1.302723887459175330e+03 1.573447601062036627e+00 7.499986890510035309e-02 1.504430001967293595e+00
1.302734751007045816e+03 1.449633334907492577e+00 7.499987341684997977e-02 1.504430112204558689e+00
1.302745614645508567e+03 1.545899495780916455e+00 7.499987767035623532e-02 1.504430216136372289e+00
1.302756478374564040e+03 1.524904102555587171e+00 7.499988168453769477e-02 1.504430314224607379e+00
1.302767342194213370e+03 1.635485625809715238e+00 7.499988547659496019e-02 1.504430406889203597e+00
1.302778206104457013e+03 1.556564729117063006e+00 7.499988906219411111e-02 1.504430494512645655e+00
1.302789070105296105e+03 1.444320925560037772e+00 7.499989245562785345e-02 1.504430577443895078e+00
1.302799934196731328e+03 1.437735335668384851e+00 7.499989566995692025e-02 1.504430656001843225e+00
1.302810798378763138e+03 1.412081951637204735e+00 7.499989871713495793e-02 1.504430730478357958e+00
1.302821662651392671e+03 1.456532927878343653e+00 7.499990160811881301e-02 1.504430801140975715e+00
1.302832527014620155e+03 1.519783201794105310e+00 7.499990435296602365e-02 1.504430868235281604e+00
1.302843391468447180e+03 1.444770786059355938e+00 7.499990696092151410e-02 1.504430931987024600e+00
1.302854256012873520e+03 1.565034986908840464e+00 7.499990944049450547e-02 1.504430992603995376e+00
1.302865120647900540e+03 1.442498277717870758e+00 7.499991179952715525e-02 1.504431050277700521e+00
1.302875985373528920e+03 1.512721996226355614e+00 7.499991404525561955e-02 1.504431105184855344e+00
1.302886850189759343e+03 1.376209882647167149e+00 7.499991618436489815e-02 1.504431157488719251e+00
1.302897715096592492e+03 1.649688030508512204e+00 7.499991822303764266e-02 1.504431207340291676e+00
1.302908580094029276e+03 1.490734135064933463e+00 7.499992016699828790e-02 1.504431254879383451e+00
1.302919445182070376e+03 1.545493968049727496e+00 7.499992202155235377e-02 1.504431300235582025e+00
1.302930310360716703e+03 1.613099649712494310e+00 7.499992379162212508e-02 1.504431343529118337e+00
1.302941175629968939e+03 1.465253093236581261e+00 7.499992548177854268e-02 1.504431384871647293e+00
1.302952040989827537e+03 1.456226152149356690e+00 7.499992709627018028e-02 1.504431424366954317e+00
1.302962906440293409e+03 1.500151919766161690e+00 7.499992863904934859e-02 1.504431462111593287e+00
1.302973771981367463e+03 1.724006163689784321e+00 7.499993011379571528e-02 1.504431498195462957e+00
1.302984637613050609e+03 1.410277596504505349e+00 7.499993152393778784e-02 1.504431532702330099e+00
1.302995503335343074e+03 1.494777869249525271e+00 7.499993287267225917e-02 1.504431565710304897e+00
1.303006369148245994e+03 1.559732558663251334e+00 7.499993416298171567e-02 1.504431597292271050e+00
1.303017235051760053e+03 1.580776782951881954e+00 7.499993539765074935e-02 1.504431627516277903e+00
1.303028101045886160e+03 1.515242681753214526e+00 7.499993657928046009e-02 1.504431656445899268e+00
1.303038967130624542e+03 1.551146288261104011e+00 7.499993771030190326e-02 1.504431684140555392e+00
1.303049833305976790e+03 1.554655232206879845e+00 7.499993879298814947e-02 1.504431710655813825e+00
1.303060699571942678e+03 1.550028322522565949e+00 7.499993982946540072e-02 1.504431736043656542e+00
1.303071565928523569e+03 1.486768325638970989e+00 7.499994082172316279e-02 1.504431760352730407e+00
1.303082432375720373e+03 1.453162294223139694e+00 7.499994177162347397e-02 1.504431783628572550e+00
1.303093298913533545e+03 1.466812928973529218e+00 7.499994268090945382e-02 1.504431805913815978e+00
1.303104165541963994e+03 1.374453305079296195e+00 7.499994355121292200e-02 1.504431827248383202e+00
1.303115032261012175e+03 1.614879671498938851e+00 7.499994438406169805e-02 1.504431847669656097e+00
1.303125899070678997e+03 1.457022732902475415e+00 7.499994518088601292e-02 1.504431867212636220e+00
1.303136765970965371e+03 1.538530169306018935e+00 7.499994594302437922e-02 1.504431885910093136e+00
1.303147632961871750e+03 1.509989174019996661e+00 7.499994667172929508e-02 1.504431903792693426e+00
1.303158500043399272e+03 1.550697853250477376e+00 7.499994736817208740e-02 1.504431920889127916e+00
1.303169367215548391e+03 1.571533358191654406e+00 7.499994803344750549e-02 1.504431937226221150e+00
1.303180234478320017e+03 1.512355216986126960e+00 7.499994866857802311e-02 1.504431952829035746e+00
1.303191101831715059e+03 1.583805774331460636e+00 7.499994927451755777e-02 1.504431967720965435e+00
1.303201969275733745e+03 1.482756770012273018e+00 7.499994985215512056e-02 1.504431981923821215e+00
1.303212836810377212e+03 1.547284856063036784e+00 7.499995040231791088e-02 1.504431995457910398e+00
1.303223704435646368e+03 1.564966330665437333e+00 7.499995092577425859e-02 1.504432008342108773e+00
1.303234572151541897e+03 1.481358401943881020e+00 7.499995142323630237e-02 1.504432020593923447e+00
1.303245439958064026e+03 1.479514032348444807e+00 7.499995189536244611e-02 1.504432032229554794e+00
1.303256307855213890e+03 1.536519621959964166e+00 7.499995234275937117e-02 1.504432043263947083e+00
1.303267175842992629e+03 1.488925657045864881e+00 7.499995276598406257e-02 1.504432053710837991e+00
1.303278043921400240e+03 1.428787715852534168e+00 7.499995316554564084e-02 1.504432063582800350e+00
1.303288912090438089e+03 1.427513458410597291e+00 7.499995354190679142e-02 1.504432072891281891e+00
1.303299780350106857e+03 1.459668982994123398e+00 7.499995389548499980e-02 1.504432081646634778e+00
1.303310648700406773e+03 1.639949467467981981e+00 7.499995422665398093e-02 1.504432089858149357e+00
1.303321517141339200e+03 1.565528240177746166e+00 7.499995453574442861e-02 1.504432097534074586e+00
1.303332385672904593e+03 1.480663260248706425e+00 7.499995482304490368e-02 1.504432104681639348e+00
1.303343254295103861e+03 1.435705650993096105e+00 7.499995508880252792e-02 1.504432111307071107e+00
1.303354123007937915e+03 1.592314105187000006e+00 7.499995533322330321e-02 1.504432117415603676e+00
1.303364991811406753e+03 1.576871615973457486e+00 7.499995555647255563e-02 1.504432123011489431e+00
1.303375860705511968e+03 1.730588571010692522e+00 7.499995575867500486e-02 1.504432128098000643e+00
1.303386729690254015e+03 1.541051428934056222e+00 7.499995593991476417e-02 1.504432132677430811e+00
1.303397598765633575e+03 1.539259048472600089e+00 7.499995610023504899e-02 1.504432136751090887e+00
1.303408467931651558e+03 1.475557922293025959e+00 7.499995623963794100e-02 1.504432140319300171e+00
1.303419337188308646e+03 1.322331168644956367e+00 7.499995635808370809e-02 1.504432143381375209e+00
1.303430206535605294e+03 1.535133964080762414e+00 7.499995645549013823e-02 1.504432145935610921e+00
1.303441075973542866e+03 1.651492300882110742e+00 7.499995653173155419e-02 1.504432147979261281e+00
1.303451945502121589e+03 1.533708046043605000e+00 7.499995658663773102e-02 1.504432149508511785e+00
1.303462815121342373e+03 1.396225647781422552e+00 7.499995661999249441e-02 1.504432150518448585e+00
1.303473684831206356e+03 1.371575675547749951e+00 7.499995663153213865e-02 1.504432151003021412e+00
1.303484554631713763e+03 1.510347926853853773e+00 7.499995662094369187e-02 1.504432150955000935e+00
1.303495424522865505e+03 1.503256683910859204e+00 7.499995658786272335e-02 1.504432150365930809e+00
1.303506294504662264e+03 1.509675869346514654e+00 7.499995653187105371e-02 1.504432149226071047e+00
1.303517164577105177e+03 1.475362178138349023e+00 7.499995645249409038e-02 1.504432147524337626e+00
1.303528034740194698e+03 1.614137198001153628e+00 7.499995634919780219e-02 1.504432145248229880e+00
1.303538904993931510e+03 1.450954874197930344e+00 7.499995622138538875e-02 1.504432142383753890e+00
1.303549775338316522e+03 1.612827292960156145e+00 7.499995606839360285e-02 1.504432138915333228e+00
1.303560645773350416e+03 1.513423063863118534e+00 7.499995588948844827e-02 1.504432134825711920e+00
1.303571516299033874e+03 1.495873411957947763e+00 7.499995568386073896e-02 1.504432130095844533e+00
1.303582386915367806e+03 1.527862786035179887e+00 7.499995545062075608e-02 1.504432124704775386e+00
1.303593257622353121e+03 1.528906736603333316e+00 7.499995518879262746e-02 1.504432118629503989e+00
1.303604128419990275e+03 1.422143701455631737e+00 7.499995489730792997e-02 1.504432111844833830e+00
1.303614999308279948e+03 1.597245254552466909e+00 7.499995457499863960e-02 1.504432104323207176e+00
1.303625870287223279e+03 1.397359499172122099e+00 7.499995422058923500e-02 1.504432096034519883e+00
1.303636741356820949e+03 1.594002771214953817e+00 7.499995383268802385e-02 1.504432086945915126e+00
1.303647612517073185e+03 1.475699300033943784e+00 7.499995340977730351e-02 1.504432077021554015e+00
1.303658483767981352e+03 1.465093967345107995e+00 7.499995295020273067e-02 1.504432066222362696e+00
1.303669355109546132e+03 1.522119381703950225e+00 7.499995245216099782e-02 1.504432054505747240e+00
1.303680226541767979e+03 1.352931455600603128e+00 7.499995191368667713e-02 1.504432041825275235e+00
1.303691098064648031e+03 1.552695038562129204e+00 7.499995133263691327e-02 1.504432028130325838e+00
1.303701969678186515e+03 1.618342946929195003e+00 7.499995070667478392e-02 1.504432013365691656e+00
1.303712841382384795e+03 1.414937653076357549e+00 7.499995003325045373e-02 1.504431997471137095e+00
1.303723713177242871e+03 1.465057227884081659e+00 7.499994930958002459e-02 1.504431980380900757e+00
1.303734585062762335e+03 1.383871019533227775e+00 7.499994853262176298e-02 1.504431962023139224e+00
1.303745457038943414e+03 1.339682756248045115e+00 7.499994769904946845e-02 1.504431942319298443e+00
1.303756329105787245e+03 1.434480758747359586e+00 7.499994680522242829e-02 1.504431921183407406e+00
1.303767201263294282e+03 1.563370966578913945e+00 7.499994584715119483e-02 1.504431898521278788e+00
1.303778073511465209e+03 1.562978150065972294e+00 7.499994482045931055e-02 1.504431874229605226e+00
1.303788945850300706e+03 1.545663103761721224e+00 7.499994372033953749e-02 1.504431848194935029e+00
1.303799818279802139e+03 1.505782794048255102e+00 7.499994254150416095e-02 1.504431820292508215e+00
1.303810690799969734e+03 1.470862887361174876e+00 7.499994127812852074e-02 1.504431790384928247e+00
1.303821563410804401e+03 1.422057686527302911e+00 7.499993992378636842e-02 1.504431758320649681e+00
1.303832436112306823e+03 1.579275701593064518e+00 7.499993847137577385e-02 1.504431723932243559e+00
1.303843308904477908e+03 1.500138415442710649e+00 7.499993691303434573e-02 1.504431687034408771e+00
1.303854181787318339e+03 1.529988322288216018e+00 7.499993524004122669e-02 1.504431647421682339e+00
1.303865054760828798e+03 1.635663009008816449e+00 7.499993344270421136e-02 1.504431604865797745e+00
1.303875927825009967e+03 1.526973450505153096e+00 7.499993151022900373e-02 1.504431559112625383e+00
1.303886800979862983e+03 1.521377601109242139e+00 7.499992943056715822e-02 1.504431509878624063e+00
1.303897674225388300e+03 1.453842322412782995e+00 7.499992719023890198e-02 1.504431456846700543e+00
1.303908547561586602e+03 1.465052661456270444e+00 7.499992477412595338e-02 1.504431399661375179e+00
1.303919420988458796e+03 1.366760762587178935e+00 7.499992216522814725e-02 1.504431337923105350e+00
1.303930294506005566e+03 1.548025901738044219e+00 7.499991934437684471e-02 1.504431271181604135e+00
1.303941168114228049e+03 1.471204831935470025e+00 7.499991628989545467e-02 1.504431198927936641e+00
1.303952041813126243e+03 1.680766251914270537e+00 7.499991297719656169e-02 1.504431120585137283e+00
1.303962915602701287e+03 1.502761128984544836e+00 7.499990937830060267e-02 1.504431035497018954e+00
1.303973789482954317e+03 1.524186060446072855e+00 7.499990546125907820e-02 1.504430942914765534e+00
1.303984663453885560e+03 1.471757800199736010e+00 7.499990118945921991e-02 1.504430841980785249e+00
1.303995537515496153e+03 1.547626390368942895e+00 7.499989652078170588e-02 1.504430731709170965e+00
1.304006411667786551e+03 1.541843794319144312e+00 7.499989140657491171e-02 1.504430610961916770e+00
1.304017285910757437e+03 1.635694583436458682e+00 7.499988579039748582e-02 1.504430478419802597e+00
1.304028160244409946e+03 1.473366142585059047e+00 7.499987960646836704e-02 1.504430332546531357e+00
1.304039034668744534e+03 1.608107851190714976e+00 7.499987277774250449e-02 1.504430171544258066e+00
1.304049909183761883e+03 1.432132375712542371e+00 7.499986521350514301e-02 1.504429993298050938e+00
1.304060783789463358e+03 1.481392884405821064e+00 7.499985680634116414e-02 1.504429795306009066e+00
1.304071658485849184e+03 1.576115794545363435e+00 7.499984742828530448e-02 1.504429574590606666e+00
1.304082533272919818e+03 1.688687576919542188e+00 7.499983692588890749e-02 1.504429327585233622e+00
1.304093408150676851e+03 1.374301905200465468e+00 7.499982511383739003e-02 1.504429049987605849e+00
1.304104283119120510e+03 1.326708457498508409e+00 7.499981176660579230e-02 1.504428736568419023e+00
1.304115158178251704e+03 1.546749390759697196e+00 7.499979660742701892e-02 1.504428380918767072e+00
1.304126033328070889e+03 1.392107866223506685e+00 7.499977929352415196e-02 1.504427975112619054e+00
1.304136908568579202e+03 1.524995201170357140e+00 7.499975939607265996e-02 1.504427509249676387e+00
1.304147783899777096e+03 1.691889554528372086e+00 7.499973637259951809e-02 1.504426970826930443e+00
1.304158659321665937e+03 1.382938322904283091e+00 7.499970952832346605e-02 1.504426343860290283e+00
1.304169534834245496e+03 1.535173281231345666e+00 7.499967796097994910e-02 1.504425607633832040e+00
1.304180410437517367e+03 1.409222977219822592e+00 7.499964048038446074e-02 1.504424734880889236e+00
1.304191286131481775e+03 1.514634935364199020e+00 7.499959548827929423e-02 1.504423689074237291e+00
1.304202161916140085e+03 1.473871267714510935e+00 7.499954079370690918e-02 1.504422420274026173e+00
1.304213037791492297e+03 1.484762122998768863e+00 7.499947331963205399e-02 1.504420858549254003e+00
1.304223913757539776e+03 1.532015370423220890e+00 7.499938861653043798e-02 1.504418903087338499e+00
1.304234789814282976e+03 1.477025199168414682e+00 7.499927999078420671e-02 1.504416402405863051e+00
1.304245665961722807e+03 1.502753207458720430e+00 7.499913639211965022e-02 1.504413102101064936e+00
1.304256542199859950e+03 1.391885505878348805e+00 7.499893079036031029e-02 1.504408332041198948e+00
1.304267418528695089e+03 1.634257333206527552e+00 7.499851369764595765e-02 1.504398260487401329e+00
1.304278294948229131e+03 1.592028160652038782e+00 7.499672521339241504e-02 1.504354632265245240e+00
1.304289171458462761e+03 1.509871117765649196e+00 7.498578466123714814e-02 1.504099042280850451e+00
1.304300048059396431e+03 1.488327279278476967e+00 7.492610043297358302e-02 1.502766321212200662e+00
1.304310924751031280e+03 1.494875863921665493e+00 7.467201077422418176e-02 1.497268835331640791e+00
1.304321801533368216e+03 1.420335629078866901e+00 7.385696410754767627e-02 1.479889554377740613e+00
1.304332678406407695e+03 1.453797815680821115e+00 7.192615186757424228e-02 1.438511125358217235e+00
1.304343555370150398e+03 1.446808967139349811e+00 6.863136436048879185e-02 1.365825542052893526e+00
1.304354432424597235e+03 1.343453634090899573e+00 6.478040451996487648e-02 1.275394550861606913e+00
1.304365309569749115e+03 1.063415340156823818e+00 6.218133195935542090e-02 1.205246441974853866e+00
1.304376186805606494e+03 1.217128354007952939e+00 6.233357474983668850e-02 1.194058527645838641e+00
1.304387064132170053e+03 1.316285804634081069e+00 6.514507327223009736e-02 1.248539927306123065e+00
1.304397941549441157e+03 1.293896071594209163e+00 6.901246119517200073e-02 1.337358185295499879e+00
1.304408819057419805e+03 1.402979356380526399e+00 7.218460453282660172e-02 1.418547305089552957e+00
1.304419696656107135e+03 1.519257679104472958e+00 7.398026577828840933e-02 1.469841467415496039e+00
1.304430574345504283e+03 1.632215765587268441e+00 7.471477646931844185e-02 1.493524983246831139e+00
1.304441452125611249e+03 1.595830561338001052e+00 7.493697883119640468e-02 1.501711440994041524e+00
1.304452329996428944e+03 1.477850072356772460e+00 7.498353834263861428e-02 1.503785653081791907e+00
1.304463207957958730e+03 1.643114467934530865e+00 7.492532086154721216e-02 1.502865067285340306e+00
1.304474086010200608e+03 1.451906042058943136e+00 7.437375108851657091e-02 1.491239235574155719e+00
1.304484964153155943e+03 1.444456537588520106e+00 7.199636119378831356e-02 1.438463961240035172e+00
1.304495842386825188e+03 1.294010403990987212e+00 6.663876221481736251e-02 1.312496591709382932e+00
1.304506720711209027e+03 1.057332027225337923e+00 6.030717176604991070e-02 1.152856851909008995e+00
1.304517599126308369e+03 1.022538495847432172e+00 5.635175619875579939e-02 1.045297559941982257e+00
1.304528477632123895e+03 1.020288535404038299e+00 5.503049700616569756e-02 1.006841593084084829e+00
1.304539356228656516e+03 1.074489702508589550e+00 5.479514274526463974e-02 9.995793612457882782e-01
1.304550234915906685e+03 1.031730928689627902e+00 5.477311160348438679e-02 9.988603465843678419e-01
1.304561113693875541e+03 9.273258296947546331e-01 5.477206309756627728e-02 9.988239248157277927e-01
1.304571992562563537e+03 9.267819606768558094e-01 5.477205857992188676e-02 9.988235494613808552e-01
1.304582871521971811e+03 8.931399042255352416e-01 5.477207722930685363e-02 9.988240542674549083e-01
1.304593750572100362e+03 9.390218932528249240e-01 5.477209340903264195e-02 9.988244947045789024e-01
1.304604629712950555e+03 1.074986262913008250e+00 5.477210731147467981e-02 9.988248723713154531e-01
1.304615508944523071e+03 9.730546703026080602e-01 5.477211934887184913e-02 9.988251987602905224e-01
1.304626388266818594e+03 9.498545046230817412e-01 5.477212984352326092e-02 9.988254828411147201e-01
1.304637267679838260e+03 1.077991369175641534e+00 5.477213905051345894e-02 9.988257316897165561e-01
1.304648147183582068e+03 9.862888204773135881e-01 5.477214717396580723e-02 9.988259509519652468e-01
1.304659026778051157e+03 9.599050525530126166e-01 5.477215437886097382e-02 9.988261451792018741e-01
1.304669906463246434e+03 9.108445861411842426e-01 5.477216079975939095e-02 9.988263180748371273e-01
1.304680786239168583e+03 9.897056503884763545e-01 5.477216654732597334e-02 9.988264726781197478e-01
1.304691666105818058e+03 9.544531482919059728e-01 5.477217171327072864e-02 9.988266115028295866e-01
1.304702546063196223e+03 1.047473412382968094e+00 5.477217637413242524e-02 9.988267366431573535e-01
1.304713426111303079e+03 1.023036089104435886e+00 5.477218059420572299e-02 9.988268498553940500e-01
1.304724306250139989e+03 9.639759325153135494e-01 5.477218442782759433e-02 9.988269526215749483e-01
1.304735186479707409e+03 1.046417120196641015e+00 5.477218792117889701e-02 9.988270461995114591e-01
1.304746066800006247e+03 1.045048725300361525e+00 5.477219111371556259e-02 9.988271316624488527e-01
1.304756947211036959e+03 9.954222350234822603e-01 5.477219403931413849e-02 9.988272099307486940e-01
1.304767827712800909e+03 8.833800043628365906e-01 5.477219672719538940e-02 9.988272817973835593e-01
1.304778708305298096e+03 9.420139380030284615e-01 5.477219920267376030e-02 9.988273479485898498e-01
1.304789588988529886e+03 9.369420160210661930e-01 5.477220148776941466e-02 9.988274089807060996e-01
1.304800469762496959e+03 1.034282511149184680e+00 5.477220360171094343e-02 9.988274654139843722e-01
1.304811350627199772e+03 1.080011253252094239e+00 5.477220556135063007e-02 9.988275177039802610e-01
1.304822231582639006e+03 1.045768628913382292e+00 5.477220738150917478e-02 9.988275662509975561e-01
1.304833112628815798e+03 1.043319934297839868e+00 5.477220907526337418e-02 9.988276114079601697e-01
1.304843993765730829e+03 1.040742057499740580e+00 5.477221065418723389e-02 9.988276534870011991e-01
1.304854874993384783e+03 9.239928355421431760e-01 5.477221212855500759e-02 9.988276927650057146e-01
1.304865756311778341e+03 9.999437461544024019e-01 5.477221350751286522e-02 9.988277294882932367e-01
1.304876637720912186e+03 9.268196528813501534e-01 5.477221479922467218e-02 9.988277638765867827e-01
1.304887519220787681e+03 9.378308519247601227e-01 5.477221601099616088e-02 9.988277961263952731e-01
1.304898400811404599e+03 1.001948874560240954e+00 5.477221714938113745e-02 9.988278264139002216e-01
1.304909282492764532e+03 9.661171820427364443e-01 5.477221822027269343e-02 9.988278548974345306e-01
1.304920164264867708e+03 9.599720065086992937e-01 5.477221922898169865e-02 9.988278817196124537e-01
1.304931046127715035e+03 9.688493090281908859e-01 5.477222018030460104e-02 9.988279070091703460e-01
1.304941928081307424e+03 9.699355096781280272e-01 5.477222107858226857e-02 9.988279308825589453e-01
1.304952810125645783e+03 1.032631975336365082e+00 5.477222192775092757e-02 9.988279534453268216e-01
1.304963692260730340e+03 9.728644216764192887e-01 5.477222273138677294e-02 9.988279747933256347e-01
1.304974574486562233e+03 9.941960191178743633e-01 5.477222349274484675e-02 9.988279950137608498e-01
1.304985456803142142e+03 1.031980592030901533e+00 5.477222421479304576e-02 9.988280141861143324e-01
1.304996339210470978e+03 1.049019920571276465e+00 5.477222490024209745e-02 9.988280323829507035e-01
1.305007221708548968e+03 1.009604844007506053e+00 5.477222555157186534e-02 -9.999999999000000000e+09
1.305018104297377477e+03 1.047054231163734528e+00 5.477222617105462904e-02 -9.999999999000000000e+09
1.305028986976956958e+03 1.028856634044893248e+00 5.477222676077558167e-02 -9.999999999000000000e+09
1.305039869747288094e+03 1.038883469783150604e+00 5.477222732265110000e-02 -9.999999999000000000e+09
1.305050752608372022e+03 9.666804831917440444e-01 5.477222785844490516e-02 -9.999999999000000000e+09
1.305061635560208742e+03 9.659375309533292375e-01 5.477222836978239834e-02 -9.999999999000000000e+09
1.305072518602800073e+03 1.029828653993992482e+00 5.477222885816361575e-02 -9.999999999000000000e+09
1.305083401736145788e+03 9.830472845444157004e-01 5.477222932497457369e-02 -9.999999999000000000e+09
1.305094284960247251e+03 1.110463288001012350e+00 5.477222977149759364e-02 -9.999999999000000000e+09
1.305105168275105143e+03 1.034421986979101815e+00 5.477223019892046157e-02 -9.999999999000000000e+09
1.305116051680720147e+03 1.032999515961006143e+00 5.477223060834474078e-02 -9.999999999000000000e+09
1.305126935177092719e+03 1.070535460979385567e+00 5.477223100079309931e-02 -9.999999999000000000e+09
