1.300000000000000000e+03 6.251069919144764953e-01 3.399693198097392816e-02 5.999172502227448911e-01
1.300010840833093880e+03 7.756257783890833091e-01 4.080662267456590386e-02 7.761874328520169675e-01
1.300021681756590624e+03 8.955651090503237155e-01 4.572052029074227114e-02 8.971823821801463428e-01
1.300032522770491141e+03 1.002663548188047482e+00 4.840072960615669773e-02 9.618015653252582897e-01
1.300043363874795659e+03 9.873980081100937056e-01 4.952364964271753489e-02 9.886479403125185694e-01
1.300054205069505542e+03 9.585438449602571298e-01 4.988755971745056916e-02 9.973222995755396392e-01
1.300065046354620790e+03 1.002609505777314114e+00 4.997906108514457713e-02 9.995014585317179012e-01
1.300075887730143222e+03 9.380045037491562265e-01 4.999693110784049488e-02 9.999269547189316709e-01
1.300086729196072611e+03 1.035691982275587009e+00 4.999964210632799194e-02 9.999915027217648467e-01
1.300097570752410320e+03 9.447105864152567367e-01 4.999996145732223812e-02 9.999991063224248355e-01
1.300108412399156805e+03 1.040488062409914427e+00 4.999999060869944612e-02 9.999998004028812781e-01
1.300119254136312748e+03 1.054406311798826046e+00 4.999999261852898502e-02 9.999998482559658841e-01
1.300130095963879057e+03 1.087578134094975280e+00 4.999999266822126309e-02 9.999998494391154624e-01
1.300140937881856871e+03 8.849645093945259777e-01 4.999999260764334541e-02 9.999998479967842080e-01
1.300151779890245962e+03 9.712146610296151783e-01 4.999999254131554105e-02 9.999998464175506863e-01
1.300162621989048148e+03 1.023837865853514550e+00 4.999999247376724076e-02 9.999998448092577430e-01
1.300173464178263202e+03 1.068125282469930548e+00 4.999999240512824350e-02 9.999998431749959060e-01
1.300184306457892944e+03 9.749787476360817218e-01 4.999999233537889831e-02 9.999998415142971053e-01
1.300195148827937373e+03 1.012450959375160719e+00 4.999999226449496070e-02 9.999998398265843580e-01
1.300205991288397172e+03 9.948017661506927123e-01 4.999999219245147841e-02 9.999998381112633616e-01
1.300216833839273704e+03 9.970287354209729225e-01 4.999999211922274284e-02 9.999998363677220503e-01
1.300227676480567197e+03 1.013546465042672873e+00 4.999999204478240700e-02 9.999998345953331480e-01
1.300238519212278561e+03 9.830471729678529336e-01 4.999999196910329124e-02 9.999998327934495057e-01
1.300249362034408705e+03 1.053333820414612987e+00 4.999999189215757062e-02 9.999998309614083203e-01
1.300260204946958083e+03 9.903073325762170587e-01 4.999999181391649034e-02 9.999998290985254723e-01
1.300271047949928061e+03 9.690118569308554530e-01 4.999999173435056704e-02 9.999998272040987457e-01
1.300281891043318410e+03 1.041352834636070535e+00 4.999999165342944307e-02 9.999998252774053853e-01
1.300292734227130723e+03 1.057544293779574929e+00 4.999999157112187259e-02 9.999998233177012086e-01
1.300303577501365226e+03 1.025252974715151755e+00 4.999999148739570076e-02 9.999998213242209388e-01
1.300314420866023056e+03 1.010542878368920983e+00 4.999999140221785682e-02 9.999998192961769838e-01
1.300325264321104896e+03 1.030649609451987248e+00 4.999999131555425691e-02 9.999998172327581036e-01
1.300336107866611201e+03 1.041479238898717297e+00 4.999999122736985269e-02 9.999998151331291885e-01
1.300346951502543106e+03 1.013556057878445049e+00 4.999999113762850639e-02 9.999998129964304816e-01
1.300357795228901296e+03 1.084623940263898856e+00 4.999999104629301860e-02 9.999998108217760251e-01
1.300368639045686223e+03 9.749875051548935190e-01 4.999999095332506582e-02 9.999998086082533266e-01
1.300379482952898798e+03 1.078661573295357945e+00 4.999999085868517268e-02 9.999998063549223604e-01
1.300390326950539929e+03 1.008678639688938450e+00 4.999999076233260092e-02 9.999998040608136796e-01
1.300401171038610300e+03 9.601979422668169839e-01 4.999999066422545352e-02 9.999998017249291937e-01
1.300412015217110593e+03 9.351333057097197532e-01 4.999999056432046646e-02 9.999997993462389489e-01
1.300422859486041716e+03 1.044503993562505118e+00 4.999999046257305735e-02 9.999997969236815720e-01
1.300433703845404125e+03 1.095434030765227496e+00 4.999999035893722132e-02 9.999997944561617169e-01
1.300444548295198729e+03 9.538746630807096727e-01 4.999999025336554492e-02 9.999997919425501758e-01
1.300455392835426437e+03 9.445079496416476372e-01 4.999999014580908119e-02 9.999997893816819916e-01
1.300466237466087932e+03 9.724585023005989370e-01 4.999999003621730803e-02 9.999997867723541267e-01
1.300477082187183896e+03 1.092760551926970525e+00 4.999998992453811436e-02 9.999997841133256848e-01
1.300487926998715238e+03 1.013185237371721614e+00 4.999998981071770293e-02 9.999997814033156907e-01
1.300498771900682186e+03 9.808830069842682242e-01 4.999998969470047239e-02 9.999997786410006473e-01
1.300509616893086331e+03 9.892775316559727639e-01 4.999998957642906583e-02 9.999997758250147584e-01
1.300520461975927446e+03 9.744716508021454837e-01 4.999998945584416959e-02 9.999997729539458202e-01
1.300531307149207350e+03 9.591416694707460833e-01 4.999998933288457570e-02 9.999997700263363321e-01
1.300542152412926043e+03 9.071188712823448075e-01 4.999998920748695286e-02 9.999997670406786110e-01
1.300552997767084435e+03 1.006159002098553135e+00 4.999998907958588118e-02 9.999997639954150142e-01
1.300563843211683206e+03 9.570072482115489221e-01 4.999998894911372033e-02 9.999997608889349410e-01
1.300574688746723496e+03 9.180926303275191991e-01 4.999998881600049155e-02 9.999997577195722798e-01
1.300585534372205530e+03 9.942587796869422068e-01 4.999998868017386383e-02 9.999997544856048526e-01
1.300596380088130672e+03 9.322191901930860780e-01 4.999998854155893874e-02 9.999997511852495302e-01
1.300607225894499152e+03 1.074742452739350540e+00 4.999998840007827128e-02 9.999997478166621212e-01
1.300618071791312104e+03 9.967290713643758293e-01 4.999998825565164090e-02 9.999997443779327089e-01
1.300628917778569985e+03 1.002986681870526198e+00 4.999998810819602374e-02 9.999997408670845411e-01
1.300639763856273703e+03 1.019953207852704713e+00 4.999998795762543302e-02 9.999997372820704777e-01
1.300650610024423941e+03 1.061187216108689713e+00 4.999998780385080110e-02 9.999997336207696597e-01
1.300661456283021380e+03 1.025450158717425175e+00 4.999998764677984070e-02 9.999997298809846225e-01
1.300672302632066931e+03 9.563279637732444716e-01 4.999998748631687834e-02 9.999997260604379656e-01
1.300683149071561502e+03 1.005738680638426086e+00 4.999998732236277804e-02 9.999997221567689110e-01
1.300693995601505549e+03 9.275734944359680378e-01 4.999998715481472622e-02 9.999997181675291946e-01
1.300704842221899753e+03 9.463833198318893913e-01 4.999998698356605820e-02 9.999997140901799586e-01
1.300715688932745252e+03 1.086118612266225414e+00 4.999998680850614025e-02 9.999997099220866437e-01
1.300726535734042500e+03 1.030284342405147768e+00 4.999998662952016837e-02 9.999997056605157697e-01
1.300737382625792407e+03 9.237612428623898086e-01 4.999998644648891849e-02 9.999997013026287185e-01
1.300748229607995427e+03 9.805043071063219706e-01 4.999998625928862850e-02 9.999996968454789581e-01
1.300759076680652697e+03 9.721347949324733451e-01 4.999998606779074845e-02 9.999996922860054926e-01
1.300769923843764900e+03 1.011902608124535252e+00 4.999998587186171156e-02 9.999996876210281993e-01
1.300780771097332490e+03 1.004951953526011188e+00 4.999998567136270528e-02 9.999996828472422772e-01
1.300791618441356604e+03 9.472759484814626818e-01 4.999998546614944223e-02 9.999996779612120301e-01
1.300802465875837697e+03 1.051365722293951199e+00 4.999998525607183414e-02 9.999996729593638722e-01
1.300813313400776906e+03 9.770673940203667973e-01 4.999998504097378366e-02 9.999996678379816650e-01
1.300824161016174685e+03 1.060646669346068993e+00 4.999998482069283740e-02 9.999996625931970584e-01
1.300835008722031716e+03 1.106273135780294403e+00 4.999998459505994308e-02 9.999996572209850498e-01
1.300845856518348683e+03 1.026435011897631089e+00 4.999998436389903322e-02 9.999996517171536592e-01
1.300856704405126948e+03 1.060346034405659887e+00 4.999998412702674755e-02 9.999996460773371565e-01
1.300867552382366512e+03 9.985045467507386308e-01 4.999998388425199586e-02 9.999996402969857368e-01
1.300878400450068511e+03 9.641124634864666199e-01 4.999998363537565271e-02 9.999996343713584146e-01
1.300889248608233856e+03 9.965756841239239439e-01 4.999998338019007865e-02 9.999996282955110338e-01
1.300900096856862774e+03 9.458662411423106597e-01 4.999998311847867610e-02 9.999996220642870526e-01
1.300910945195956629e+03 9.216725957476628039e-01 4.999998285001551468e-02 9.999996156723065521e-01
1.300921793625515875e+03 1.053387411472858526e+00 4.999998257456467199e-02 9.999996091139529142e-01
1.300932642145541195e+03 9.096009803564486518e-01 4.999998229187989363e-02 9.999996023833626069e-01
1.300943490756033498e+03 9.868707519030488484e-01 4.999998200170388540e-02 9.999995954744097526e-01
1.300954339456993694e+03 1.051818227991325072e+00 4.999998170376781376e-02 9.999995883806936936e-01
1.300965188248421782e+03 9.788623981059313417e-01 4.999998139779064654e-02 9.999995810955226716e-01
1.300976037130319355e+03 1.103325810432601362e+00 4.999998108347847997e-02 9.999995736118991729e-01
1.300986886102687095e+03 1.035883034179292839e+00 4.999998076052376839e-02 9.999995659225009437e-01
1.300997735165525228e+03 9.985173096861503783e-01 4.999998042860467201e-02 9.999995580196648914e-01
1.301008584318834892e+03 9.608908794563142397e-01 4.999998008738416877e-02 9.999995498953666573e-01
1.301019433562616541e+03 9.565587129318794402e-01 4.999997973650920080e-02 9.999995415412005206e-01
1.301030282896871540e+03 1.019273037618856570e+00 4.999997937560976546e-02 9.999995329483561957e-01
1.301041132321600116e+03 9.874958835925569112e-01 4.999997900429789532e-02 9.999995241075969599e-01
1.301051981836803179e+03 9.453356914614627904e-01 4.999997862216665895e-02 9.999995150092337859e-01
1.301062831442481183e+03 1.056659266121312779e+00 4.999997822878896742e-02 9.999995056430976970e-01
1.301073681138635266e+03 9.828161001399132735e-01 4.999997782371639471e-02 9.999994959985120113e-01
1.301084530925266336e+03 9.234348534926960506e-01 4.999997740647791483e-02 9.999994860642619221e-01
1.301095380802374621e+03 9.876754340719212655e-01 4.999997697657841689e-02 9.999994758285589702e-01
1.301106230769961257e+03 1.011050565601675055e+00 4.999997653349740750e-02 9.999994652790104022e-01
1.301117080828026928e+03 9.574890850480041182e-01 4.999997607668717203e-02 9.999994544025755383e-01
1.301127930976572088e+03 1.042258212158188924e+00 4.999997560557123411e-02 9.999994431855285804e-01
1.301138781215598101e+03 8.222956316024495615e-01 4.999997511954248908e-02 9.999994316134148686e-01
1.301149631545105194e+03 9.620898998971183502e-01 4.999997461796119175e-02 9.999994196710020322e-01
1.301160481965094277e+03 1.033161219563496491e+00 4.999997410015277755e-02 9.999994073422294738e-01
1.301171332475566032e+03 9.680340399451230482e-01 4.999997356540571841e-02 9.999993946101556341e-01
1.301182183076521369e+03 9.924798029209903616e-01 4.999997301296892072e-02 9.999993814568974848e-01
1.301193033767961197e+03 1.059331531895830736e+00 4.999997244204907459e-02 9.999993678635666905e-01
1.301203884549885970e+03 1.005634124853030054e+00 4.999997185180779513e-02 9.999993538102018853e-01
1.301214735422296144e+03 1.042657442628056597e+00 4.999997124135856230e-02 9.999993392756950650e-01
1.301225586385193310e+03 9.783771894880211040e-01 4.999997060976325847e-02 9.999993242377103186e-01
1.301236437438577468e+03 9.879815555841775510e-01 4.999996995602856015e-02 9.999993086725970093e-01
1.301247288582449755e+03 8.383720072026283887e-01 4.999996927910201061e-02 9.999992925552968481e-01
1.301258139816810854e+03 8.955861997673687513e-01 4.999996857786773163e-02 9.999992758592409769e-01
1.301268991141661672e+03 9.953442119496409557e-01 4.999996785114173975e-02 9.999992585562393899e-01
1.301279842557002894e+03 1.055030906804642843e+00 4.999996709766692943e-02 9.999992406163611403e-01
1.301290694062834746e+03 8.693925403319174849e-01 4.999996631610754971e-02 9.999992220078026683e-01
1.301301545659158592e+03 9.606423070579908075e-01 4.999996550504324372e-02 9.999992026967458036e-01
1.301312397345975114e+03 9.694090542866850013e-01 4.999996466296256076e-02 9.999991826472034440e-01
1.301323249123284995e+03 9.191380881345678766e-01 4.999996378825568438e-02 9.999991618208468047e-01
1.301334100991088690e+03 9.593705879065008713e-01 4.999996287920685512e-02 9.999991401768245636e-01
1.301344952949387334e+03 9.851153025835177601e-01 4.999996193398573152e-02 9.999991176715571362e-01
1.301355804998181839e+03 1.065165803639736453e+00 4.999996095063812679e-02 9.999990942585160747e-01
1.301366657137472430e+03 1.005107398006149122e+00 4.999995992707580855e-02 9.999990698879815954e-01
1.301377509367260018e+03 1.007053215085200071e+00 4.999995886106521625e-02 9.999990445067736822e-01
1.301388361687545739e+03 1.032225226406505270e+00 4.999995775021523481e-02 9.999990180579610977e-01
1.301399214098330049e+03 9.862218938286558823e-01 4.999995659196364989e-02 9.999989904805384189e-01
1.301410066599613401e+03 8.417493524804444682e-01 4.999995538356204888e-02 9.999989617090676575e-01
1.301420919191397161e+03 9.868000466438306972e-01 4.999995412205957002e-02 9.999989316732899036e-01
1.301431771873681782e+03 9.995709974416591148e-01 4.999995280428452121e-02 9.999989002976886754e-01
1.301442624646467721e+03 1.006820142122284656e+00 4.999995142682426424e-02 9.999988675010106354e-01
1.301453477509756567e+03 9.927916717671226854e-01 4.999994998600292700e-02 9.999988331957351262e-01
1.301464330463548322e+03 1.012688082425134972e+00 4.999994847785652757e-02 9.999987972874814224e-01
1.301475183507843894e+03 1.022789694371888158e+00 4.999994689810546844e-02 9.999987596743542539e-01
1.301486036642643967e+03 9.828886238832319489e-01 4.999994524212377639e-02 9.999987202462117253e-01
1.301496889867949676e+03 1.036480541639153152e+00 4.999994350490490069e-02 9.999986788838496343e-01
1.301507743183761477e+03 9.619595309597070987e-01 4.999994168102334796e-02 9.999986354580902015e-01
1.301518596590080278e+03 1.021087615446714780e+00 4.999993976459198020e-02 9.999985898287624408e-01
1.301529450086906763e+03 1.008004167694457998e+00 4.999993774921373396e-02 9.999985418435560769e-01
1.301540303674241613e+03 9.604960010718198715e-01 4.999993562792777457e-02 9.999984913367366834e-01
1.301551157352085283e+03 1.021189274248296419e+00 4.999993339314855872e-02 9.999984381276957324e-01
1.301562011120439365e+03 9.710652380572034614e-01 4.999993103659720883e-02 9.999983820193170114e-01
1.301572864979303858e+03 1.049830490021437246e+00 4.999992854922383212e-02 9.999983227961269927e-01
1.301583718928679900e+03 9.824139544758182518e-01 4.999992592111958400e-02 9.999982602222006189e-01
1.301594572968568173e+03 1.057259012987276980e+00 4.999992314141661620e-02 9.999981940387789869e-01
1.301605427098969358e+03 1.006994241666967937e+00 4.999992019817418171e-02 9.999981239615590711e-01
1.301616281319884365e+03 1.020945148114807299e+00 4.999991707824878728e-02 9.999980496775997540e-01
1.301627135631313649e+03 9.813506367171715983e-01 4.999991376714519459e-02 9.999979708417764401e-01
1.301637990033258120e+03 1.064994729226114822e+00 4.999991024884568869e-02 9.999978870727146418e-01
1.301648844525718687e+03 9.566859146241145639e-01 4.999990650561356859e-02 9.999977979481112778e-01
1.301659699108696032e+03 1.051494243411535079e+00 4.999990251776596090e-02 9.999977029993265543e-01
1.301670553782190837e+03 1.036956359422825047e+00 4.999989826341121046e-02 9.999976017051297461e-01
1.301681408546203784e+03 1.005025307886934227e+00 4.999989371814332617e-02 9.999974934844255703e-01
1.301692263400735555e+03 1.020718712671408568e+00 4.999988885468613364e-02 9.999973776877805198e-01
1.301703118345787288e+03 9.926236096890689309e-01 4.999988364247681671e-02 9.999972535875079060e-01
1.301713973381359665e+03 1.018632222517031005e+00 4.999987804717706541e-02 9.999971203660280583e-01
1.301724828507453140e+03 1.033653099403737396e+00 4.999987203009666897e-02 9.999969771021443021e-01
1.301735683724068622e+03 9.966450296211898374e-01 4.999986554751150586e-02 9.999968227548050592e-01
1.301746539031206567e+03 1.010761107085370369e+00 4.999985854985275480e-02 9.999966561437988455e-01
1.301757394428868565e+03 9.083430300359196519e-01 4.999985098073878725e-02 9.999964759267042647e-01
1.301768249917054618e+03 1.025386548622041039e+00 4.999984277581365211e-02 9.999962805712346858e-01
1.301779105495765634e+03 1.090376757108057593e+00 4.999983386134635582e-02 9.999960683218876989e-01
1.301789961165002524e+03 9.284008227881987985e-01 4.999982415253276941e-02 9.999958371595143447e-01
1.301800816924765741e+03 1.003194885515072965e+00 4.999981355142495143e-02 9.999955847520171082e-01
1.301811672775056422e+03 9.681886160157419097e-01 4.999980194439106879e-02 9.999953083938719622e-01
1.301822528715875251e+03 1.091714795198972743e+00 4.999978919897916929e-02 9.999950049314547673e-01
1.301833384747222681e+03 9.121902191698278983e-01 4.999977516001776617e-02 9.999946706701996479e-01
1.301844240869099622e+03 9.945211389019072978e-01 4.999975964473169637e-02 9.999943012583081270e-01
1.301855097081506983e+03 9.962958077102308518e-01 4.999974243657563655e-02 9.999938915399279038e-01
1.301865953384445447e+03 1.095244651689803117e+00 4.999972327738077399e-02 9.999934353681683152e-01
1.301876809777915469e+03 1.046475806270648734e+00 4.999970185725988864e-02 9.999929253647440452e-01
1.301887666261918412e+03 9.232761774321267545e-01 4.999967780149882496e-02 9.999923526078650093e-01
1.301898522836454731e+03 1.054363487950990219e+00 4.999965065334462111e-02 9.999917062224299436e-01
1.301909379501525109e+03 1.049255626388955420e+00 4.999961985112975210e-02 9.999909728353602034e-01
1.301920236257130000e+03 9.812124429879137688e-01 4.999958469745689749e-02 9.999901358419011066e-01
1.301931093103270541e+03 1.022240698200153286e+00 4.999954431706306324e-02 9.999891744023807760e-01
1.301941950039947642e+03 9.875602859580643322e-01 4.999949759822824857e-02 9.999880620471676140e-01
1.301952807067161984e+03 9.045247370793535469e-01 4.999944310973399031e-02 9.999867646994795578e-01
1.301963664184914023e+03 1.006671138725789394e+00 4.999937898053284646e-02 9.999852378103488704e-01
1.301974521393204668e+03 1.022059296379635773e+00 4.999930272040954693e-02 9.999834220886116842e-01
1.301985378692034601e+03 1.079479009324239680e+00 4.999921093834240604e-02 9.999812367951642633e-01
1.301996236081404732e+03 1.031908574660970412e+00 4.999909881579722715e-02 9.999785672022243332e-01
1.302007093561315742e+03 9.444355487192160892e-01 4.999895846900223595e-02 9.999752255995818517e-01
1.302017951131768314e+03 9.530608318335486162e-01 4.999876998071230844e-02 9.999707377638442640e-01
1.302028808792763357e+03 1.023724859353922767e+00 4.999844482719625893e-02 9.999629959725749861e-01
1.302039666544301326e+03 9.997948034574236642e-01 4.999750484374151926e-02 9.999406152419894056e-01
1.302050524386383586e+03 1.016206996327570167e+00 4.999355937401437494e-02 9.998466738896597539e-01
1.302061382319010363e+03 1.015941899873232801e+00 4.997644782343720060e-02 9.994392327392999098e-01
1.302072240342182340e+03 1.023735985342837607e+00 4.991049559702732258e-02 9.978686027545664583e-01
1.302083098455900881e+03 1.016328460164594105e+00 4.969417859413330363e-02 9.927142894412481766e-01
1.302093956660166214e+03 9.990420875341236018e-01 4.909893017778321073e-02 9.785083510422973863e-01
1.302104814954979020e+03 9.343380807614521943e-01 4.773524811378020843e-02 9.458314591899978918e-01
1.302115673340340436e+03 9.512105289267203112e-01 4.515381629967222393e-02 8.834098512896323419e-01
1.302126531816250917e+03 8.167883544699018339e-01 4.116005639555134904e-02 7.850236099898434405e-01
1.302137390382711374e+03 6.592091265211539319e-01 3.620849168330721179e-02 6.586620532428130170e-01
1.302148249039722714e+03 6.090638334679784327e-01 3.147734067667799090e-02 5.304190063829592461e-01
1.302159107787285166e+03 4.028827751071694108e-01 2.830230885553147724e-02 4.369923108052135574e-01
1.302169966625399866e+03 3.708085362849651845e-01 2.741797427839664375e-02 4.092649708423122257e-01
1.302180825554067951e+03 4.987107033438388237e-01 2.895526357994497244e-02 4.569085507158490156e-01
1.302191684573289422e+03 5.630140234587166503e-01 3.265986542330881481e-02 5.634362727689863348e-01
1.302202543683065414e+03 7.324993277485718490e-01 3.759273349849859280e-02 6.946097611887628309e-01
1.302213402883396611e+03 7.831436653867476227e-01 4.237481683658057136e-02 8.152198659771267009e-01
1.302224262174283695e+03 9.211318871283307175e-01 4.599642758968947032e-02 9.038730030463613119e-01
1.302235121555727574e+03 9.750250980027632686e-01 4.820910788821966553e-02 9.572077905977502965e-01
1.302245981027729385e+03 1.031270305144337707e+00 4.931790009041197437e-02 9.837381015556863062e-01
1.302256840590288675e+03 9.713348523678752011e-01 4.977802945560821923e-02 9.947127647875115830e-01
1.302267700243407489e+03 1.038534453129763335e+00 4.993730231409140158e-02 9.985070434525430416e-01
1.302278559987085828e+03 8.975564011565217992e-01 4.998368351115491104e-02 9.996115241064429391e-01
1.302289419821325055e+03 9.705764545935872123e-01 4.999525912794301752e-02 9.998871450824365903e-01
1.302300279746125170e+03 1.042205662405083499e+00 4.999789136941607676e-02 9.999498183147286223e-01
1.302311139761487311e+03 1.063507336595721942e+00 4.999855927258501503e-02 9.999657208782684048e-01
1.302321999867412615e+03 9.997174180889792927e-01 4.999882779484920992e-02 9.999721142971791377e-01
1.302332860063900853e+03 1.013373016605043642e+00 4.999899941165670408e-02 9.999762004284568073e-01
1.302343720350953845e+03 9.809877748272031184e-01 4.999913093523245672e-02 9.999793319532425118e-01
1.302354580728571818e+03 1.006258719575144234e+00 4.999923690912708163e-02 9.999818551489938478e-01
1.302365441196755455e+03 1.032104131383798418e+00 4.999932404495321253e-02 9.999839298171577795e-01
1.302376301755505665e+03 1.037340453105582094e+00 4.999939669133676018e-02 9.999856594971296975e-01
1.302387162404823357e+03 9.670240864983032925e-01 4.999945795754997396e-02 9.999871182196393704e-01
1.302398023144708759e+03 1.057366651801526558e+00 4.999951014316295766e-02 9.999883607366465421e-01
1.302408883975163462e+03 8.874725798902031171e-01 4.999955498497739292e-02 9.999894284007707634e-01
1.302419744896187694e+03 9.401212820587886432e-01 4.999959381737163061e-02 9.999903529830628246e-01
1.302430605907781910e+03 1.037990621283199966e+00 4.999962768082676784e-02 9.999911592569803442e-01
1.302441467009947473e+03 1.063567955181502933e+00 4.999965739730397735e-02 9.999918667930984828e-01
1.302452328202684612e+03 9.980689656466853465e-01 4.999968362371876029e-02 9.999924912323145954e-01
1.302463189485994462e+03 9.549490799755671055e-01 4.999970689058089168e-02 9.999930452058523045e-01
1.302474050859877707e+03 9.368880192360203862e-01 4.999972763037303924e-02 9.999935390109472300e-01
1.302484912324335255e+03 1.001579496878503006e+00 4.999974619869793080e-02 9.999939811143534474e-01
1.302495773879367334e+03 9.454795440946965890e-01 4.999976289024415238e-02 9.999943785324825196e-01
1.302506635524975081e+03 1.054386560283703034e+00 4.999977795098366901e-02 9.999947371218237402e-01
1.302517497261159633e+03 1.108792800304064796e+00 4.999979158759215725e-02 9.999950618032367178e-01
1.302528359087920762e+03 9.045126613334606436e-01 4.999980397479629468e-02 9.999953567368885521e-01
1.302539221005260060e+03 1.037080611142233266e+00 4.999981526115731406e-02 9.999956254599583483e-01
1.302550083013177755e+03 9.605960910350261894e-01 4.999982557366181024e-02 9.999958709959418934e-01
1.302560945111675210e+03 1.042579193655450931e+00 4.999983502139454528e-02 9.999960959420994833e-01
1.302571807300752425e+03 1.027014890376616529e+00 4.999984369849824750e-02 9.999963025399281058e-01
1.302582669580410766e+03 9.580161675764503615e-01 4.999985168657514883e-02 9.999964927323410357e-01
1.302593531950650913e+03 9.792734363022908006e-01 4.999985905664784680e-02 9.999966682103549331e-01
1.302604394411473550e+03 1.179724375993997265e+00 4.999986587077014100e-02 9.999968304514429418e-01
1.302615256962878675e+03 9.673228757339409345e-01 4.999987218335756600e-02 9.999969807512150144e-01
1.302626119604868563e+03 9.825721040253843075e-01 4.999987804229238941e-02 9.999971202497262013e-01
1.302636982337442760e+03 9.764556893082912969e-01 4.999988348984572145e-02 9.999972499534328652e-01
1.302647845160602401e+03 9.810708966779402296e-01 4.999988856345084776e-02 9.999973707536042866e-01
1.302658708074348169e+03 1.083742442265944295e+00 4.999989329635451396e-02 9.999974834418310365e-01
1.302669571078680974e+03 9.725826430848986126e-01 4.999989771816784612e-02 9.999975887231402627e-01
1.302680434173601270e+03 9.752816304836252614e-01 4.999990185533426806e-02 9.999976872271377770e-01
1.302691297359110422e+03 1.036639997636035204e+00 4.999990573152839068e-02 9.999977795175056805e-01
1.302702160635208656e+03 1.002346788233848596e+00 4.999990936799734303e-02 9.999978661001281965e-01
1.302713024001896656e+03 1.067525778479692988e+00 4.999991278385384347e-02 9.999979474300705329e-01
1.302723887459175330e+03 1.055097543327777387e+00 4.999991599632869904e-02 9.999980239175901842e-01
1.302734751007045816e+03 9.717871067252220607e-01 4.999991902098901986e-02 9.999980959333329977e-01
1.302745614645508567e+03 1.058186088890941789e+00 4.999992187192737331e-02 9.999981638128365713e-01
1.302756478374564040e+03 1.014514702511623012e+00 4.999992456192632606e-02 9.999982278604478969e-01
1.302767342194213370e+03 1.007987804976003599e+00 4.999992710260174611e-02 9.999982883527355204e-01
1.302778206104457013e+03 1.000775839668024858e+00 4.999992950452820245e-02 9.999983455414748201e-01
1.302789070105296105e+03 9.647140399353676399e-01 4.999993177734884942e-02 9.999983996562652466e-01
1.302799934196731328e+03 1.006376952314316675e+00 4.999993392987196056e-02 9.999984509068271521e-01
1.302810798378763138e+03 1.087111815632916256e+00 4.999993597015586766e-02 9.999984994850263931e-01
1.302821662651392671e+03 9.248604397949010680e-01 4.999993790558415752e-02 9.999985455666623446e-01
1.302832527014620155e+03 1.054801136066335410e+00 4.999993974293191062e-02 9.999985893130465264e-01
1.302843391468447180e+03 9.597246248451154482e-01 4.999994148842470953e-02 9.999986308724072570e-01
1.302854256012873520e+03 9.550599682026523762e-01 4.999994314779079851e-02 9.999986703811314381e-01
1.302865120647900540e+03 1.015440935600849803e+00 4.999994472630776843e-02 9.999987079648758881e-01
1.302875985373528920e+03 1.069027851927160988e+00 4.999994622884391254e-02 9.999987437395525536e-01
1.302886850189759343e+03 9.696591929050459857e-01 4.999994765989547452e-02 9.999987778122149118e-01
1.302897715096592492e+03 8.989473986298635033e-01 4.999994902361976773e-02 9.999988102818465618e-01
1.302908580094029276e+03 1.002084474688718529e+00 4.999995032386494315e-02 9.999988412400701021e-01
1.302919445182070376e+03 9.588136447296410347e-01 4.999995156419671793e-02 9.999988707717838432e-01
1.302930310360716703e+03 1.089583835004710011e+00 4.999995274792246036e-02 9.999988989557346830e-01
1.302941175629968939e+03 9.460217596177248334e-01 4.999995387811279057e-02 9.999989258650323620e-01
1.302952040989827537e+03 9.292711447000305824e-01 4.999995495762118297e-02 9.999989515676170893e-01
1.302962906440293409e+03 9.796308357173708625e-01 4.999995598910160488e-02 9.999989761266783184e-01
1.302973771981367463e+03 9.803391419724355460e-01 4.999995697502446906e-02 9.999989996010354432e-01
1.302984637613050609e+03 9.654832002318106676e-01 4.999995791769107356e-02 9.999990220454814116e-01
1.302995503335343074e+03 9.773189192741316145e-01 4.999995881924681335e-02 9.999990435110972520e-01
1.303006369148245994e+03 1.113247089976982407e+00 4.999995968169305277e-02 9.999990640455342916e-01
1.303017235051760053e+03 1.061913370889237207e+00 4.999996050689797800e-02 9.999990836932729499e-01
1.303028101045886160e+03 9.632923865770081084e-01 4.999996129660638083e-02 9.999991024958564401e-01
1.303038967130624542e+03 9.506196711002067312e-01 4.999996205244876951e-02 9.999991204921059307e-01
1.303049833305976790e+03 1.015876200727317658e+00 4.999996277594943861e-02 9.999991377183145014e-01
1.303060699571942678e+03 1.015441432780788578e+00 4.999996346853408102e-02 9.999991542084268881e-01
1.303071565928523569e+03 9.907778661706788670e-01 4.999996413153646319e-02 9.999991699941997991e-01
1.303082432375720373e+03 1.086618525670798086e+00 4.999996476620480884e-02 9.999991851053524616e-01
1.303093298913533545e+03 1.003667281628651153e+00 4.999996537370742650e-02 9.999991995697020686e-01
1.303104165541963994e+03 9.339136620035703995e-01 4.999996595513794134e-02 9.999992134132872357e-01
1.303115032261012175e+03 1.006245001967617458e+00 4.999996651152015248e-02 9.999992266604842417e-01
1.303125899070678997e+03 1.017576037458229665e+00 4.999996704381230034e-02 9.999992393341079477e-01
1.303136765970965371e+03 1.065207802456263453e+00 4.999996755291121614e-02 9.999992514555119394e-01
1.303147632961871750e+03 1.027066373967963520e+00 4.999996803965590236e-02 9.999992630446722375e-01
1.303158500043399272e+03 1.050438768950130664e+00 4.999996850483092586e-02 9.999992741202691215e-01
1.303169367215548391e+03 9.575809359757833095e-01 4.999996894916950568e-02 9.999992846997600715e-01
1.303180234478320017e+03 1.001571152615341243e+00 4.999996937335639963e-02 9.999992947994490455e-01
1.303191101831715059e+03 1.037824789735018349e+00 4.999996977803036757e-02 9.999993044345445448e-01
1.303201969275733745e+03 1.082957678309223848e+00 4.999997016378669029e-02 9.999993136192196763e-01
1.303212836810377212e+03 9.534731283527887458e-01 4.999997053117915397e-02 9.999993223666601150e-01
1.303223704435646368e+03 9.699021340304102567e-01 4.999997088072213186e-02 9.999993306891126199e-01
1.303234572151541897e+03 1.009586682744382014e+00 4.999997121289231211e-02 9.999993385979271121e-01
1.303245439958064026e+03 9.223073242377217706e-01 4.999997152813034917e-02 9.999993461035953102e-01
1.303256307855213890e+03 9.968140864308852045e-01 4.999997182684228630e-02 9.999993532157848142e-01
1.303267175842992629e+03 1.075205327011507617e+00 4.999997210940086007e-02 9.999993599433704139e-01
1.303278043921400240e+03 9.431877257619570853e-01 4.999997237614668688e-02 9.999993662944620665e-01
1.303288912090438089e+03 1.029377130694544729e+00 4.999997262738930387e-02 9.999993722764295434e-01
1.303299780350106857e+03 1.032353507108059842e+00 4.999997286340798069e-02 9.999993778959224144e-01
1.303310648700406773e+03 9.774981019659189085e-01 4.999997308445264937e-02 9.999993831588911419e-01
1.303321517141339200e+03 1.004235794058855102e+00 4.999997329074439695e-02 9.999993880705998484e-01
1.303332385672904593e+03 9.701113401438447026e-01 4.999997348247613854e-02 9.999993926356416374e-01
1.303343254295103861e+03 1.012246506172095328e+00 4.999997365981297126e-02 9.999993968579475867e-01
1.303354123007937915e+03 9.481537148050984687e-01 4.999997382289250031e-02 9.999994007407936314e-01
1.303364991811406753e+03 1.034648611223749182e+00 4.999997397182500553e-02 9.999994042868061150e-01
1.303375860705511968e+03 9.715555053314752776e-01 4.999997410669364956e-02 9.999994074979644543e-01
1.303386729690254015e+03 9.753612694301722064e-01 4.999997422755430437e-02 9.999994103755992514e-01
1.303397598765633575e+03 1.024982941250215607e+00 4.999997433443550271e-02 9.999994129203900739e-01
1.303408467931651558e+03 9.769620464673206550e-01 4.999997442733818132e-02 9.999994151323586822e-01
1.303419337188308646e+03 1.108842628996364432e+00 4.999997450623524381e-02 9.999994170108602587e-01
1.303430206535605294e+03 1.027394156245833745e+00 4.999997457107113047e-02 9.999994185545718617e-01
1.303441075973542866e+03 9.826070183630919441e-01 4.999997462176113822e-02 9.999994197614769931e-01
1.303451945502121589e+03 9.813391694832785950e-01 4.999997465819067122e-02 9.999994206288469467e-01
1.303462815121342373e+03 8.928702663227676695e-01 4.999997468021436658e-02 9.999994211532206023e-01
1.303473684831206356e+03 1.032140027043954689e+00 4.999997468765497027e-02 9.999994213303777801e-01
1.303484554631713763e+03 9.831609339306367490e-01 4.999997468030210890e-02 9.999994211553097090e-01
1.303495424522865505e+03 1.003871346296697276e+00 4.999997465791095053e-02 9.999994206221868298e-01
1.303506294504662264e+03 9.108613631142379319e-01 4.999997462020056016e-02 9.999994197243202709e-01
1.303517164577105177e+03 9.856088283936741412e-01 4.999997456685210950e-02 9.999994184541191045e-01
1.303528034740194698e+03 9.347749722562808117e-01 4.999997449750691325e-02 9.999994168030428288e-01
1.303538904993931510e+03 1.104832696218618349e+00 4.999997441176406987e-02 9.999994147615464124e-01
1.303549775338316522e+03 9.974045354399478924e-01 4.999997430917803992e-02 9.999994123190217854e-01
1.303560645773350416e+03 1.026912855664038116e+00 4.999997418925580112e-02 9.999994094637300046e-01
1.303571516299033874e+03 9.998062719328270065e-01 4.999997405145365642e-02 9.999994061827264247e-01
1.303582386915367806e+03 9.832694451183998652e-01 4.999997389517389645e-02 9.999994024617794297e-01
1.303593257622353121e+03 1.002689539424340026e+00 4.999997371976078187e-02 9.999993982852762864e-01
1.303604128419990275e+03 9.394329995785627441e-01 4.999997352449631061e-02 9.999993936361220026e-01
1.303614999308279948e+03 1.054876342159191127e+00 4.999997330859545785e-02 9.999993884956251966e-01
1.303625870287223279e+03 9.997524947662782546e-01 4.999997307120081919e-02 9.999993828433714205e-01
1.303636741356820949e+03 1.010199889605309709e+00 4.999997281137674721e-02 9.999993766570833831e-01
1.303647612517073185e+03 1.099803419700946305e+00 4.999997252810271103e-02 9.999993699124629654e-01
1.303658483767981352e+03 9.888580167067174687e-01 4.999997222026600352e-02 9.999993625830169153e-01
1.303669355109546132e+03 9.765244738555995951e-01 4.999997188665361580e-02 9.999993546398642241e-01
1.303680226541767979e+03 1.059618552776034672e+00 4.999997152594305022e-02 9.999993460515168575e-01
1.303691098064648031e+03 9.815453983377703251e-01 4.999997113669218257e-02 9.999993367836381708e-01
1.303701969678186515e+03 9.349150081279370417e-01 4.999997071732783377e-02 9.999993267987719037e-01
1.303712841382384795e+03 1.014585613523958818e+00 4.999997026613301615e-02 9.999993160560372019e-01
1.303723713177242871e+03 9.667196046110070329e-01 4.999996978123257690e-02 9.999993045107874456e-01
1.303734585062762335e+03 1.021222224365674558e+00 4.999996926057711372e-02 9.999992921142276669e-01
1.303745457038943414e+03 1.077599746426932015e+00 4.999996870192476711e-02 9.999992788129801191e-01
1.303756329105787245e+03 9.896196724388535149e-01 4.999996810282079929e-02 9.999992645485986653e-01
1.303767201263294282e+03 9.263290829432688778e-01 4.999996746057444597e-02 9.999992492570173308e-01
1.303778073511465209e+03 1.026790230557526273e+00 4.999996677223267350e-02 9.999992328679256914e-01
1.303788945850300706e+03 1.061670930889519138e+00 4.999996603455034161e-02 9.999992153040588860e-01
1.303799818279802139e+03 1.021062283384791325e+00 4.999996524395647346e-02 9.999991964803933708e-01
1.303810690799969734e+03 1.057594773337309224e+00 4.999996439651550884e-02 9.999991763032253234e-01
1.303821563410804401e+03 9.582957564589157373e-01 4.999996348788322137e-02 9.999991546691207045e-01
1.303832436112306823e+03 1.079262165456613465e+00 4.999996251325597441e-02 9.999991314637074469e-01
1.303843308904477908e+03 9.462220469340892892e-01 4.999996146731269103e-02 9.999991065602928941e-01
1.303854181787318339e+03 1.001195884032925143e+00 4.999996034414762314e-02 9.999990798182641916e-01
1.303865054760828798e+03 1.012507794281103379e+00 4.999995913719294111e-02 9.999990510812440947e-01
1.303875927825009967e+03 1.022907031631797192e+00 4.999995783912870861e-02 9.999990201749487939e-01
1.303886800979862983e+03 1.016985661920396300e+00 4.999995644177834125e-02 9.999989869046973512e-01
1.303897674225388300e+03 1.039878877830626713e+00 4.999995493598644730e-02 9.999989510525042480e-01
1.303908547561586602e+03 1.033576125879926311e+00 4.999995331147574079e-02 9.999989123736719998e-01
1.303919420988458796e+03 1.065131752521727648e+00 4.999995155667876640e-02 9.999988705927850274e-01
1.303930294506005566e+03 1.027387653631418152e+00 4.999994965853922502e-02 9.999988253989791076e-01
1.303941168114228049e+03 1.017911503823116348e+00 4.999994760227656487e-02 9.999987764403357460e-01
1.303952041813126243e+03 9.448312140406056603e-01 4.999994537110532405e-02 9.999987233172016321e-01
1.303962915602701287e+03 9.751320537223712170e-01 4.999994294589981542e-02 9.999986655742022501e-01
1.303973789482954317e+03 1.062988560055744269e+00 4.999994030479074092e-02 9.999986026906404479e-01
1.303984663453885560e+03 1.015633556593265707e+00 4.999993742267781760e-02 9.999985340688899438e-01
1.303995537515496153e+03 9.381578084623397595e-01 4.999993427063778584e-02 9.999984590203009338e-01
1.304006411667786551e+03 1.068292993927883794e+00 4.999993081520059945e-02 9.999983767479679875e-01
1.304017285910757437e+03 1.015015044656154553e+00 4.999992701745974849e-02 9.999982863255444387e-01
1.304028160244409946e+03 9.846761647745703172e-01 4.999992283197057102e-02 9.999981866710141443e-01
1.304039034668744534e+03 9.470679321606655376e-01 4.999991820537700443e-02 9.999980765139937500e-01
1.304049909183761883e+03 9.276853618383162914e-01 4.999991307468640289e-02 9.999979543546573257e-01
1.304060783789463358e+03 9.480600592520864733e-01 4.999990736508434092e-02 9.999978184117078728e-01
1.304071658485849184e+03 9.610663185035076550e-01 4.999990098714261755e-02 9.999976665559009437e-01
1.304082533272919818e+03 1.042126427397168209e+00 4.999989383321673531e-02 9.999974962242696996e-01
1.304093408150676851e+03 9.869991471287683504e-01 4.999988577274951801e-02 9.999973043083075774e-01
1.304104283119120510e+03 1.037779621842094935e+00 4.999987664607796062e-02 9.999970870065106876e-01
1.304115158178251704e+03 9.880079451762391329e-01 4.999986625616265751e-02 9.999968396274596660e-01
1.304126033328070889e+03 8.733843837746955163e-01 4.999985435738876771e-02 9.999965563231756338e-01
1.304136908568579202e+03 9.451545556413278870e-01 4.999984064016343294e-02 9.999962297223904395e-01
1.304147783899777096e+03 9.798779279348945881e-01 4.999982470935855627e-02 9.999958504172797857e-01
1.304158659321665937e+03 9.319917851429679878e-01 4.999980605353266522e-02 9.999954062306473102e-01
1.304169534834245496e+03 1.031514802691106958e+00 4.999978399995656797e-02 9.999948811451047082e-01
1.304180410437517367e+03 9.329618311583809387e-01 4.999975764694532254e-02 9.999942536919231850e-01
1.304191286131481775e+03 1.049426026074643969e+00 4.999972575669861530e-02 9.999934943996061643e-01
1.304202161916140085e+03 9.503191985700210065e-01 4.999968655678126844e-02 9.999925610672183440e-01
1.304213037791492297e+03 9.637911247507739976e-01 4.999963715946900700e-02 9.999913849392489951e-01
1.304223913757539776e+03 1.154050086059987157e+00 4.999957059496221157e-02 9.999898000676860077e-01
1.304234789814282976e+03 9.830178776845484023e-01 4.999945777535829555e-02 9.999871138817333360e-01
1.304245665961722807e+03 1.069681981719174946e+00 4.999914720438190796e-02 9.999797193152050179e-01
1.304256542199859950e+03 1.008511956720251623e+00 4.999789540014386302e-02 9.999499142852056321e-01
1.304267418528695089e+03 9.771957468435487071e-01 4.999257350640411851e-02 9.998232002317237743e-01
1.304278294948229131e+03 1.014041056099285409e+00 4.997223192711857526e-02 9.993388444366324563e-01
1.304289171458462761e+03 1.103447692720395779e+00 4.990559437193555631e-02 9.977518659080567565e-01
1.304300048059396431e+03 9.928206119978053579e-01 4.972139697144139364e-02 9.933630750454343072e-01
1.304310924751031280e+03 1.016792895874358615e+00 4.929540827400364505e-02 9.832011318048378135e-01
1.304321801533368216e+03 9.894577820489893760e-01 4.847829100230996446e-02 9.636598884626305095e-01
1.304332678406407695e+03 9.335035636725957930e-01 4.719505966582822343e-02 9.328333076435258997e-01
1.304343555370150398e+03 8.802363645863765518e-01 4.558376423975535330e-02 8.938625821434031948e-01
1.304354432424597235e+03 8.251666911787807202e-01 4.405061764934146973e-02 8.564758957803071393e-01
1.304365309569749115e+03 8.149605810727512667e-01 4.312678309920132264e-02 8.337864067321379968e-01
1.304376186805606494e+03 9.067725652819051962e-01 4.317912601952881430e-02 8.350754242047335740e-01
1.304387064132170053e+03 8.493177876104979207e-01 4.418610012703538814e-02 8.597927616468178380e-01
1.304397941549441157e+03 8.303743838215494888e-01 4.575120802142671611e-02 8.979270137488937209e-01
1.304408819057419805e+03 9.798088924888334050e-01 4.734379625242049472e-02 9.364154410793517069e-01
1.304419696656107135e+03 1.047596665500193369e+00 4.858180254729906056e-02 9.661390118766322033e-01
1.304430574345504283e+03 9.742553622614779085e-01 4.935375115607650714e-02 9.845939104882338588e-01
1.304441452125611249e+03 1.010310427914708375e+00 4.974847858355697233e-02 9.940085326357878115e-01
1.304452329996428944e+03 1.012330659749708373e+00 4.991605334562770196e-02 9.980009739535524727e-01
1.304463207957958730e+03 1.004062172076529924e+00 4.997562074165162738e-02 9.994195385168888057e-01
1.304474086010200608e+03 1.049569947694337868e+00 4.999350585335905761e-02 9.998453995569702712e-01
1.304484964153155943e+03 9.322119397815050723e-01 4.999812045458493226e-02 9.999552727648173267e-01
1.304495842386825188e+03 1.040204909724059990e+00 4.999920065983846917e-02 9.999809920681455022e-01
1.304506720711209027e+03 9.707842818386435146e-01 4.999947474880027387e-02 9.999875180121163831e-01
1.304517599126308369e+03 1.079344743796851969e+00 4.999957982597130063e-02 9.999900198539670715e-01
1.304528477632123895e+03 9.862682755508076493e-01 4.999964412794770385e-02 9.999915508556317389e-01
1.304539356228656516e+03 8.999753549068610914e-01 4.999969240911829316e-02 9.999927004087374449e-01
1.304550234915906685e+03 1.005251048423767557e+00 4.999973087733559918e-02 9.999936163196574412e-01
1.304561113693875541e+03 1.001277591005434342e+00 4.999976224897487859e-02 9.999943632641530300e-01
1.304571992562563537e+03 1.068908196577105452e+00 4.999978822789796079e-02 9.999949818104555410e-01
1.304582871521971811e+03 9.832495420007272280e-01 4.999981001145455128e-02 9.999955004669492942e-01
1.304593750572100362e+03 1.025863609477841720e+00 4.999982847435027744e-02 9.999959400599968129e-01
1.304604629712950555e+03 9.444527533031346067e-01 4.999984427054269404e-02 9.999963161600418093e-01
1.304615508944523071e+03 1.062960398849577270e+00 4.999985789807336739e-02 9.999966406252340789e-01
1.304626388266818594e+03 1.011643896523434671e+00 4.999986974230632986e-02 9.999969226309202153e-01
1.304637267679838260e+03 1.039040612037772204e+00 4.999988010559337087e-02 9.999971693759613922e-01
1.304648147183582068e+03 9.625824467377228633e-01 4.999988922809636693e-02 9.999973865785040106e-01
1.304659026778051157e+03 9.605261623523326797e-01 4.999989730269256694e-02 9.999975788308679281e-01
1.304669906463246434e+03 9.795868091169680492e-01 4.999990448583006147e-02 9.999977498580117086e-01
1.304680786239168583e+03 1.014515138152633611e+00 4.999991090555634676e-02 9.999979027086874916e-01
1.304691666105818058e+03 9.392366302967927183e-01 4.999991666753832165e-02 9.999980398987763364e-01
1.304702546063196223e+03 1.000327378118346822e+00 4.999992185963295088e-02 9.999981635201121710e-01
1.304713426111303079e+03 1.021300917254081453e+00 4.999992655539699932e-02 9.999982753240476141e-01
1.304724306250139989e+03 9.727202623125307257e-01 4.999993081681011059e-02 9.999983767862897777e-01
1.304735186479707409e+03 9.902785880361344439e-01 4.999993469640789251e-02 9.999984691576868645e-01
1.304746066800006247e+03 1.015610453598859930e+00 4.999993823896746459e-02 9.999985535043617313e-01
1.304756947211036959e+03 9.987074294549587172e-01 4.999994148285027973e-02 9.999986307396826479e-01
1.304767827712800909e+03 1.020319210816228450e+00 4.999994446108001894e-02 9.999987016499284342e-01
1.304778708305298096e+03 1.005381403189580691e+00 4.999994720221406785e-02 9.999987669150366409e-01
1.304789588988529886e+03 1.019690813804465579e+00 4.999994973105244961e-02 9.999988271254846017e-01
1.304800469762496959e+03 1.034020311950017978e+00 4.999995206921847152e-02 9.999988827961132642e-01
1.304811350627199772e+03 1.013921865374049158e+00 4.999995423563680097e-02 9.999989343775100847e-01
1.304822231582639006e+03 9.067070908905838778e-01 4.999995624692942647e-02 9.999989822654365978e-01
1.304833112628815798e+03 9.201342178506409786e-01 4.999995811774504001e-02 9.999990268086716982e-01
1.304843993765730829e+03 9.542585081672460001e-01 4.999995986103474011e-02 9.999990683155750570e-01
1.304854874993384783e+03 1.011112874045963839e+00 4.999996148828358966e-02 9.999991070596000453e-01
1.304865756311778341e+03 1.087451707565464387e+00 4.999996300970594582e-02 9.999991432839462346e-01
1.304876637720912186e+03 9.293371897059832243e-01 4.999996443441110522e-02 9.999991772055015771e-01
1.304887519220787681e+03 9.455921034392189561e-01 4.999996577054417746e-02 9.999992090181971660e-01
1.304898400811404599e+03 1.003875234502569436e+00 4.999996702540641241e-02 9.999992388958726108e-01
1.304909282492764532e+03 9.507464791883204480e-01 4.999996820555822202e-02 9.999992669947280755e-01
1.304920164264867708e+03 9.362752388980892793e-01 4.999996931690795648e-02 9.999992934554384760e-01
1.304931046127715035e+03 9.368471339681379018e-01 4.999997036478829454e-02 9.999993184049725814e-01
1.304941928081307424e+03 1.028515799988090729e+00 4.999997135402250992e-02 9.999993419581701959e-01
1.304952810125645783e+03 9.906315117757186206e-01 4.999997228898187679e-02 9.999993642191091769e-01
1.304963692260730340e+03 9.901484272684235588e-01 4.999997317363575472e-02 9.999993852822987028e-01
1.304974574486562233e+03 1.055988845811750787e+00 4.999997401159522736e-02 9.999994052337161099e-01
1.304985456803142142e+03 9.279452941204621164e-01 4.999997480615133577e-02 9.999994241517200511e-01
1.304996339210470978e+03 1.081279914903399364e+00 4.999997556030855161e-02 9.999994421078455265e-01
1.305007221708548968e+03 9.647850480261687123e-01 4.999997627681440626e-02 9.999994591675098743e-01
1.305018104297377477e+03 1.044827698090481150e+00 4.999997695818536592e-02 9.999994753906291667e-01
1.305028986976956958e+03 9.963258429243262437e-01 4.999997760672988956e-02 9.999994908321662157e-01
1.305039869747288094e+03 1.023054754718071946e+00 4.999997822456876684e-02 9.999995055426166291e-01
1.305050752608372022e+03 1.053485299216380122e+00 4.999997881365315228e-02 9.999995195684361349e-01
1.305061635560208742e+03 9.251288766077194747e-01 4.999997937578069818e-02 9.999995329524260512e-01
1.305072518602800073e+03 9.104500572318517948e-01 4.999997991260980018e-02 9.999995457340721261e-01
1.305083401736145788e+03 1.010928839371337151e+00 4.999998042567238565e-02 9.999995579498486276e-01
1.305094284960247251e+03 1.027392976293517668e+00 4.999998091638538367e-02 9.999995696334920137e-01
1.305105168275105143e+03 9.638085394228973479e-01 4.999998138606093212e-02 9.999995808162436273e-01
1.305116051680720147e+03 9.733787090008729770e-01 4.999998183591556483e-02 9.999995915270686320e-01
1.305126935177092719e+03 1.020335239792819149e+00 4.999998226707844801e-02 9.999996017928519665e-01
1.305137818764223766e+03 9.495769595134448959e-01 4.999998268059888118e-02 9.999996116385770906e-01
1.305148702442114654e+03 9.603795398701477914e-01 4.999998307745297937e-02 9.999996210874846359e-01
1.305159586210765383e+03 1.049988501535039420e+00 4.999998345854973769e-02 9.999996301612172900e-01
1.305170470070176862e+03 8.756728173960248718e-01 4.999998382473643671e-02 9.999996388799484714e-01
1.305181354020350227e+03 9.599495299059508380e-01 4.999998417680373564e-02 9.999996472625036770e-01
1.305192238061285707e+03 1.020973114631432477e+00 4.999998451549012013e-02 9.999996553264655086e-01
1.305203122192984438e+03 9.655686708688488995e-01 4.999998484148594075e-02 9.999996630882710402e-01
1.305214006415447102e+03 1.090660308264091993e+00 4.999998515543720851e-02 9.999996705633014127e-01
1.305224890728674382e+03 9.286428656263883141e-01 4.999998545794896027e-02 9.999996777659623248e-01
1.305235775132666959e+03 1.063619753803979551e+00 4.999998574958833264e-02 9.999996847097571973e-01
1.305246659627425743e+03 9.816757742924372421e-01 4.999998603088741389e-02 9.999996914073544518e-01
1.305257544212951643e+03 1.125096045517461230e+00 4.999998630234576275e-02 9.999996978706487960e-01
1.305268428889244888e+03 1.073748040072364462e+00 4.999998656443288558e-02 9.999997041108185103e-01
1.305279313656306613e+03 1.004642020469510788e+00 4.999998681759026259e-02 9.999997101383751863e-01
1.305290198514137728e+03 9.347916676979066697e-01 4.999998706223341555e-02 9.999997159632123545e-01
1.305301083462738916e+03 9.075217253672819284e-01 4.999998729875367726e-02 9.999997215946473395e-01
1.305311968502110403e+03 1.004401674412869871e+00 4.999998752751996095e-02 9.999997270414636708e-01
1.305322853632253782e+03 9.609656374397020917e-01 4.999998774888012726e-02 9.999997323119441672e-01
1.305333738853169052e+03 1.046207198122975246e+00 4.999998796316262872e-02 9.999997374139084627e-01
1.305344624164857350e+03 1.097337041262489432e+00 4.999998817067756451e-02 9.999997423547404285e-01
1.305355509567319359e+03 9.961900188687974333e-01 4.999998837171811678e-02 9.999997471414202588e-01
1.305366395060555760e+03 1.008444641224847116e+00 4.999998856656152207e-02 9.999997517805490066e-01
1.305377280644567463e+03 1.008597972900520778e+00 4.999998875547009836e-02 9.999997562783724536e-01
1.305388166319355150e+03 1.026728993553333025e+00 4.999998893869233435e-02 9.999997606408066453e-01
1.305399052084919958e+03 9.338361695133450269e-01 4.999998911646357652e-02 9.999997648734554323e-01
1.305409937941262115e+03 9.607199939334193362e-01 4.999998928900703521e-02 9.999997689816330082e-01
1.305420823888382074e+03 9.768353379183259966e-01 4.999998945653437443e-02 9.999997729703793414e-01
1.305431709926281428e+03 9.779198258165929802e-01 4.999998961924653762e-02 9.999997768444783830e-01
1.305442596054960859e+03 1.043070124468266524e+00 4.999998977733436517e-02 9.999997806084743868e-01
1.305453482274420594e+03 9.952846224127608332e-01 4.999998993097915650e-02 9.999997842666837888e-01
1.305464368584661543e+03 9.784690574385399575e-01 4.999999008035328762e-02 9.999997878232107507e-01
1.305475254985684387e+03 9.597891075457249954e-01 4.999999022562075235e-02 9.999997912819600376e-01
1.305486141477490264e+03 9.762964618758597224e-01 4.999999036693760640e-02 9.999997946466470111e-01
1.305497028060079401e+03 1.005219505080484632e+00 4.999999050445241150e-02 9.999997979208091747e-01
1.305507914733453390e+03 9.910543134383830166e-01 4.999999063830673496e-02 9.999998011078168325e-01
1.305518801497612003e+03 9.952413299887006293e-01 4.999999076863548969e-02 9.999998042108825258e-01
1.305529688352556832e+03 1.027348988078035319e+00 4.999999089556730891e-02 9.999998072330685828e-01
1.305540575298287877e+03 1.030429723541906650e+00 4.999999101922495554e-02 9.999998101772983317e-01
1.305551462334806729e+03 1.011008991415703884e+00 4.999999113972553033e-02 9.999998130463596535e-01
1.305562349462113389e+03 1.012864003762415477e+00 4.999999125718089521e-02 9.999998158429159734e-01
1.305573236680208765e+03 9.948149901839465903e-01 4.999999137169790220e-02 9.999998185695113673e-01
1.305584123989093996e+03 1.033718755613664442e+00 4.999999148337866406e-02 9.999998212285772237e-01
1.305595011388769763e+03 1.051493364344192161e+00 4.999999159232083878e-02 9.999998238224385716e-01
1.305605898879236520e+03 9.697157551957406030e-01 4.999999169861778919e-02 9.999998263533184106e-01
1.305616786460495177e+03 1.081186422038622474e+00 4.999999180235889518e-02 9.999998288233445942e-01
1.305627674132546417e+03 1.045941026394795248e+00 4.999999190362967166e-02 9.999998312345537155e-01
1.305638561895391149e+03 9.564607590726823538e-01 4.999999200251210169e-02 9.999998335888972134e-01
1.305649449749030055e+03 1.031571714170625320e+00 4.999999209908460862e-02 9.999998358882427052e-01
1.305660337693464044e+03 9.818008866030661919e-01 4.999999219342245865e-02 9.999998381343819798e-01
1.305671225728693116e+03 9.648798663502311523e-01 4.999999228559776077e-02 9.999998403290319970e-01
1.305682113854719319e+03 9.573399557812785066e-01 4.999999237567968186e-02 9.999998424738397729e-01
1.305693002071542423e+03 9.884538331292459512e-01 4.999999246373459244e-02 9.999998445703852656e-01
1.305703890379163340e+03 1.021355843390568952e+00 4.999999254982619157e-02 9.999998466201851510e-01
1.305714778777583206e+03 9.432278737084466291e-01 4.999999263401565253e-02 9.999998486246960416e-01
1.305725667266802475e+03 1.082009027490810738e+00 4.999999271636170611e-02 9.999998505853164854e-01
1.305736555846822057e+03 9.692411520695716209e-01 4.999999279692080023e-02 9.999998525033900743e-01
1.305747444517642407e+03 1.065257920264413016e+00 4.999999287574719009e-02 9.999998543802089968e-01
1.305758333279264662e+03 9.962878007369981859e-01 4.999999295289303536e-02 9.999998562170147043e-01
1.305769222131689276e+03 9.733532104516645633e-01 4.999999302840849730e-02 9.999998580150020189e-01
1.305780111074917386e+03 9.281684891914494528e-01 4.999999310234182898e-02 9.999998597753195773e-01
1.305791000108949220e+03 9.549897425975387710e-01 4.999999317473947935e-02 9.999998614990731616e-01
1.305801889233786142e+03 1.147873840711059357e+00 4.999999324564619041e-02 9.999998631873280308e-01
1.305812778449428151e+03 9.730046773878205935e-01 4.999999331510496942e-02 9.999998648411085878e-01
1.305823667755876613e+03 9.502190847993968736e-01 4.999999338315731096e-02 9.999998664614023758e-01
1.305834557153132437e+03 9.246849724948353888e-01 4.999999344984317612e-02 9.999998680491609671e-01
1.305845446641195849e+03 1.027342486989146986e+00 4.999999351520100638e-02 9.999998696052999625e-01
1.305856336220067760e+03 9.820598643782108006e-01 4.999999357926394189e-02 9.999998711306078425e-01
1.305867225889749079e+03 1.084822558830214279e+00 4.999999364191411166e-02 9.999998726222786294e-01
1.305878115650240261e+03 8.930838596185388667e-01 4.999999369861502646e-02 9.999998739723002794e-01
1.305889005501542670e+03 1.023376743581915882e+00 4.999999364451421929e-02 9.999998726841858865e-01
1.305899895443656305e+03 1.079686628682199778e+00 4.999999162511159501e-02 9.999998246031709392e-01
1.305910785476582078e+03 9.998498131285474821e-01 4.999996241270975028e-02 9.999991290697494151e-01
1.305921675600321578e+03 9.247050545994287551e-01 4.999964260463594240e-02 9.999915145862556809e-01
1.305932565814874579e+03 9.896929117338125748e-01 4.999692891448871690e-02 9.999269024956608520e-01
1.305943456120241990e+03 1.038064936473925171e+00 4.997904702588892162e-02 9.995011237608130150e-01
1.305954346516425176e+03 1.031831099689044295e+00 4.988750741308118491e-02 9.973210536977316076e-01
1.305965237003424136e+03 1.044178184870318882e+00 4.952350949252604800e-02 9.886445972423123507e-01
1.305976127581240462e+03 7.797581701799404241e-01 4.840045087081820685e-02 9.617948858949281199e-01
1.305987018249874154e+03 8.717579087031719354e-01 4.572010451916962842e-02 8.971722927557150840e-01
1.305997909009326122e+03 8.376169309332588409e-01 4.080614232091412524e-02 7.761754072547469852e-01
1.306008799859597502e+03 -1.034076926846013832e+10 4.582575694497583508e+08 -9.999999999000000000e+09
