1.300878400450068511e+03 9.210858852152958853e-01 4.999998369838469514e-02 -9.999999999000000000e+09
1.300889248608233856e+03 9.737424995972061570e-01 4.999998344345966267e-02 -9.999999999000000000e+09
1.300900096856862774e+03 9.946397567263806083e-01 4.999998318202011210e-02 -9.999999999000000000e+09
1.300910945195956629e+03 1.015195873040466878e+00 4.999998291384067511e-02 -9.999999999000000000e+09
1.300921793625515875e+03 1.061013106067064893e+00 4.999998263868610238e-02 -9.999999999000000000e+09
1.300932642145541195e+03 1.050541494577514001e+00 4.999998235631076399e-02 -9.999999999000000000e+09
1.300943490756033498e+03 1.008244565342132804e+00 4.999998206645812210e-02 -9.999999999000000000e+09
1.300954339456993694e+03 9.916127536499570461e-01 4.999998176886009255e-02 -9.999999999000000000e+09
1.300965188248421782e+03 9.668216327250828135e-01 4.999998146323643422e-02 -9.999999999000000000e+09
1.300976037130319355e+03 8.969384366270183317e-01 4.999998114929408294e-02 -9.999999999000000000e+09
1.300986886102687095e+03 9.725815754828003312e-01 4.999998082672644367e-02 -9.999999999000000000e+09
1.300997735165525228e+03 9.863852577819838263e-01 4.999998049521266197e-02 -9.999999999000000000e+09
1.301008584318834892e+03 1.038637291166958576e+00 4.999998015441671495e-02 1.020445096575052890e+00
1.301019433562616541e+03 9.213939727220521458e-01 4.999997980398668274e-02 1.020208892790079869e+00
1.301030282896871540e+03 9.844275435649677553e-01 4.999997944355374230e-02 1.019973884502058059e+00
1.301041132321600116e+03 9.664998530749193684e-01 4.999997907273118908e-02 1.019740071732254227e+00
1.301051981836803179e+03 1.115987784394731008e+00 4.999997869111345167e-02 1.019507454501512811e+00
1.301062831442481183e+03 1.035982857601257745e+00 4.999997829827488444e-02 1.019276032830226830e+00
1.301073681138635266e+03 9.796480066799642117e-01 4.999997789376862956e-02 1.019045806738312798e+00
1.301084530925266336e+03 1.155801607150041876e+00 4.999997747712528473e-02 1.018816776245182076e+00
1.301095380802374621e+03 9.938192759462776138e-01 4.999997704785159869e-02 1.018588941369713119e+00
1.301106230769961257e+03 1.038332290849992567e+00 4.999997660542890993e-02 1.018362302130213060e+00
1.301117080828026928e+03 1.000038524494580194e+00 4.999997614931159240e-02 1.018136858544386181e+00
1.301127930976572088e+03 1.019919226621528230e+00 4.999997567892539019e-02 1.017912610629292613e+00
1.301138781215598101e+03 1.016854065709760668e+00 4.999997519366555093e-02 1.017689558401309480e+00
1.301149631545105194e+03 1.089531250921617733e+00 4.999997469289487600e-02 1.017467701876086261e+00
1.301160481965094277e+03 1.045222038329444381e+00 4.999997417594159721e-02 1.017247041068498170e+00
1.301171332475566032e+03 1.050766532515317264e+00 4.999997364209711470e-02 1.017027575992593080e+00
1.301182183076521369e+03 9.833859217464360203e-01 4.999997309061352674e-02 1.016809306661535794e+00
1.301193033767961197e+03 9.223044971053300234e-01 4.999997252070099291e-02 1.016592233087553199e+00
1.301203884549885970e+03 1.008353432076675160e+00 4.999997193152488917e-02 1.016376355281866983e+00
1.301214735422296144e+03 9.848323627749631104e-01 4.999997132220267149e-02 1.016161673254623921e+00
1.301225586385193310e+03 9.673972978934088918e-01 4.999997069180060760e-02 1.015948187014821258e+00
1.301236437438577468e+03 9.721824035032505806e-01 4.999997003933013412e-02 1.015735896570225449e+00
1.301247288582449755e+03 1.019529010037488970e+00 4.999996936374390827e-02 1.015524801927285115e+00
1.301258139816810854e+03 1.047221125190217483e+00 4.999996866393161682e-02 1.015314903091035337e+00
1.301268991141661672e+03 1.018738970503948682e+00 4.999996793871534090e-02 1.015106200064994635e+00
1.301279842557002894e+03 9.533443611631119419e-01 4.999996718684452529e-02 1.014898692851053497e+00
1.301290694062834746e+03 9.851003175152489577e-01 4.999996640699063549e-02 1.014692381449350922e+00
1.301301545659158592e+03 9.675143156228319663e-01 4.999996559774110699e-02 1.014487265858138532e+00
1.301312397345975114e+03 1.078709388060810737e+00 4.999996475759297537e-02 1.014283346073639125e+00
1.301323249123284995e+03 1.026340712149135692e+00 4.999996388494577088e-02 1.014080622089889472e+00
1.301334100991088690e+03 1.075999458291640121e+00 4.999996297809389950e-02 1.013879093898564898e+00
1.301344952949387334e+03 1.032622612370627468e+00 4.999996203521819144e-02 1.013678761488790325e+00
1.301355804998181839e+03 8.433996493839786002e-01 4.999996105437663069e-02 1.013479624846935767e+00
1.301366657137472430e+03 1.028907646353995675e+00 4.999996003349440471e-02 1.013281683956387846e+00
1.301377509367260018e+03 1.045275091086996122e+00 4.999995897035268422e-02 1.013084938797301326e+00
1.301388361687545739e+03 9.061601672717731759e-01 4.999995786257659114e-02 1.012889389346324887e+00
1.301399214098330049e+03 1.053126951826968583e+00 4.999995670762168165e-02 1.012695035576303582e+00
1.301410066599613401e+03 9.968605841955754387e-01 4.999995550275934675e-02 1.012501877455944665e+00
1.301420919191397161e+03 9.978448891495176332e-01 4.999995424506040870e-02 1.012309914949451883e+00
1.301431771873681782e+03 1.015747874413338581e+00 4.999995293137727420e-02 1.012119148016123793e+00
1.301442624646467721e+03 9.663454293685967977e-01 4.999995155832399896e-02 1.011929576609906789e+00
1.301453477509756567e+03 1.041571274116366075e+00 4.999995012225430524e-02 1.011741200678898611e+00
1.301464330463548322e+03 1.072006034394250129e+00 4.999994861923712230e-02 1.011554020164802559e+00
1.301475183507843894e+03 1.032968010177106821e+00 4.999994704502949000e-02 1.011368035002315091e+00
1.301486036642643967e+03 9.460204904779599966e-01 4.999994539504629132e-02 1.011183245118445706e+00
1.301496889867949676e+03 1.068959862871172284e+00 4.999994366432661957e-02 1.010999650431760211e+00
1.301507743183761477e+03 9.945027310601869397e-01 4.999994184749611409e-02 1.010817250851536064e+00
1.301518596590080278e+03 1.043314211497707866e+00 4.999993993872486886e-02 1.010636046276814692e+00
1.301529450086906763e+03 1.012558407627730306e+00 4.999993793168023420e-02 1.010456036595340557e+00
1.301540303674241613e+03 8.943355156078994783e-01 4.999993581947378279e-02 1.010277221682367665e+00
1.301551157352085283e+03 9.460398180934509460e-01 4.999993359460171843e-02 1.010099601399317315e+00
1.301562011120439365e+03 1.019399732367179512e+00 4.999993124887753410e-02 1.009923175592263966e+00
1.301572864979303858e+03 1.069323230277865466e+00 4.999992877335603797e-02 1.009747944090226834e+00
1.301583718928679900e+03 1.020764836752319438e+00 4.999992615824720016e-02 1.009573906703230772e+00
1.301594572968568173e+03 1.000236332401149175e+00 4.999992339281847387e-02 1.009401063220106032e+00
1.301605427098969358e+03 1.044322918645545162e+00 4.999992046528352330e-02 1.009229413405984932e+00
1.301616281319884365e+03 1.035089115051566866e+00 4.999991736267541537e-02 1.009058956999444812e+00
1.301627135631313649e+03 1.016460807784483222e+00 4.999991407070154131e-02 1.008889693709241975e+00
1.301637990033258120e+03 1.004645195896592291e+00 4.999991057357726365e-02 1.008721623210562246e+00
1.301648844525718687e+03 8.649723399369726451e-01 4.999990685383471495e-02 1.008554745140713305e+00
1.301659699108696032e+03 9.331630155170955732e-01 4.999990289210216876e-02 1.008389059094156437e+00
1.301670553782190837e+03 9.833628302527002152e-01 4.999989866684914630e-02 1.008224564616755359e+00
1.301681408546203784e+03 1.052584148191252345e+00 4.999989415409035465e-02 1.008061261199103997e+00
1.301692263400735555e+03 1.083888211359032461e+00 4.999988932704130945e-02 1.007899148268757372e+00
1.301703118345787288e+03 9.742049244797803542e-01 4.999988415571598316e-02 1.007738225181154412e+00
1.301713973381359665e+03 1.041272546679417488e+00 4.999987860645521698e-02 1.007578491208975802e+00
1.301724828507453140e+03 9.517771237699452769e-01 4.999987264137176202e-02 1.007419945529616445e+00
1.301735683724068622e+03 9.641152638463477142e-01 4.999986621769481054e-02 1.007262587210379978e+00
1.301746539031206567e+03 1.015637354526190750e+00 4.999985928699241661e-02 1.007106415190909932e+00
1.301757394428868565e+03 1.017478280532699397e+00 4.999985179424502879e-02 1.006951428262251147e+00
1.301768249917054618e+03 1.039793793647995512e+00 4.999984367673680069e-02 1.006797625041776723e+00
1.301779105495765634e+03 9.853347000061007943e-01 4.999983486272191469e-02 1.006645003943015926e+00
1.301789961165002524e+03 1.032478427001872978e+00 4.999982526981244096e-02 1.006493563139156944e+00
1.301800816924765741e+03 1.071678309071190771e+00 4.999981480301870368e-02 1.006343300518660611e+00
1.301811672775056422e+03 9.819349683209328550e-01 4.999980335235363477e-02 1.006194213630960954e+00
1.301822528715875251e+03 1.037622195887824450e+00 4.999979078988585346e-02 1.006046299619626883e+00
1.301833384747222681e+03 8.988256593110418580e-01 4.999977696609128608e-02 1.005899555139542878e+00
1.301844240869099622e+03 1.048726281475880207e+00 4.999976170530417985e-02 1.005753976253561666e+00
1.301855097081506983e+03 1.071993304008574732e+00 4.999974480000331234e-02 1.005609558302567930e+00
1.301865953384445447e+03 1.038002901998440031e+00 4.999972600357710517e-02 1.005466295740775173e+00
1.301876809777915469e+03 1.127212975863576938e+00 4.999970502108332104e-02 1.005324181925125737e+00
1.301887666261918412e+03 1.014816462355385474e+00 4.999968149733763356e-02 1.005183208843442255e+00
1.301898522836454731e+03 1.051612116546300824e+00 4.999965500140284708e-02 1.005043366759911683e+00
1.301909379501525109e+03 1.083782193890588719e+00 4.999962500616896011e-02 1.004904643747566162e+00
1.301920236257130000e+03 9.652296020322513881e-01 4.999959086114597051e-02 1.004767025064161601e+00
1.301931093103270541e+03 1.013686180758232247e+00 4.999955175573411043e-02 1.004630492307729384e+00
1.301941950039947642e+03 1.031748526040466851e+00 4.999950666891345846e-02 1.004495022256899572e+00
1.301952807067161984e+03 1.013094292899158200e+00 4.999945429921114765e-02 1.004360585251703464e+00
1.301963664184914023e+03 9.080195080300197397e-01 4.999939296543900319e-02 1.004227142890264490e+00
1.301974521393204668e+03 9.629970385074558825e-01 4.999932046310379130e-02 1.004094644682376636e+00
1.301985378692034601e+03 9.293182522306744353e-01 4.999923385180275737e-02 1.003963023068091598e+00
1.301996236081404732e+03 1.112088369040580060e+00 4.999912913183564289e-02 1.003832185789002018e+00
1.302007093561315742e+03 9.645347264631669582e-01 4.999900073639111653e-02 1.003702003790061914e+00
1.302017951131768314e+03 9.183796760798123016e-01 4.999884070120444446e-02 1.003572290887119856e+00
1.302028808792763357e+03 1.039479919274852726e+00 4.999863719432401377e-02 1.003442761620288337e+00
1.302039666544301326e+03 1.002986021543848860e+00 4.999837085397474540e-02 1.003312853945728111e+00
1.302050524386383586e+03 1.033036748884423206e+00 4.999799268951461012e-02 1.003180265269354221e+00
1.302061382319010363e+03 1.031563392766785103e+00 4.999720982563427008e-02 1.003028445194678930e+00
1.302072240342182340e+03 1.006416004500737982e+00 4.999363794477410666e-02 1.002740379772089518e+00
1.302083098455900881e+03 9.471395056728307837e-01 4.997075991580574722e-02 1.001650928106656124e+00
1.302093956660166214e+03 1.076564799286501728e+00 4.984237562795186538e-02 9.968924313291075423e-01
1.302104814954979020e+03 1.018508526345651699e+00 4.928759742268992022e-02 9.795029979690641486e-01
1.302115673340340436e+03 8.844491719055402879e-01 4.751409406273256891e-02 9.305988447127109264e-01
1.302126531816250917e+03 8.564875143497528986e-01 4.343186607292888468e-02 8.277901625656762796e-01
1.302137390382711374e+03 6.848046823616845691e-01 3.686427692386602673e-02 6.691430601206734829e-01
1.302148249039722714e+03 4.969484870116789299e-01 2.981122214321238473e-02 4.933130421028887325e-01
1.302159107787285166e+03 3.356879613058811884e-01 2.519312774414224007e-02 3.628949759330252212e-01
1.302169966625399866e+03 3.488831397225325981e-01 2.401404209740207532e-02 3.255760866223209593e-01
1.302180825554067951e+03 3.811471292149702372e-01 2.610401929098821877e-02 3.941663607400110458e-01
1.302191684573289422e+03 5.475998178707436326e-01 3.159452499162895139e-02 5.446224496373311963e-01
1.302202543683065414e+03 7.309425260375937983e-01 3.882264987105162046e-02 7.212607235367805014e-01
1.302213402883396611e+03 8.455334229006399305e-01 4.481457034587511823e-02 8.647914587412686149e-01
1.302224262174283695e+03 9.614031206907357463e-01 4.818150608100994770e-02 9.491954226276251294e-01
1.302235121555727574e+03 1.063138914671667878e+00 4.951576031011675760e-02 9.857362378285593474e-01
1.302245981027729385e+03 9.427210822280686076e-01 4.989923294875921872e-02 9.975372961636098657e-01
1.302256840590288675e+03 1.030832656042760309e+00 4.998145534800650658e-02 1.000390602422183139e+00
1.302267700243407489e+03 1.028794659189556704e+00 4.999529856942065004e-02 1.000869259515501319e+00
1.302278559987085828e+03 1.038080654609557785e+00 4.999751414919588466e-02 1.000869298714377464e+00
1.302289419821325055e+03 1.074558822205500475e+00 4.999811250816269675e-02 1.000793206744438946e+00
1.302300279746125170e+03 1.047082992249579014e+00 4.999845049237949118e-02 1.000706678418749274e+00
1.302311139761487311e+03 1.052058732786497197e+00 4.999869703027202267e-02 1.000618636874950340e+00
1.302321999867412615e+03 9.736494367298530461e-01 4.999888721878230358e-02 1.000530449927772070e+00
1.302332860063900853e+03 9.577774457200288749e-01 4.999903766311564191e-02 1.000442550577296474e+00
1.302343720350953845e+03 1.025238439035058846e+00 4.999915893473384082e-02 1.000355186435750943e+00
1.302354580728571818e+03 1.036323201371037062e+00 4.999925823706397043e-02 1.000268523274311594e+00
1.302365441196755455e+03 1.016064064740710871e+00 4.999934064598014760e-02 1.000182677236778339e+00
1.302376301755505665e+03 1.012288615323724494e+00 4.999940983267487510e-02 1.000097732015765351e+00
1.302387162404823357e+03 9.929792753493545954e-01 4.999946851128380526e-02 1.000013749313063416e+00
1.302398023144708759e+03 9.218656799990837536e-01 4.999951872659442326e-02 9.999307755129408504e-01
1.302408883975163462e+03 9.607757233347893333e-01 4.999956204466535908e-02 9.998488460796742805e-01
1.302419744896187694e+03 1.014408123249084470e+00 4.999959968242750213e-02 9.997679885346972828e-01
1.302430605907781910e+03 1.070818816789876671e+00 4.999963259779794528e-02 9.996882245195235495e-01
1.302441467009947473e+03 9.511058544851488383e-01 4.999966155358475522e-02 9.996095712545163270e-01
1.302452328202684612e+03 1.051687858780737672e+00 4.999968716360510268e-02 9.995320425891290883e-01
1.302463189485994462e+03 9.913186773918190031e-01 4.999970992649265672e-02 9.994556497702404840e-01
1.302474050859877707e+03 9.687306942197763115e-01 4.999973025083293693e-02 9.993804020124117393e-01
1.302484912324335255e+03 1.020590121543237805e+00 4.999974847409194290e-02 9.993063069266896470e-01
1.302495773879367334e+03 1.021051998064304689e+00 4.999976487703849254e-02 9.992333708468950082e-01
1.302506635524975081e+03 1.028092280194248032e+00 4.999977969485107365e-02 9.991615990806228531e-01
1.302517497261159633e+03 1.022134138882867527e+00 4.999979312575646845e-02 9.990909961042603316e-01
1.302528359087920762e+03 1.067228280503190740e+00 4.999980533780987169e-02 9.990215657159173812e-01
1.302539221005260060e+03 1.044487790612268929e+00 4.999981647426160469e-02 9.989533111563762002e-01
1.302550083013177755e+03 9.763584995258057786e-01 4.999982665783851005e-02 9.988862352055152272e-01
1.302560945111675210e+03 9.184665902163133833e-01 4.999983599418453967e-02 9.988203402597466418e-01
1.302571807300752425e+03 1.029879445311557395e+00 4.999984457464484028e-02 9.987556283946394942e-01
1.302582669580410766e+03 1.029879340092860529e+00 4.999985247853288434e-02 9.986921014158907095e-01
1.302593531950650913e+03 9.937245417101826517e-01 4.999985977498797030e-02 9.986297609010653664e-01
1.302604394411473550e+03 1.022650420181921316e+00 4.999986652450568586e-02 9.985686082339735314e-01
1.302615256962878675e+03 9.347015058437710966e-01 4.999987278020573411e-02 9.985086446331346011e-01
1.302626119604868563e+03 9.471843199026415139e-01 4.999987858888739478e-02 9.984498711754665745e-01
1.302636982337442760e+03 1.044917207340869236e+00 4.999988399191256094e-02 9.983922888161007592e-01
1.302647845160602401e+03 9.665739476056681712e-01 4.999988902594778434e-02 9.983358984050247908e-01
1.302658708074348169e+03 9.333521950763630226e-01 4.999989372359059381e-02 9.982807007011245126e-01
1.302669571078680974e+03 1.023321706365258654e+00 4.999989811390022354e-02 9.982266963840837892e-01
1.302680434173601270e+03 1.109112876079259458e+00 4.999990222284907831e-02 9.981738860645025246e-01
1.302691297359110422e+03 1.072259479300372798e+00 4.999990607370845969e-02 9.981222702925383050e-01
1.302702160635208656e+03 1.027965785711874247e+00 4.999990968737889896e-02 9.980718495653077005e-01
1.302713024001896656e+03 9.863877745269049591e-01 4.999991308267426326e-02 9.980226243332489533e-01
1.302723887459175330e+03 1.035589226844173982e+00 4.999991627656692056e-02 9.979745950056116977e-01
1.302734751007045816e+03 9.693685296708041133e-01 4.999991928439977834e-02 9.979277619552044953e-01
1.302745614645508567e+03 1.134733750146342146e+00 4.999992212007039333e-02 9.978821255225166498e-01
1.302756478374564040e+03 1.029082761256788991e+00 4.999992479619117663e-02 9.978376860193030051e-01
1.302767342194213370e+03 1.042982405132653501e+00 4.999992732422915698e-02 9.977944437317132209e-01
1.302778206104457013e+03 9.849733758499163994e-01 4.999992971462843827e-02 9.977523989230290269e-01
1.302789070105296105e+03 1.006994960938551564e+00 4.999993197691742636e-02 9.977115518360665236e-01
1.302799934196731328e+03 9.630864014115944061e-01 4.999993411980330899e-02 9.976719026952870495e-01
1.302810798378763138e+03 1.043476668024232890e+00 4.999993615125519764e-02 9.976334517086580256e-01
1.302821662651392671e+03 1.012806061840202165e+00 4.999993807857761041e-02 9.975961990692970849e-01
1.302832527014620155e+03 9.906119276028408915e-01 4.999993990847560049e-02 9.975601449569264645e-01
1.302843391468447180e+03 9.078992438460830039e-01 4.999994164711248773e-02 9.975252895391639729e-01
1.302854256012873520e+03 1.000036746570863055e+00 4.999994330016101912e-02 9.974916329726708497e-01
1.302865120647900540e+03 1.070898454955629298e+00 4.999994487284934591e-02 9.974591754041729486e-01
1.302875985373528920e+03 9.821548443236706172e-01 4.999994637000156061e-02 9.974279169713732296e-01
1.302886850189759343e+03 9.949328456062396242e-01 4.999994779607428580e-02 9.973978578037653309e-01
1.302897715096592492e+03 9.359171635837334469e-01 4.999994915518936323e-02 9.973689980233654273e-01
1.302908580094029276e+03 1.011521378081891021e+00 4.999995045116302494e-02 9.973413377453653750e-01
1.302919445182070376e+03 8.811556428370149741e-01 4.999995168753231661e-02 9.973148770787210182e-01
1.302930310360716703e+03 1.015297545485629227e+00 4.999995286757873830e-02 9.972896161266817661e-01
1.302941175629968939e+03 1.004315526836017325e+00 4.999995399434959548e-02 9.972655549872673220e-01
1.302952040989827537e+03 9.939372724098912704e-01 4.999995507067726830e-02 9.972426937536988945e-01
1.302962906440293409e+03 9.573112854547530803e-01 4.999995609919664907e-02 9.972210325147863319e-01
1.302973771981367463e+03 9.390932093310555562e-01 4.999995708236082415e-02 9.972005713552815065e-01
1.302984637613050609e+03 8.700974135448664715e-01 4.999995802245546517e-02 9.971813103561970593e-01
1.302995503335343074e+03 9.821657735339731632e-01 4.999995892161170769e-02 9.971632495950965014e-01
1.303006369148245994e+03 9.531746746395136638e-01 4.999995978181796807e-02 9.971463891463553386e-01
1.303017235051760053e+03 9.871396809732497779e-01 4.999996060493058780e-02 9.971307290814018787e-01
1.303028101045886160e+03 9.924837805703073945e-01 4.999996139268368667e-02 9.971162694689337247e-01
1.303038967130624542e+03 9.409825646302110158e-01 4.999996214669792660e-02 9.971030103751168383e-01
1.303049833305976790e+03 1.041423804416844012e+00 4.999996286848869265e-02 9.970909518637656177e-01
1.303060699571942678e+03 9.999812683850964889e-01 4.999996355947346899e-02 9.970800939965087650e-01
1.303071565928523569e+03 1.035669834774070486e+00 4.999996422097859744e-02 9.970704368329392775e-01
1.303082432375720373e+03 1.054601870650011763e+00 4.999996485424543224e-02 9.970619804307530032e-01
1.303093298913533545e+03 1.001742374636983568e+00 4.999996546043603690e-02 9.970547248458749845e-01
1.303104165541963994e+03 1.000331245082011655e+00 4.999996604063831201e-02 9.970486701325734780e-01
1.303115032261012175e+03 9.601070099509810829e-01 4.999996659587079006e-02 9.970438163435678680e-01
1.303125899070678997e+03 1.053595634270752202e+00 4.999996712708693059e-02 9.970401635301233689e-01
1.303136765970965371e+03 9.954489173569784910e-01 4.999996763517915166e-02 9.970377117421416191e-01
1.303147632961871750e+03 9.388078350465969280e-01 4.999996812098240345e-02 9.970364610282397289e-01
1.303158500043399272e+03 1.028677930575184307e+00 4.999996858527755439e-02 9.970364114358269969e-01
1.303169367215548391e+03 1.016716997440639370e+00 4.999996902879446509e-02 9.970375630111720788e-01
1.303180234478320017e+03 1.038727106730386263e+00 4.999996945221477779e-02 9.970399157994649375e-01
1.303191101831715059e+03 1.002551298046950423e+00 4.999996985617445600e-02 9.970434698448742417e-01
1.303201969275733745e+03 1.027023242420324944e+00 4.999997024126613676e-02 9.970482251905999904e-01
1.303212836810377212e+03 1.020153832231645907e+00 4.999997060804129562e-02 9.970541818789202537e-01
1.303223704435646368e+03 9.662214713146565215e-01 4.999997095701216865e-02 9.970613399512349151e-01
1.303234572151541897e+03 1.037392767846286867e+00 4.999997128865350804e-02 9.970696994481040853e-01
1.303245439958064026e+03 9.391923866913606256e-01 4.999997160340423352e-02 9.970792604092848510e-01
1.303256307855213890e+03 9.967047984642746217e-01 4.999997190166882016e-02 9.970900228737622495e-01
1.303267175842992629e+03 1.000574513558503131e+00 4.999997218381861674e-02 9.971019868797785790e-01
1.303278043921400240e+03 1.075133704206745922e+00 4.999997245019298375e-02 9.971151524648581566e-01
1.303288912090438089e+03 1.023716902321388789e+00 4.999997270110038972e-02 9.971295196658304105e-01
1.303299780350106857e+03 1.015070572223558454e+00 4.999997293681918836e-02 9.971450885188495317e-01
1.303310648700406773e+03 1.047735499439390594e+00 4.999997315759847905e-02 9.971618590594106823e-01
1.303321517141339200e+03 9.379804700492231362e-01 4.999997336365876593e-02 9.971798313223649846e-01
1.303332385672904593e+03 9.836894660668324963e-01 4.999997355519242292e-02 9.971990053419306221e-01
1.303343254295103861e+03 1.025048063929199893e+00 4.999997373236413772e-02 9.972193811517020556e-01
1.303354123007937915e+03 8.983255770637530446e-01 4.999997389531130737e-02 9.972409587846560175e-01
1.303364991811406753e+03 9.076569348854800490e-01 4.999997404414414232e-02 9.972637382731559530e-01
1.303375860705511968e+03 1.125311322631587618e+00 4.999997417894577051e-02 9.972877196489535745e-01
1.303386729690254015e+03 9.363510984994588560e-01 4.999997429977225821e-02 9.973129029431873072e-01
1.303397598765633575e+03 9.416894080983394533e-01 4.999997440665244347e-02 9.973392881863789583e-01
1.303408467931651558e+03 9.485043652153047899e-01 4.999997449958769324e-02 9.973668754084267229e-01
1.303419337188308646e+03 9.893620145135588739e-01 4.999997457855154259e-02 9.973956646385968572e-01
1.303430206535605294e+03 1.054707738359208724e+00 4.999997464348915344e-02 9.974256559055117988e-01
1.303441075973542866e+03 8.729541644035345715e-01 4.999997469431675251e-02 9.974568492371347350e-01
1.303451945502121589e+03 1.080134580515964560e+00 4.999997473092086808e-02 9.974892446607523944e-01
1.303462815121342373e+03 1.036957551956942947e+00 4.999997475315737239e-02 9.975228422029531750e-01
1.303473684831206356e+03 9.848821985347055996e-01 4.999997476085048242e-02 9.975576418896032749e-01
1.303484554631713763e+03 9.434557915359486069e-01 4.999997475379151790e-02 9.975936437458174932e-01
1.303495424522865505e+03 1.054408760922155519e+00 4.999997473173752732e-02 9.976308477959273668e-01
1.303506294504662264e+03 1.006451114960891013e+00 4.999997469440975451e-02 9.976692540634444217e-01
1.303517164577105177e+03 1.011131679279246853e+00 4.999997464149177895e-02 9.977088625710197611e-01
1.303528034740194698e+03 9.637523830234160371e-01 4.999997457262758682e-02 9.977496733403962148e-01
1.303538904993931510e+03 9.778351206657034389e-01 4.999997448741932277e-02 9.977916863923572688e-01
1.303549775338316522e+03 9.404717203558800032e-01 4.999997438542479189e-02 9.978349017466698889e-01
1.303560645773350416e+03 9.566454070669654364e-01 4.999997426615472584e-02 9.978793194220192397e-01
1.303571516299033874e+03 1.044976005081288184e+00 4.999997412906959093e-02 9.979249394359385184e-01
1.303582386915367806e+03 1.057356140879913253e+00 4.999997397357627132e-02 9.979717618047273531e-01
1.303593257622353121e+03 9.916279949431732188e-01 4.999997379902420408e-02 9.980197865433648730e-01
1.303604128419990275e+03 9.869358476785056178e-01 4.999997360470109092e-02 9.980690136654115641e-01
1.303614999308279948e+03 9.826608695162609708e-01 4.999997338982824918e-02 9.981194431828985802e-01
1.303625870287223279e+03 9.749312308432021013e-01 4.999997315355533128e-02 9.981710751062091713e-01
1.303636741356820949e+03 9.791957246751418209e-01 4.999997289495453079e-02 9.982239094439409044e-01
1.303647612517073185e+03 9.450766085362687363e-01 4.999997261301408757e-02 9.982779462027584483e-01
1.303658483767981352e+03 1.004876456198220414e+00 4.999997230663104364e-02 9.983331853872252637e-01
1.303669355109546132e+03 1.005362566740746422e+00 4.999997197460325643e-02 9.983896269996175299e-01
1.303680226541767979e+03 9.895762529042892997e-01 4.999997161562039910e-02 9.984472710397176431e-01
1.303691098064648031e+03 1.054841181963466212e+00 4.999997122825390605e-02 9.985061175045814030e-01
1.303701969678186515e+03 9.094165209139958295e-01 4.999997081094585683e-02 9.985661663882792194e-01
1.303712841382384795e+03 9.459014332863917573e-01 4.999997036199635425e-02 9.986274176816062331e-01
1.303723713177242871e+03 9.521115536643923738e-01 4.999996987954941075e-02 9.986898713717560216e-01
1.303734585062762335e+03 1.025862764922374160e+00 4.999996936157728722e-02 9.987535274419557796e-01
1.303745457038943414e+03 1.081898736008813700e+00 4.999996880586247278e-02 9.988183858710533158e-01
1.303756329105787245e+03 1.004605009607586030e+00 4.999996820997781172e-02 9.988844466330526473e-01
1.303767201263294282e+03 9.535825650667220099e-01 4.999996757126370234e-02 9.989517096965899734e-01
1.303778073511465209e+03 9.855773806302416951e-01 4.999996688680250628e-02 9.990201750243392631e-01
1.303788945850300706e+03 9.751301115429552580e-01 4.999996615338935663e-02 9.990898425723393483e-01
1.303799818279802139e+03 9.465528866761100391e-01 4.999996536749917037e-02 9.991607122892272042e-01
1.303810690799969734e+03 9.063803679751448739e-01 4.999996452524882451e-02 9.992327841153645362e-01
1.303821563410804401e+03 8.725138974959157911e-01 4.999996362235410718e-02 9.993060579818400235e-01
1.303832436112306823e+03 9.680573155613931835e-01 4.999996265408045842e-02 9.993805338093284529e-01
1.303843308904477908e+03 1.114013923243855064e+00 4.999996161518624471e-02 9.994562115067764374e-01
1.303854181787318339e+03 9.871055732034232921e-01 4.999996049985756807e-02 9.995330909698940669e-01
1.303865054760828798e+03 1.028799034929668954e+00 4.999995930163297908e-02 9.996111720794085276e-01
1.303875927825009967e+03 1.002365984635247953e+00 4.999995801331628270e-02 9.996904546990437179e-01
1.303886800979862983e+03 9.614195762716538640e-01 4.999995662687515413e-02 9.997709386731709058e-01
1.303897674225388300e+03 9.656658968870232007e-01 4.999995513332309433e-02 9.998526238240705855e-01
1.303908547561586602e+03 9.781518965209008432e-01 4.999995352258123499e-02 9.999355099487271525e-01
1.303919420988458796e+03 8.985083180376403078e-01 4.999995178331619050e-02 1.000019596815068024e+00
1.303930294506005566e+03 1.024108029455230717e+00 4.999994990274877343e-02 1.000104884157525742e+00
1.303941168114228049e+03 1.009723386242846743e+00 4.999994786642799477e-02 1.000191371671789842e+00
1.303952041813126243e+03 1.082867688559463026e+00 4.999994565796222340e-02 1.000279059008565508e+00
1.303962915602701287e+03 1.019517009961781184e+00 4.999994325869843576e-02 1.000367945766122757e+00
1.303973789482954317e+03 1.075126200735260884e+00 4.999994064733760679e-02 1.000458031481360033e+00
1.303984663453885560e+03 9.658711321982427211e-01 4.999993779947124045e-02 1.000549315619029045e+00
1.303995537515496153e+03 1.016469510704306245e+00 4.999993468701979804e-02 1.000641797558675661e+00
1.304006411667786551e+03 1.023676416781153176e+00 4.999993127754885636e-02 1.000735476578726857e+00
1.304017285910757437e+03 1.116236781967962388e+00 4.999992753343083379e-02 1.000830351836978993e+00
1.304028160244409946e+03 9.605977093954406465e-01 4.999992341081173353e-02 1.000926422346528621e+00
1.304039034668744534e+03 1.003477276474599833e+00 4.999991885832814204e-02 1.001023686945872848e+00
1.304049909183761883e+03 1.011375718849596872e+00 4.999991381550362296e-02 1.001122144261506586e+00
1.304060783789463358e+03 9.912565594121245383e-01 4.999990821072804181e-02 1.001221792660765608e+00
1.304071658485849184e+03 1.027490602203897874e+00 4.999990195869125076e-02 1.001322630191880059e+00
1.304082533272919818e+03 1.069466957100613902e+00 4.999989495709418474e-02 1.001424654507085954e+00
1.304093408150676851e+03 9.744290694312814916e-01 4.999988708239374441e-02 1.001527862763045063e+00
1.304104283119120510e+03 1.009070282873880009e+00 4.999987818423999586e-02 1.001632251490516934e+00
1.304115158178251704e+03 1.097832098878284590e+00 4.999986807812156764e-02 1.001737816421829130e+00
1.304126033328070889e+03 1.030914198620001221e+00 4.999985653552049131e-02 1.001844552259597343e+00
1.304136908568579202e+03 1.085968288794890935e+00 4.999984327055381067e-02 1.001952452362380175e+00
1.304147783899777096e+03 1.017564050750692672e+00 4.999982792157284250e-02 1.002061508310859939e+00
1.304158659321665937e+03 9.986055874314440084e-01 4.999981002539011926e-02 1.002171709298832258e+00
1.304169534834245496e+03 1.021566766402459914e+00 4.999978898049600717e-02 1.002283041261717411e+00
1.304180410437517367e+03 9.693660358418177969e-01 4.999976399343417088e-02 1.002395485601978775e+00
1.304191286131481775e+03 8.994515546453931698e-01 4.999973399869959978e-02 1.002509017277695147e+00
1.304202161916140085e+03 9.066526322381690539e-01 4.999969753565402381e-02 1.002623601850824331e+00
1.304213037791492297e+03 1.051504962566130352e+00 4.999965255294075428e-02 1.002739190764529553e+00
1.304223913757539776e+03 9.715144320567450364e-01 4.999959608421050000e-02 1.002855713395395032e+00
1.304234789814282976e+03 9.401551056777478488e-01 4.999952366705165407e-02 1.002973061704038660e+00
1.304245665961722807e+03 9.472164723100972017e-01 4.999942793461565477e-02 1.003091039789116401e+00
1.304256542199859950e+03 1.067321783774012101e+00 4.999929086678615853e-02 1.003209001084641283e+00
1.304267418528695089e+03 1.035374389299451137e+00 4.999901280499701589e-02 1.003322717049226043e+00
1.304278294948229131e+03 9.337570748809058685e-01 4.999782048224892667e-02 1.003401967402494099e+00
1.304289171458462761e+03 9.152423197421938328e-01 4.999052678134803529e-02 1.003269879127237418e+00
1.304300048059396431e+03 9.074434242396962613e-01 4.995073729876547963e-02 1.002139561791397071e+00
1.304310924751031280e+03 1.045508328068440074e+00 4.978134420544368804e-02 9.974532222402356929e-01
1.304321801533368216e+03 9.865654366453858737e-01 4.923797980170582095e-02 9.834724290397007795e-01
1.304332678406407695e+03 9.162542885783923063e-01 4.795077174185320007e-02 9.524893645734590075e-01
1.304343555370150398e+03 8.723606476715086711e-01 4.575424692100303614e-02 9.021863585211931102e-01
1.304354432424597235e+03 8.417963569243701594e-01 4.318694059927207646e-02 8.452060770439053794e-01
1.304365309569749115e+03 8.038922378841301120e-01 4.145422573661831922e-02 8.075837172603781422e-01
1.304376186805606494e+03 8.683637342498073952e-01 4.155572091945178986e-02 8.106590481745349352e-01
1.304387064132170053e+03 8.290177101265887583e-01 4.343005307697689332e-02 8.526783722522344178e-01
1.304397941549441157e+03 8.985283117743303460e-01 4.600831145529255678e-02 9.103752664105022596e-01
1.304408819057419805e+03 9.621896205367711508e-01 4.812307350497452979e-02 9.587295048037893785e-01
1.304419696656107135e+03 8.604556924791905148e-01 4.932018091900339241e-02 9.873707598021435050e-01
1.304430574345504283e+03 9.895909392130276538e-01 4.980985624576301368e-02 9.999457015955011130e-01
1.304441452125611249e+03 9.540436636656274283e-01 4.995808452580443454e-02 1.004178329579364704e+00
1.304452329996428944e+03 9.552865600889342002e-01 4.999197170051170730e-02 1.005353628659379384e+00
1.304463207957958730e+03 9.723823193544729460e-01 4.999805602027904833e-02 1.005703251356332650e+00
1.304474086010200608e+03 1.103510340317090055e+00 4.999905771843348584e-02 1.005884179429212377e+00
1.304484964153155943e+03 1.015156287517425815e+00 4.999930878870158940e-02 1.006038501018352349e+00
1.304495842386825188e+03 1.024095607161070953e+00 4.999944003354628991e-02 1.006189717629755620e+00
1.304506720711209027e+03 1.007353792165116335e+00 4.999953303385625686e-02 1.006341074760673138e+00
1.304517599126308369e+03 1.053799033693965548e+00 4.999960368872360950e-02 1.006493098091160387e+00
1.304528477632123895e+03 1.050766074021577179e+00 4.999965893881994083e-02 1.006645964962476381e+00
1.304539356228656516e+03 1.035692949122122064e+00 4.999970305631595141e-02 1.006799777150138242e+00
1.304550234915906685e+03 9.714372014692298496e-01 4.999973889522049686e-02 1.006954601840737817e+00
1.304561113693875541e+03 1.055029636105204061e+00 4.999976843563359169e-02 1.007110485466571337e+00
1.304571992562563537e+03 1.061725496662484280e+00 4.999979309118762760e-02 1.007267461097110628e+00
1.304582871521971811e+03 1.053635068642576611e+00 4.999981389540630178e-02 1.007425552869477992e+00
1.304593750572100362e+03 8.632071632816307183e-01 4.999983161941555510e-02 1.007584778772108391e+00
1.304604629712950555e+03 1.034560991845850930e+00 4.999984684878352320e-02 1.007745152454968762e+00
1.304615508944523071e+03 1.064393054673292927e+00 4.999986003509582222e-02 1.007906684440993850e+00
1.304626388266818594e+03 9.887101568913869709e-01 4.999987153141377538e-02 1.008069382956977122e+00
1.304637267679838260e+03 1.033915026601644360e+00 4.999988161716877738e-02 1.008233254515793709e+00
1.304648147183582068e+03 9.887038596363402210e-01 4.999989051596694101e-02 1.008398304332148498e+00
1.304659026778051157e+03 1.066065307278067031e+00 4.999989840853568540e-02 1.008564536624478869e+00
1.304669906463246434e+03 9.354278522424256392e-01 4.999990544227869010e-02 1.008731954837517986e+00
1.304680786239168583e+03 1.023471473791697006e+00 4.999991173842334435e-02 1.008900561808613539e+00
1.304691666105818058e+03 9.572629099083754811e-01 4.999991739743302882e-02 1.009070359893571744e+00
1.304702546063196223e+03 1.120373376768198037e+00 4.999992250315175163e-02 1.009241351062951653e+00
1.304713426111303079e+03 1.094540007275345728e+00 4.999992712601085409e-02 1.009413536976522696e+00
1.304724306250139989e+03 9.759939158969882511e-01 4.999993132553353509e-02 1.009586919041388864e+00
1.304735186479707409e+03 9.669643494802527828e-01 4.999993515230840430e-02 1.009761498457765860e+00
1.304746066800006247e+03 9.926499450800262414e-01 4.999993864955729062e-02 1.009937276255328475e+00
1.304756947211036959e+03 9.859041800224919161e-01 4.999994185439009253e-02 1.010114253322298428e+00
1.304767827712800909e+03 9.227691528521676512e-01 4.999994479881655907e-02 1.010292430428883392e+00
1.304778708305298096e+03 9.664456163256390786e-01 4.999994751056732051e-02 1.010471808246293346e+00
1.304789588988529886e+03 1.049096088636137125e+00 4.999995001376422027e-02 1.010652387362266147e+00
1.304800469762496959e+03 1.004400754595888623e+00 4.999995232947114510e-02 1.010834168293815782e+00
1.304811350627199772e+03 1.116066872829354573e+00 4.999995447614886263e-02 1.011017151497758171e+00
1.304822231582639006e+03 1.066709041265400115e+00 4.999995647003263599e-02 1.011201337379454612e+00
1.304833112628815798e+03 9.240281596431184630e-01 4.999995832544737451e-02 1.011386726300101069e+00
1.304843993765730829e+03 1.051234467923375382e+00 4.999996005507176960e-02 1.011573318582838166e+00
1.304854874993384783e+03 1.026278438330885390e+00 4.999996167016069332e-02 1.011761114517894189e+00
1.304865756311778341e+03 9.973652411756263048e-01 4.999996318073330476e-02 1.011950114366935827e+00
1.304876637720912186e+03 1.046366931609594042e+00 4.999996459573263080e-02 1.012140318366759884e+00
1.304887519220787681e+03 1.054933776732634110e+00 4.999996592316172800e-02 1.012331726732439430e+00
1.304898400811404599e+03 1.023076527943301839e+00 4.999996717019992987e-02 1.012524339660012096e+00
1.304909282492764532e+03 9.502407920263381547e-01 4.999996834330280165e-02 1.012718157328792223e+00
1.304920164264867708e+03 9.921445840584754983e-01 4.999996944828808548e-02 1.012913179903354610e+00
1.304931046127715035e+03 1.028021601121330120e+00 4.999997049041007141e-02 1.013109407535256246e+00
1.304941928081307424e+03 1.004633946525794519e+00 4.999997147442388629e-02 1.013306840364522454e+00
1.304952810125645783e+03 1.072750439023468338e+00 4.999997240464148368e-02 1.013505478520937420e+00
1.304963692260730340e+03 1.050281767840549385e+00 4.999997328498039656e-02 1.013705322125173502e+00
1.304974574486562233e+03 1.125858016163084896e+00 4.999997411900630739e-02 1.013906371289774011e+00
1.304985456803142142e+03 9.768883497340199451e-01 4.999997490997042798e-02 1.014108626120017398e+00
1.304996339210470978e+03 1.016652688660370396e+00 4.999997566084218165e-02 1.014312086714672656e+00
1.305007221708548968e+03 9.736969504887443838e-01 4.999997637433814535e-02 -9.999999999000000000e+09
1.305018104297377477e+03 9.604228065605693310e-01 4.999997705294745298e-02 -9.999999999000000000e+09
1.305028986976956958e+03 9.085203695632128040e-01 4.999997769895433986e-02 -9.999999999000000000e+09
1.305039869747288094e+03 9.876034161616004114e-01 4.999997831445808505e-02 -9.999999999000000000e+09
1.305050752608372022e+03 9.696941898842470486e-01 4.999997890139072643e-02 -9.999999999000000000e+09
1.305061635560208742e+03 1.038787301300028609e+00 4.999997946153283968e-02 -9.999999999000000000e+09
1.305072518602800073e+03 1.010261059407068229e+00 4.999997999652761038e-02 -9.999999999000000000e+09
1.305083401736145788e+03 1.002782598964323535e+00 4.999998050789334486e-02 -9.999999999000000000e+09
1.305094284960247251e+03 9.907478572601294831e-01 4.999998099703476667e-02 -9.999999999000000000e+09
1.305105168275105143e+03 9.860628973779216322e-01 4.999998146525302251e-02 -9.999999999000000000e+09
1.305116051680720147e+03 9.999033894681393919e-01 4.999998191375479295e-02 -9.999999999000000000e+09
1.305126935177092719e+03 9.985346931599851095e-01 4.999998234366039018e-02 -9.999999999000000000e+09
