1.300000000000000000e+03 6.616636838532024001e-01 4.256305116679679618e-02 6.588642339627912570e-01
1.300010840833093880e+03 7.396802436869669428e-01 5.064282680346895299e-02 8.903442211513798998e-01
1.300021681756590624e+03 8.355804098424721715e-01 5.399740315232434001e-02 9.797279962747612592e-01
1.300032522770491141e+03 1.061625731979038756e+00 5.469337608563099723e-02 9.979422706099260187e-01
1.300043363874795659e+03 1.003784348077548350e+00 5.476797100799636608e-02 9.998884912056699159e-01
1.300054205069505542e+03 9.196477598003327536e-01 5.477212001469034669e-02 9.999967075532870675e-01
1.300065046354620790e+03 8.939594070931875525e-01 5.477223907147495824e-02 9.999998127965860073e-01
1.300075887730143222e+03 1.083628367837395912e+00 5.477224076151496202e-02 9.999998568762487050e-01
1.300086729196072611e+03 1.054204666099922472e+00 5.477224071186591325e-02 9.999998555813011114e-01
1.300097570752410320e+03 1.007060852285914798e+00 5.477224065575004436e-02 9.999998541176857714e-01
1.300108412399156805e+03 1.002213713508395054e+00 5.477224059876089485e-02 9.999998526312934288e-01
1.300119254136312748e+03 1.054704751139576402e+00 5.477224054088008359e-02 9.999998511216448005e-01
1.300130095963879057e+03 1.007993316445116250e+00 5.477224048208873680e-02 9.999998495882476135e-01
1.300140937881856871e+03 1.084881188098098415e+00 5.477224042236748108e-02 9.999998480305963833e-01
1.300151779890245962e+03 1.006968528785268324e+00 5.477224036169640181e-02 9.999998464481718585e-01
1.300162621989048148e+03 9.798780649321497949e-01 5.477224030005505701e-02 9.999998448404407991e-01
1.300173464178263202e+03 9.658728914917045216e-01 5.477224023742244957e-02 9.999998432068556431e-01
1.300184306457892944e+03 9.850686755021783592e-01 5.477224017377701343e-02 9.999998415468539514e-01
1.300195148827937373e+03 1.086664208790493857e+00 5.477224010909657881e-02 9.999998398598574090e-01
1.300205991288397172e+03 1.107589984936538041e+00 5.477224004335838614e-02 9.999998381452723795e-01
1.300216833839273704e+03 9.318879524072340992e-01 5.477223997653902360e-02 9.999998364024881292e-01
1.300227676480567197e+03 9.079705908994961661e-01 5.477223990861441322e-02 9.999998346308768271e-01
1.300238519212278561e+03 1.012496423970149495e+00 5.477223983955983172e-02 9.999998328297936556e-01
1.300249362034408705e+03 1.025128971853464632e+00 5.477223976934982724e-02 9.999998309985747014e-01
1.300260204946958083e+03 1.056516740229116014e+00 5.477223969795826791e-02 9.999998291365382874e-01
1.300271047949928061e+03 1.032752222694006683e+00 5.477223962535821694e-02 9.999998272429821977e-01
1.300281891043318410e+03 9.557049886645772041e-01 5.477223955152200896e-02 9.999998253171844542e-01
1.300292734227130723e+03 1.032388640526453072e+00 5.477223947642115981e-02 9.999998233584023177e-01
1.300303577501365226e+03 9.932743211860527444e-01 5.477223940002633878e-02 9.999998213658708446e-01
1.300314420866023056e+03 9.941754894278721499e-01 5.477223932230739639e-02 9.999998193388035528e-01
1.300325264321104896e+03 9.851284309742915912e-01 5.477223924323327414e-02 9.999998172763904236e-01
1.300336107866611201e+03 9.912053882325672083e-01 5.477223916277199067e-02 9.999998151777973465e-01
1.300346951502543106e+03 9.384931582186143428e-01 5.477223908089060012e-02 9.999998130421650089e-01
1.300357795228901296e+03 1.015125052241177883e+00 5.477223899755521291e-02 9.999998108686094511e-01
1.300368639045686223e+03 9.834870881721573532e-01 5.477223891273087092e-02 9.999998086562189581e-01
1.300379482952898798e+03 1.002720203568369106e+00 5.477223882638156821e-02 9.999998064040545032e-01
1.300390326950539929e+03 1.034672085472502223e+00 5.477223873847021640e-02 9.999998041111485270e-01
1.300401171038610300e+03 9.318530952762279496e-01 5.477223864895858219e-02 9.999998017765040492e-01
1.300412015217110593e+03 1.025586996442245269e+00 5.477223855780723183e-02 9.999997993990922263e-01
1.300422859486041716e+03 1.099219333267797305e+00 5.477223846497550341e-02 9.999997969778531282e-01
1.300433703845404125e+03 9.746802463441085473e-01 5.477223837042149990e-02 9.999997945116932963e-01
1.300444548295198729e+03 9.748152487632648633e-01 5.477223827410196422e-02 9.999997919994848550e-01
1.300455392835426437e+03 9.987132612862756886e-01 5.477223817597230010e-02 9.999997894400646237e-01
1.300466237466087932e+03 9.978774671714896183e-01 5.477223807598644023e-02 9.999997868322310079e-01
1.300477082187183896e+03 9.304836432802886526e-01 5.477223797409689482e-02 9.999997841747454430e-01
1.300487926998715238e+03 1.011724399313974843e+00 5.477223787025459895e-02 9.999997814663281748e-01
1.300498771900682186e+03 9.925673809604041997e-01 5.477223776440891256e-02 9.999997787056585929e-01
1.300509616893086331e+03 1.038743801420135338e+00 5.477223765650751641e-02 9.999997758913717893e-01
1.300520461975927446e+03 1.012884366336241015e+00 5.477223754649637733e-02 9.999997730220586689e-01
1.300531307149207350e+03 9.759278753689977215e-01 5.477223743431968578e-02 9.999997700962633962e-01
1.300542152412926043e+03 9.416918749136214961e-01 5.477223731991973793e-02 9.999997671124812859e-01
1.300552997767084435e+03 9.428486581179815751e-01 5.477223720323690093e-02 9.999997640691568046e-01
1.300563843211683206e+03 1.000807167221325900e+00 5.477223708420952270e-02 9.999997609646819052e-01
1.300574688746723496e+03 9.952158312394124851e-01 5.477223696277384868e-02 9.999997577973935847e-01
1.300585534372205530e+03 9.233265413354408979e-01 5.477223683886391081e-02 9.999997545655718856e-01
1.300596380088130672e+03 9.719759797147329294e-01 5.477223671241150671e-02 9.999997512674372313e-01
1.300607225894499152e+03 1.098166914807214845e+00 5.477223658334602618e-02 9.999997479011482060e-01
1.300618071791312104e+03 9.154872387486631125e-01 5.477223645159438187e-02 9.999997444647986677e-01
1.300628917778569985e+03 9.574834696067932027e-01 5.477223631708090512e-02 9.999997409564148620e-01
1.300639763856273703e+03 9.009233660232317531e-01 5.477223617972725583e-02 9.999997373739535345e-01
1.300650610024423941e+03 1.013191937616223726e+00 5.477223603945226282e-02 9.999997337152978227e-01
1.300661456283021380e+03 1.060078797689418373e+00 5.477223589617181282e-02 9.999997299782537041e-01
1.300672302632066931e+03 1.018709687253500196e+00 5.477223574979877413e-02 9.999997261605486631e-01
1.300683149071561502e+03 9.733418463344444271e-01 5.477223560024280236e-02 9.999997222598262514e-01
1.300693995601505549e+03 1.024487046904438259e+00 5.477223544741020161e-02 9.999997182736425350e-01
1.300704842221899753e+03 9.564169694410771250e-01 5.477223529120382739e-02 9.999997141994640959e-01
1.300715688932745252e+03 9.586095036690377436e-01 5.477223513152285755e-02 9.999997100346611489e-01
1.300726535734042500e+03 9.956605413385917203e-01 5.477223496826268134e-02 9.999997057765053210e-01
1.300737382625792407e+03 1.036999071958730312e+00 5.477223480131473282e-02 9.999997014221649883e-01
1.300748229607995427e+03 1.058687697776256931e+00 5.477223463056624803e-02 9.999996969686986148e-01
1.300759076680652697e+03 9.827888767917365431e-01 5.477223445590010537e-02 9.999996924130520881e-01
1.300769923843764900e+03 9.760283627930969041e-01 5.477223427719465215e-02 9.999996877520521688e-01
1.300780771097332490e+03 1.036024898165365915e+00 5.477223409432344786e-02 9.999996829824008282e-01
1.300791618441356604e+03 1.027704495507626437e+00 5.477223390715504209e-02 9.999996781006699198e-01
1.300802465875837697e+03 1.018458635483415531e+00 5.477223371555274556e-02 9.999996731032940733e-01
1.300813313400776906e+03 9.030508093576662398e-01 5.477223351937438728e-02 9.999996679865652549e-01
1.300824161016174685e+03 1.063249090193450375e+00 5.477223331847201615e-02 9.999996627466247734e-01
1.300835008722031716e+03 9.242509297201795260e-01 5.477223311269165118e-02 9.999996573794561749e-01
1.300845856518348683e+03 9.564110956487114068e-01 5.477223290187295535e-02 9.999996518808778045e-01
1.300856704405126948e+03 1.093972126649970900e+00 5.477223268584895804e-02 9.999996462465343683e-01
1.300867552382366512e+03 9.836754636304508859e-01 5.477223246444561794e-02 9.999996404718872745e-01
1.300878400450068511e+03 1.060150921621068498e+00 5.477223223748166336e-02 9.999996345522076391e-01
1.300889248608233856e+03 1.074443301152594454e+00 5.477223200476798171e-02 9.999996284825636295e-01
1.300900096856862774e+03 9.854423433249992481e-01 5.477223176610739042e-02 9.999996222578120264e-01
1.300910945195956629e+03 1.037612364679804777e+00 5.477223152129415823e-02 9.999996158725871220e-01
1.300921793625515875e+03 1.019228206019509697e+00 5.477223127011350556e-02 9.999996093212871751e-01
1.300932642145541195e+03 9.662062932239808832e-01 5.477223101234125757e-02 9.999996025980649739e-01
1.300943490756033498e+03 9.851164957799611877e-01 5.477223074774318495e-02 9.999995956968111832e-01
1.300954339456993694e+03 1.039654629468108382e+00 5.477223047607455986e-02 9.999995886111433530e-01
1.300965188248421782e+03 9.326339755079846583e-01 5.477223019707958690e-02 9.999995813343893758e-01
1.300976037130319355e+03 1.018161390858383308e+00 5.477222991049070927e-02 9.999995738595710559e-01
1.300986886102687095e+03 9.831390388845745454e-01 5.477222961602807444e-02 9.999995661793891211e-01
1.300997735165525228e+03 1.068676198079509865e+00 5.477222931339874312e-02 9.999995582862031274e-01
1.301008584318834892e+03 1.054562706073965073e+00 5.477222900229600233e-02 9.999995501720135849e-01
1.301019433562616541e+03 1.045550061216066640e+00 5.477222868239858128e-02 9.999995418284409743e-01
1.301030282896871540e+03 9.938216517498265068e-01 5.477222835336979789e-02 9.999995332467037645e-01
1.301041132321600116e+03 1.025375721398487761e+00 5.477222801485663595e-02 9.999995244175947651e-01
1.301051981836803179e+03 1.078985698159643070e+00 5.477222766648887076e-02 9.999995153314577001e-01
1.301062831442481183e+03 9.696900424463804624e-01 5.477222730787793120e-02 9.999995059781578988e-01
1.301073681138635266e+03 9.941478796247102956e-01 5.477222693861589359e-02 9.999994963470559828e-01
1.301084530925266336e+03 1.006399264178175157e+00 5.477222655827428122e-02 9.999994864269761141e-01
1.301095380802374621e+03 1.103816330428342374e+00 5.477222616640278069e-02 9.999994762061732434e-01
1.301106230769961257e+03 9.700049265231276419e-01 5.477222576252793046e-02 9.999994656722988040e-01
1.301117080828026928e+03 1.017350605955653409e+00 5.477222534615164978e-02 9.999994548123618543e-01
1.301127930976572088e+03 1.065592770642606713e+00 5.477222491674973298e-02 9.999994436126897757e-01
1.301138781215598101e+03 1.057709249976462207e+00 5.477222447377009390e-02 9.999994320588830865e-01
1.301149631545105194e+03 9.757229055450361566e-01 5.477222401663107282e-02 9.999994201357711443e-01
1.301160481965094277e+03 9.402494192728148015e-01 5.477222354471941723e-02 9.999994078273587439e-01
1.301171332475566032e+03 9.511646551765495783e-01 5.477222305738827651e-02 9.999993951167749362e-01
1.301182183076521369e+03 9.892112611670648148e-01 5.477222255395489819e-02 9.999993819862120770e-01
1.301193033767961197e+03 9.372573949996778619e-01 5.477222203369828957e-02 9.999993684168650976e-01
1.301203884549885970e+03 1.053208414625358191e+00 5.477222149585651845e-02 9.999993543888614500e-01
1.301214735422296144e+03 1.033292070561668607e+00 5.477222093962393762e-02 9.999993398811881651e-01
1.301225586385193310e+03 1.047050701376070592e+00 5.477222036414819417e-02 9.999993248716141370e-01
1.301236437438577468e+03 9.509673597731798100e-01 5.477221976852682250e-02 9.999993093366013053e-01
1.301247288582449755e+03 1.062470687535217451e+00 5.477221915180376793e-02 9.999992932512136168e-01
1.301258139816810854e+03 9.985528662702181091e-01 5.477221851296543847e-02 9.999992765890146629e-01
1.301268991141661672e+03 1.049342188686902544e+00 5.477221785093652762e-02 9.999992593219584336e-01
1.301279842557002894e+03 1.001997894837622693e+00 5.477221716457550404e-02 9.999992414202709679e-01
1.301290694062834746e+03 9.830959227845562642e-01 5.477221645266952543e-02 9.999992228523193472e-01
1.301301545659158592e+03 9.580855015742545389e-01 5.477221571392911631e-02 9.999992035844711413e-01
1.301312397345975114e+03 1.033065494898495640e+00 5.477221494698227694e-02 9.999991835809417529e-01
1.301323249123284995e+03 9.875301416147962419e-01 5.477221415036799546e-02 9.999991628036253299e-01
1.301334100991088690e+03 9.852247356500283271e-01 5.477221332252926039e-02 9.999991412119119127e-01
1.301344952949387334e+03 9.939033831068717628e-01 5.477221246180538627e-02 9.999991187624870381e-01
1.301355804998181839e+03 1.037022229643209226e+00 5.477221156642361755e-02 9.999990954091136919e-01
1.301366657137472430e+03 9.358457999547091788e-01 5.477221063448988597e-02 9.999990711023908352e-01
1.301377509367260018e+03 1.019319017083812451e+00 5.477220966397870067e-02 9.999990457894897267e-01
1.301388361687545739e+03 1.031493226014552844e+00 5.477220865272208056e-02 9.999990194138644872e-01
1.301399214098330049e+03 1.096696207012085145e+00 5.477220759839731418e-02 9.999989919149345763e-01
1.301410066599613401e+03 9.462762870227908740e-01 5.477220649851349821e-02 9.999989632277317408e-01
1.301420919191397161e+03 1.018130904441323148e+00 5.477220536369674375e-02 9.999989336294069497e-01
1.301431771873681782e+03 9.932139153598109615e-01 5.477220631495485770e-02 9.999989584401498544e-01
1.301442624646467721e+03 8.783444046408258599e-01 5.477233295214032488e-02 1.000002261393405867e+00
1.301453477509756567e+03 1.037917316271132373e+00 5.477623097205307906e-02 1.000103928015348975e+00
1.301464330463548322e+03 1.023046930442315094e+00 5.483772956560631351e-02 1.001707500495671255e+00
1.301475183507843894e+03 1.073277064647542467e+00 5.534431428179500262e-02 1.014887787408521591e+00
1.301486036642643967e+03 1.133549302343342058e+00 5.755239385726490520e-02 1.071776246981010372e+00
1.301496889867949676e+03 1.227478080131449767e+00 6.270205730786211629e-02 1.201496890089974956e+00
1.301507743183761477e+03 1.369928954159088885e+00 6.909982166002852366e-02 1.358357971314503754e+00
1.301518596590080278e+03 1.361944940131827098e+00 7.328333914505062718e-02 1.459035695423429591e+00
1.301529450086906763e+03 1.642016396999365968e+00 7.471704446254891219e-02 1.493260697754356325e+00
1.301540303674241613e+03 1.608640284733562575e+00 7.497452315029679015e-02 1.499393553988271233e+00
1.301551157352085283e+03 1.441983804627872123e+00 7.499868677324442179e-02 1.499968897860751271e+00
1.301562011120439365e+03 1.425386302827097218e+00 7.499986138399052094e-02 1.499996864831758092e+00
1.301572864979303858e+03 1.413124333233472862e+00 7.499988727545010836e-02 1.499997481295210600e+00
1.301583718928679900e+03 1.475685781734821678e+00 7.499988372762188271e-02 1.499997396823094631e+00
1.301594572968568173e+03 1.388011444215994761e+00 7.499987957947848449e-02 1.499997298057756723e+00
1.301605427098969358e+03 1.550547313672044014e+00 7.499987518817574639e-02 1.499997193502908610e+00
1.301616281319884365e+03 1.406063201459465395e+00 7.499987053426324102e-02 1.499997082695444739e+00
1.301627135631313649e+03 1.544029283591803914e+00 7.499986559630206218e-02 1.499996965124914095e+00
1.301637990033258120e+03 1.514644844030796023e+00 7.499986035061526057e-02 1.499996840227579398e+00
1.301648844525718687e+03 1.523653955865293952e+00 7.499985477100101772e-02 1.499996707379587679e+00
1.301659699108696032e+03 1.494819520681142100e+00 7.499984882840175782e-02 1.499996565889091693e+00
1.301670553782190837e+03 1.488353082127954696e+00 7.499984249052175922e-02 1.499996414987144089e+00
1.301681408546203784e+03 1.450649605704216416e+00 7.499983572138307908e-02 1.499996253817127423e+00
1.301692263400735555e+03 1.596068856812973724e+00 7.499982848080899434e-02 1.499996081422451777e+00
1.301703118345787288e+03 1.410280210759874198e+00 7.499982072382044285e-02 1.499995896732186473e+00
1.301713973381359665e+03 1.537798568796469256e+00 7.499981239992867255e-02 1.499995698544216660e+00
1.301724828507453140e+03 1.623403233608735619e+00 7.499980345230283785e-02 1.499995485505425830e+00
1.301735683724068622e+03 1.483866672748818560e+00 7.499979381678670287e-02 1.499995256088282769e+00
1.301746539031206567e+03 1.468200772858124781e+00 7.499978342073232440e-02 1.499995008563073107e+00
1.301757394428868565e+03 1.432870133164708237e+00 7.499977218161042736e-02 1.499994740964811113e+00
1.301768249917054618e+03 1.448638490688189506e+00 7.499976000534717968e-02 1.499994451053641153e+00
1.301779105495765634e+03 1.573166440463867000e+00 7.499974678432387576e-02 1.499994136267209566e+00
1.301789961165002524e+03 1.515171173172887631e+00 7.499973239495862087e-02 1.499993793663085828e+00
1.301800816924765741e+03 1.369756902238127516e+00 7.499971669476687697e-02 1.499993419848776544e+00
1.301811672775056422e+03 1.426514923532447909e+00 7.499969951876798990e-02 1.499993010896164325e+00
1.301822528715875251e+03 1.642639009597147925e+00 7.499968067506494751e-02 1.499992562236263982e+00
1.301833384747222681e+03 1.707345231450096534e+00 7.499965993937156294e-02 1.499992068528919642e+00
1.301844240869099622e+03 1.647240259118570194e+00 7.499963704818921051e-02 1.499991523500342039e+00
1.301855097081506983e+03 1.483225652298111985e+00 7.499961169023607044e-02 1.499990919739043305e+00
1.301865953384445447e+03 1.402465963391699155e+00 7.499958349559467108e-02 1.499990248437445661e+00
1.301876809777915469e+03 1.575471317990390085e+00 7.499955202185168424e-02 1.499989499061872511e+00
1.301887666261918412e+03 1.382821218353117887e+00 7.499951673623055093e-02 1.499988658927134955e+00
1.301898522836454731e+03 1.529345120454592477e+00 7.499947699232546727e-02 1.499987712642575577e+00
1.301909379501525109e+03 1.543362385196449083e+00 7.499943199947133043e-02 1.499986641382777597e+00
1.301920236257130000e+03 1.387772446817116867e+00 7.499938078193307822e-02 1.499985421915877026e+00
1.301931093103270541e+03 1.434191394903803651e+00 7.499932212381096863e-02 1.499984025291775547e+00
1.301941950039947642e+03 1.535132191975635330e+00 7.499925449357502938e-02 1.499982415045329365e+00
1.301952807067161984e+03 1.513249736585370098e+00 7.499917593901581081e-02 1.499980544695159512e+00
1.301963664184914023e+03 1.488356213044726539e+00 7.499908393835082177e-02 1.499978354198536978e+00
1.301974521393204668e+03 1.500194900702343626e+00 7.499897518484001380e-02 1.499975764823135105e+00
1.301985378692034601e+03 1.458325472884050011e+00 7.499884526787892192e-02 1.499972671553936321e+00
1.301996236081404732e+03 1.399101605003214566e+00 7.499868818791670388e-02 1.499968931543533390e+00
1.302007093561315742e+03 1.351046358834016248e+00 7.499849559473577287e-02 1.499964345975712154e+00
1.302017951131768314e+03 1.569681368190297022e+00 7.499825554193811916e-02 1.499958630409959914e+00
1.302028808792763357e+03 1.513441188253363823e+00 7.499795028159504662e-02 1.499951362272334610e+00
1.302039666544301326e+03 1.487014592692316617e+00 7.499755077104178214e-02 1.499941850063007065e+00
1.302050524386383586e+03 1.536010748913683388e+00 7.499698352430993198e-02 1.499928344096181920e+00
1.302061382319010363e+03 1.486426067423650910e+00 7.499580922840312636e-02 1.499900384417001131e+00
1.302072240342182340e+03 1.506858903751210566e+00 7.499045140671922738e-02 1.499772815022081263e+00
1.302083098455900881e+03 1.463712903338991955e+00 7.495613436074384517e-02 1.498955687128750158e+00
1.302093956660166214e+03 1.502099704123115220e+00 7.476355791476269053e-02 1.494368895764075722e+00
1.302104814954979020e+03 1.547611002266959135e+00 7.393139054465633353e-02 1.474521964297230925e+00
1.302115673340340436e+03 1.416203556504328276e+00 7.127113529609203912e-02 1.410770773327353345e+00
1.302126531816250917e+03 1.195923970966694672e+00 6.514779276642286565e-02 1.261940294259617845e+00
1.302137390382711374e+03 9.773052405820662480e-01 5.529640791279072376e-02 1.013643538570652591e+00
1.302148249039722714e+03 7.168336042686208609e-01 4.471682397376644524e-02 7.236137443559436111e-01
1.302159107787285166e+03 4.833961657256085620e-01 3.778968068120471674e-02 5.014555038088264194e-01
1.302169966625399866e+03 4.320364028619095853e-01 3.602105167418711423e-02 4.350791961609846714e-01
1.302180825554067951e+03 5.196227781218438757e-01 3.915601838304748339e-02 5.491095893988304777e-01
1.302191684573289422e+03 8.902137828209760739e-01 4.739177876798791877e-02 8.005895850163111671e-01
1.302202543683065414e+03 1.034664887471764549e+00 5.823396771053818838e-02 1.089166574377144370e+00
1.302213402883396611e+03 1.204619525042974759e+00 6.722184937154762618e-02 1.312717659734216502e+00
1.302224262174283695e+03 1.356131282315509390e+00 7.227225340382233132e-02 1.434818663324200161e+00
1.302235121555727574e+03 1.467854468821007785e+00 7.427363490155182435e-02 1.482689622070702651e+00
1.302245981027729385e+03 1.538645604131247513e+00 7.484884390227160289e-02 1.496400518442513317e+00
1.302256840590288675e+03 1.406611679628150036e+00 7.497217751022468291e-02 1.499337701638955078e+00
1.302267700243407489e+03 1.387966420944807044e+00 7.499294234387207658e-02 1.499832124293891455e+00
1.302278559987085828e+03 1.469386457890209385e+00 7.499626571377909778e-02 1.499911253224619712e+00
1.302289419821325055e+03 1.586456547453159116e+00 7.499716325229525971e-02 1.499932623365265005e+00
1.302300279746125170e+03 1.500559417935987794e+00 7.499767022865770627e-02 1.499944694308905646e+00
1.302311139761487311e+03 1.449592822039415418e+00 7.499804003552365539e-02 1.499953499281280855e+00
1.302321999867412615e+03 1.718676329620739907e+00 7.499832531831003568e-02 1.499960291759178777e+00
1.302332860063900853e+03 1.452173151770756787e+00 7.499855098482664795e-02 1.499965664792200615e+00
1.302343720350953845e+03 1.406135155955024585e+00 7.499873289226728634e-02 1.499969995936201173e+00
1.302354580728571818e+03 1.456714191750847709e+00 7.499888184577341299e-02 1.499973542458603815e+00
1.302365441196755455e+03 1.341337852958536248e+00 7.499900545915677563e-02 1.499976485641970170e+00
1.302376301755505665e+03 1.488212575935871307e+00 7.499910923920649619e-02 1.499978956601178304e+00
1.302387162404823357e+03 1.540523148479541193e+00 7.499919725712633767e-02 1.499981052270212611e+00
1.302398023144708759e+03 1.375680874456233882e+00 7.499927258009780884e-02 1.499982845677582333e+00
1.302408883975163462e+03 1.528753758782812167e+00 7.499933755720900042e-02 1.499984392754218021e+00
1.302419744896187694e+03 1.619572212649101672e+00 7.499939401385637139e-02 1.499985736962125005e+00
1.302430605907781910e+03 1.547496592841370644e+00 7.499944338691565127e-02 1.499986912512761617e+00
1.302441467009947473e+03 1.468082267302224686e+00 7.499948682059906502e-02 1.499987946649371962e+00
1.302452328202684612e+03 1.539232983926419163e+00 7.499952523563239992e-02 1.499988861294069498e+00
1.302463189485994462e+03 1.503128797089648971e+00 7.499955937996621858e-02 1.499989674255254313e+00
1.302474050859877707e+03 1.538865774191468638e+00 7.499958986647888015e-02 1.499990400125307266e+00
1.302484912324335255e+03 1.561478748137967276e+00 7.499961720136939791e-02 1.499991050956617666e+00
1.302495773879367334e+03 1.508948371935345145e+00 7.499964180579103690e-02 1.499991636776667248e+00
1.302506635524975081e+03 1.514626694941592966e+00 7.499966403251155656e-02 1.499992165984706416e+00
1.302517497261159633e+03 1.506897507486401722e+00 7.499968417887110939e-02 1.499992645660278345e+00
1.302528359087920762e+03 1.401890417577252856e+00 7.499970249695254998e-02 1.499993081805366391e+00
1.302539221005260060e+03 1.469721431679885670e+00 7.499971920163138461e-02 1.499993479536062990e+00
1.302550083013177755e+03 1.482460089358154098e+00 7.499973447699788409e-02 1.499993843235477353e+00
1.302560945111675210e+03 1.641926979511835860e+00 7.499974848151795548e-02 1.499994176676613833e+00
1.302571807300752425e+03 1.402779625528802532e+00 7.499976135220934315e-02 1.499994483121803723e+00
1.302582669580410766e+03 1.587359888452098078e+00 7.499977320804228353e-02 1.499994765403676045e+00
1.302593531950650913e+03 1.302927263675790481e+00 7.499978415272570698e-02 1.499995025991494479e+00
1.302604394411473550e+03 1.571388090618976552e+00 7.499979427700304013e-02 1.499995267045819203e+00
1.302615256962878675e+03 1.404387244426979597e+00 7.499980366055379599e-02 1.499995490463783998e+00
1.302626119604868563e+03 1.450800344339037817e+00 7.499981237357693231e-02 1.499995697916794324e+00
1.302636982337442760e+03 1.629079036923922530e+00 7.499982047811526442e-02 1.499995890882061200e+00
1.302647845160602401e+03 1.394137221795959336e+00 7.499982802916868585e-02 1.499996070669107784e+00
1.302658708074348169e+03 1.528065918041520810e+00 7.499983507563341700e-02 1.499996238442130814e+00
1.302669571078680974e+03 1.523521850393554589e+00 7.499984166109832651e-02 1.499996395238961444e+00
1.302680434173601270e+03 1.594360052849079334e+00 7.499984782452207011e-02 1.499996541987187681e+00
1.302691297359110422e+03 1.446313187689206803e+00 7.499985360081155850e-02 1.499996679517926923e+00
1.302702160635208656e+03 1.542145451750532859e+00 7.499985902131761639e-02 1.499996808577627849e+00
1.302713024001896656e+03 1.429118190153913392e+00 7.499986411426103061e-02 1.499996929838214310e+00
1.302723887459175330e+03 1.573447601062036627e+00 7.499986890510035309e-02 1.499997043905843430e+00
1.302734751007045816e+03 1.449633334907492577e+00 7.499987341684997977e-02 1.499997151328476885e+00
1.302745614645508567e+03 1.545899495780916455e+00 7.499987767035623532e-02 1.499997252602456310e+00
1.302756478374564040e+03 1.524904102555587171e+00 7.499988168453769477e-02 1.499997348178223833e+00
1.302767342194213370e+03 1.635485625809715238e+00 7.499988547659496019e-02 1.499997438465318300e+00
1.302778206104457013e+03 1.556564729117063006e+00 7.499988906219411111e-02 1.499997523836741786e+00
1.302789070105296105e+03 1.444320925560037772e+00 7.499989245562785345e-02 1.499997604632796966e+00
1.302799934196731328e+03 1.437735335668384851e+00 7.499989566995692025e-02 1.499997681164453311e+00
1.302810798378763138e+03 1.412081951637204735e+00 7.499989871713495793e-02 1.499997753716322269e+00
1.302821662651392671e+03 1.456532927878343653e+00 7.499990160811881301e-02 1.499997822549281157e+00
1.302832527014620155e+03 1.519783201794105310e+00 7.499990435296602365e-02 1.499997887902794869e+00
1.302843391468447180e+03 1.444770786059355938e+00 7.499990696092151410e-02 1.499997949996981550e+00
1.302854256012873520e+03 1.565034986908840464e+00 7.499990944049450547e-02 1.499998009034440916e+00
1.302865120647900540e+03 1.442498277717870758e+00 7.499991179952715525e-02 1.499998065201891606e+00
1.302875985373528920e+03 1.512721996226355614e+00 7.499991404525561955e-02 1.499998118671622915e+00
1.302886850189759343e+03 1.376209882647167149e+00 7.499991618436489815e-02 1.499998169602801301e+00
1.302897715096592492e+03 1.649688030508512204e+00 7.499991822303764266e-02 1.499998218142633677e+00
1.302908580094029276e+03 1.490734135064933463e+00 7.499992016699828790e-02 1.499998264427415240e+00
1.302919445182070376e+03 1.545493968049727496e+00 7.499992202155235377e-02 1.499998308583468498e+00
1.302930310360716703e+03 1.613099649712494310e+00 7.499992379162212508e-02 1.499998350727990371e+00
1.302941175629968939e+03 1.465253093236581261e+00 7.499992548177854268e-02 1.499998390969813133e+00
1.302952040989827537e+03 1.456226152149356690e+00 7.499992709627018028e-02 1.499998429410093204e+00
1.302962906440293409e+03 1.500151919766161690e+00 7.499992863904934859e-02 1.499998466142933307e+00
1.302973771981367463e+03 1.724006163689784321e+00 7.499993011379571528e-02 1.499998501255944694e+00
1.302984637613050609e+03 1.410277596504505349e+00 7.499993152393778784e-02 1.499998534830757846e+00
1.302995503335343074e+03 1.494777869249525271e+00 7.499993287267225917e-02 1.499998566943485212e+00
1.303006369148245994e+03 1.559732558663251334e+00 7.499993416298171567e-02 1.499998597665140876e+00
1.303017235051760053e+03 1.580776782951881954e+00 7.499993539765074935e-02 1.499998627062024470e+00
1.303028101045886160e+03 1.515242681753214526e+00 7.499993657928046009e-02 1.499998655196066677e+00
1.303038967130624542e+03 1.551146288261104011e+00 7.499993771030190326e-02 1.499998682125150085e+00
1.303049833305976790e+03 1.554655232206879845e+00 7.499993879298814947e-02 1.499998707903394957e+00
1.303060699571942678e+03 1.550028322522565949e+00 7.499993982946540072e-02 1.499998732581425909e+00
1.303071565928523569e+03 1.486768325638970989e+00 7.499994082172316279e-02 1.499998756206611938e+00
1.303082432375720373e+03 1.453162294223139694e+00 7.499994177162347397e-02 1.499998778823286694e+00
1.303093298913533545e+03 1.466812928973529218e+00 7.499994268090945382e-02 1.499998800472953420e+00
1.303104165541963994e+03 1.374453305079296195e+00 7.499994355121292200e-02 1.499998821194465481e+00
1.303115032261012175e+03 1.614879671498938851e+00 7.499994438406169805e-02 1.499998841024198892e+00
1.303125899070678997e+03 1.457022732902475415e+00 7.499994518088601292e-02 1.499998859996206635e+00
1.303136765970965371e+03 1.538530169306018935e+00 7.499994594302437922e-02 1.499998878142358993e+00
1.303147632961871750e+03 1.509989174019996661e+00 7.499994667172929508e-02 1.499998895492476558e+00
1.303158500043399272e+03 1.550697853250477376e+00 7.499994736817208740e-02 1.499998912074447910e+00
1.303169367215548391e+03 1.571533358191654406e+00 7.499994803344750549e-02 1.499998927914339308e+00
1.303180234478320017e+03 1.512355216986126960e+00 7.499994866857802311e-02 1.499998943036494836e+00
1.303191101831715059e+03 1.583805774331460636e+00 7.499994927451755777e-02 1.499998957463626992e+00
1.303201969275733745e+03 1.482756770012273018e+00 7.499994985215512056e-02 1.499998971216902621e+00
1.303212836810377212e+03 1.547284856063036784e+00 7.499995040231791088e-02 1.499998984316016859e+00
1.303223704435646368e+03 1.564966330665437333e+00 7.499995092577425859e-02 1.499998996779263294e+00
1.303234572151541897e+03 1.481358401943881020e+00 7.499995142323630237e-02 1.499999008623598140e+00
1.303245439958064026e+03 1.479514032348444807e+00 7.499995189536244611e-02 1.499999019864696637e+00
1.303256307855213890e+03 1.536519621959964166e+00 7.499995234275937117e-02 1.499999030517004339e+00
1.303267175842992629e+03 1.488925657045864881e+00 7.499995276598406257e-02 1.499999040593783084e+00
1.303278043921400240e+03 1.428787715852534168e+00 7.499995316554564084e-02 1.499999050107154286e+00
1.303288912090438089e+03 1.427513458410597291e+00 7.499995354190679142e-02 1.499999059068133800e+00
1.303299780350106857e+03 1.459668982994123398e+00 7.499995389548499980e-02 1.499999067486662785e+00
1.303310648700406773e+03 1.639949467467981981e+00 7.499995422665398093e-02 1.499999075371638568e+00
1.303321517141339200e+03 1.565528240177746166e+00 7.499995453574442861e-02 1.499999082730935074e+00
1.303332385672904593e+03 1.480663260248706425e+00 7.499995482304490368e-02 1.499999089571422806e+00
1.303343254295103861e+03 1.435705650993096105e+00 7.499995508880252792e-02 1.499999095898985058e+00
1.303354123007937915e+03 1.592314105187000006e+00 7.499995533322330321e-02 1.499999101718527239e+00
1.303364991811406753e+03 1.576871615973457486e+00 7.499995555647255563e-02 1.499999107033985757e+00
1.303375860705511968e+03 1.730588571010692522e+00 7.499995575867500486e-02 1.499999111848330013e+00
1.303386729690254015e+03 1.541051428934056222e+00 7.499995593991476417e-02 1.499999116163561963e+00
1.303397598765633575e+03 1.539259048472600089e+00 7.499995610023504899e-02 1.499999119980711892e+00
1.303408467931651558e+03 1.475557922293025959e+00 7.499995623963794100e-02 1.499999123299828430e+00
1.303419337188308646e+03 1.322331168644956367e+00 7.499995635808370809e-02 1.499999126119965664e+00
1.303430206535605294e+03 1.535133964080762414e+00 7.499995645549013823e-02 1.499999128439166274e+00
1.303441075973542866e+03 1.651492300882110742e+00 7.499995653173155419e-02 1.499999130254437985e+00
1.303451945502121589e+03 1.533708046043605000e+00 7.499995658663773102e-02 1.499999131561728261e+00
1.303462815121342373e+03 1.396225647781422552e+00 7.499995661999249441e-02 1.499999132355888998e+00
1.303473684831206356e+03 1.371575675547749951e+00 7.499995663153213865e-02 1.499999132630642773e+00
1.303484554631713763e+03 1.510347926853853773e+00 7.499995662094369187e-02 1.499999132378536659e+00
1.303495424522865505e+03 1.503256683910859204e+00 7.499995658786272335e-02 1.499999131590894486e+00
1.303506294504662264e+03 1.509675869346514654e+00 7.499995653187105371e-02 1.499999130257759550e+00
1.303517164577105177e+03 1.475362178138349023e+00 7.499995645249409038e-02 1.499999128367832002e+00
1.303528034740194698e+03 1.614137198001153628e+00 7.499995634919780219e-02 1.499999125908396236e+00
1.303538904993931510e+03 1.450954874197930344e+00 7.499995622138538875e-02 1.499999122865243617e+00
1.303549775338316522e+03 1.612827292960156145e+00 7.499995606839360285e-02 1.499999119222581889e+00
1.303560645773350416e+03 1.513423063863118534e+00 7.499995588948844827e-02 1.499999114962935476e+00
1.303571516299033874e+03 1.495873411957947763e+00 7.499995568386073896e-02 1.499999110067037567e+00
1.303582386915367806e+03 1.527862786035179887e+00 7.499995545062075608e-02 1.499999104513704662e+00
1.303593257622353121e+03 1.528906736603333316e+00 7.499995518879262746e-02 1.499999098279701570e+00
1.303604128419990275e+03 1.422143701455631737e+00 7.499995489730792997e-02 1.499999091339589974e+00
1.303614999308279948e+03 1.597245254552466909e+00 7.499995457499863960e-02 1.499999083665559008e+00
1.303625870287223279e+03 1.397359499172122099e+00 7.499995422058923500e-02 1.499999075227239853e+00
1.303636741356820949e+03 1.594002771214953817e+00 7.499995383268802385e-02 1.499999065991496794e+00
1.303647612517073185e+03 1.475699300033943784e+00 7.499995340977730351e-02 1.499999055922193847e+00
1.303658483767981352e+03 1.465093967345107995e+00 7.499995295020273067e-02 1.499999044979941853e+00
1.303669355109546132e+03 1.522119381703950225e+00 7.499995245216099782e-02 1.499999033121805381e+00
1.303680226541767979e+03 1.352931455600603128e+00 7.499995191368667713e-02 1.499999020300987640e+00
1.303691098064648031e+03 1.552695038562129204e+00 7.499995133263691327e-02 1.499999006466469442e+00
1.303701969678186515e+03 1.618342946929195003e+00 7.499995070667478392e-02 1.499998991562609074e+00
1.303712841382384795e+03 1.414937653076357549e+00 7.499995003325045373e-02 1.499998975528696210e+00
1.303723713177242871e+03 1.465057227884081659e+00 7.499994930958002459e-02 1.499998958298447649e+00
1.303734585062762335e+03 1.383871019533227775e+00 7.499994853262176298e-02 1.499998939799440878e+00
1.303745457038943414e+03 1.339682756248045115e+00 7.499994769904946845e-02 1.499998919952481469e+00
1.303756329105787245e+03 1.434480758747359586e+00 7.499994680522242829e-02 1.499998898670884317e+00
1.303767201263294282e+03 1.563370966578913945e+00 7.499994584715119483e-02 1.499998875859664071e+00
1.303778073511465209e+03 1.562978150065972294e+00 7.499994482045931055e-02 1.499998851414618528e+00
1.303788945850300706e+03 1.545663103761721224e+00 7.499994372033953749e-02 1.499998825221289467e+00
1.303799818279802139e+03 1.505782794048255102e+00 7.499994254150416095e-02 1.499998797153779817e+00
1.303810690799969734e+03 1.470862887361174876e+00 7.499994127812852074e-02 1.499998767073406292e+00
1.303821563410804401e+03 1.422057686527302911e+00 7.499993992378636842e-02 1.499998734827163283e+00
1.303832436112306823e+03 1.579275701593064518e+00 7.499993847137577385e-02 1.499998700245957384e+00
1.303843308904477908e+03 1.500138415442710649e+00 7.499993691303434573e-02 1.499998663142588118e+00
1.303854181787318339e+03 1.529988322288216018e+00 7.499993524004122669e-02 1.499998623309416246e+00
1.303865054760828798e+03 1.635663009008816449e+00 7.499993344270421136e-02 1.499998580515675473e+00
1.303875927825009967e+03 1.526973450505153096e+00 7.499993151022900373e-02 1.499998534504358272e+00
1.303886800979862983e+03 1.521377601109242139e+00 7.499992943056715822e-02 1.499998484988596781e+00
1.303897674225388300e+03 1.453842322412782995e+00 7.499992719023890198e-02 1.499998431647443953e+00
1.303908547561586602e+03 1.465052661456270444e+00 7.499992477412595338e-02 1.499998374120940614e+00
1.303919420988458796e+03 1.366760762587178935e+00 7.499992216522814725e-02 1.499998312004321210e+00
1.303930294506005566e+03 1.548025901738044219e+00 7.499991934437684471e-02 1.499998244841188599e+00
1.303941168114228049e+03 1.471204831935470025e+00 7.499991628989545467e-02 1.499998172115434292e+00
1.303952041813126243e+03 1.680766251914270537e+00 7.499991297719656169e-02 1.499998093241642350e+00
1.303962915602701287e+03 1.502761128984544836e+00 7.499990937830060267e-02 1.499998007553633661e+00
1.303973789482954317e+03 1.524186060446072855e+00 7.499990546125907820e-02 1.499997914290728485e+00
1.303984663453885560e+03 1.471757800199736010e+00 7.499990118945921991e-02 1.499997812581194356e+00
1.303995537515496153e+03 1.547626390368942895e+00 7.499989652078170588e-02 1.499997701422189689e+00
1.304006411667786551e+03 1.541843794319144312e+00 7.499989140657491171e-02 1.499997579655341751e+00
1.304017285910757437e+03 1.635694583436458682e+00 7.499988579039748582e-02 1.499997445936808393e+00
1.304028160244409946e+03 1.473366142585059047e+00 7.499987960646836704e-02 1.499997298700373349e+00
1.304039034668744534e+03 1.608107851190714976e+00 7.499987277774250449e-02 1.499997136111629104e+00
1.304049909183761883e+03 1.432132375712542371e+00 7.499986521350514301e-02 1.499996956010699600e+00
1.304060783789463358e+03 1.481392884405821064e+00 7.499985680634116414e-02 1.499996755840079743e+00
1.304071658485849184e+03 1.576115794545363435e+00 7.499984742828530448e-02 1.499996532552976047e+00
1.304082533272919818e+03 1.688687576919542188e+00 7.499983692588890749e-02 1.499996282495846600e+00
1.304093408150676851e+03 1.374301905200465468e+00 7.499982511383739003e-02 1.499996001256434841e+00
1.304104283119120510e+03 1.326708457498508409e+00 7.499981176660579230e-02 1.499995683465095153e+00
1.304115158178251704e+03 1.546749390759697196e+00 7.499979660742701892e-02 1.499995322532127195e+00
1.304126033328070889e+03 1.392107866223506685e+00 7.499977929352415196e-02 1.499994910296168049e+00
1.304136908568579202e+03 1.524995201170357140e+00 7.499975939607265996e-02 1.499994436547097632e+00
1.304147783899777096e+03 1.691889554528372086e+00 7.499973637259951809e-02 1.499993888368875039e+00
1.304158659321665937e+03 1.382938322904283091e+00 7.499970952832346605e-02 1.499993249219065961e+00
1.304169534834245496e+03 1.535173281231345666e+00 7.499967796097994910e-02 1.499992497615147302e+00
1.304180410437517367e+03 1.409222977219822592e+00 7.499964048038446074e-02 1.499991605219342494e+00
1.304191286131481775e+03 1.514634935364199020e+00 7.499959548827929423e-02 1.499990533977821894e+00
1.304202161916140085e+03 1.473871267714510935e+00 7.499954079370690918e-02 1.499989231724813576e+00
1.304213037791492297e+03 1.484762122998768863e+00 7.499947331963205399e-02 1.499987625197387375e+00
1.304223913757539776e+03 1.532015370423220890e+00 7.499938861653043798e-02 1.499985608454180497e+00
1.304234789814282976e+03 1.477025199168414682e+00 7.499927999078420671e-02 1.499983022122801213e+00
1.304245665961722807e+03 1.502753207458720430e+00 7.499913639211965022e-02 1.499979603100479508e+00
1.304256542199859950e+03 1.391885505878348805e+00 7.499893079036031029e-02 1.499974707809019092e+00
1.304267418528695089e+03 1.634257333206527552e+00 7.499851369764595765e-02 1.499964776998972571e+00
1.304278294948229131e+03 1.592028160652038782e+00 7.499672521339241504e-02 1.499922193787781355e+00
1.304289171458462761e+03 1.509871117765649196e+00 7.498578466123714814e-02 1.499661698692702938e+00
1.304300048059396431e+03 1.488327279278476967e+00 7.492610043297358302e-02 1.498240486598636512e+00
1.304310924751031280e+03 1.494875863921665493e+00 7.467201077422418176e-02 1.492187629257440973e+00
1.304321801533368216e+03 1.420335629078866901e+00 7.385696410754767627e-02 1.472744795405360740e+00
1.304332678406407695e+03 1.453797815680821115e+00 7.192615186757424228e-02 1.426512958451028101e+00
1.304343555370150398e+03 1.446808967139349811e+00 6.863136436048879185e-02 1.347001116205762461e+00
1.304354432424597235e+03 1.343453634090899573e+00 6.478040451996487648e-02 1.252901746349765144e+00
1.304365309569749115e+03 1.063415340156823818e+00 6.218133195935542090e-02 1.188540338294650889e+00
1.304376186805606494e+03 1.217128354007952939e+00 6.233357474983668850e-02 1.192331765498737095e+00
1.304387064132170053e+03 1.316285804634081069e+00 6.514507327223009736e-02 1.261873439523486962e+00
1.304397941549441157e+03 1.293896071594209163e+00 6.901246119517200073e-02 1.356241452210596776e+00
1.304408819057419805e+03 1.402979356380526399e+00 7.218460453282660172e-02 1.432716064051820837e+00
1.304419696656107135e+03 1.519257679104472958e+00 7.398026577828840933e-02 1.475688824707379165e+00
1.304430574345504283e+03 1.632215765587268441e+00 7.471477646931844185e-02 1.493206658695616307e+00
1.304441452125611249e+03 1.595830561338001052e+00 7.493697883119640468e-02 1.498499541158565096e+00
1.304452329996428944e+03 1.477850072356772460e+00 7.498353834263861428e-02 1.499608212838222654e+00
1.304463207957958730e+03 1.643114467934530865e+00 7.492532086154721216e-02 1.498221921868072792e+00
1.304474086010200608e+03 1.451906042058943136e+00 7.437375108851657091e-02 1.485077501876833184e+00
1.304484964153155943e+03 1.444456537588520106e+00 7.199636119378831356e-02 1.428198509943367167e+00
1.304495842386825188e+03 1.294010403990987212e+00 6.663876221481736251e-02 1.298483670683378222e+00
1.304506720711209027e+03 1.057332027225337923e+00 6.030717176604991070e-02 1.141627077644378874e+00
1.304517599126308369e+03 1.022538495847432172e+00 5.635175619875579939e-02 1.040952280944378527e+00
1.304528477632123895e+03 1.020288535404038299e+00 5.503049700616569756e-02 1.006728942000382210e+00
1.304539356228656516e+03 1.074489702508589550e+00 5.479514274526463974e-02 1.000597133457924892e+00
1.304550234915906685e+03 1.031730928689627902e+00 5.477311160348438679e-02 1.000022570119266874e+00
1.304561113693875541e+03 9.273258296947546331e-01 5.477206309756627728e-02 9.999952230378065243e-01
1.304571992562563537e+03 9.267819606768558094e-01 5.477205857992188676e-02 9.999951052083352332e-01
1.304582871521971811e+03 8.931399042255352416e-01 5.477207722930685363e-02 9.999955916226832553e-01
1.304593750572100362e+03 9.390218932528249240e-01 5.477209340903264195e-02 9.999960136231791363e-01
1.304604629712950555e+03 1.074986262913008250e+00 5.477210731147467981e-02 9.999963762273923473e-01
1.304615508944523071e+03 9.730546703026080602e-01 5.477211934887184913e-02 9.999966901873771352e-01
1.304626388266818594e+03 9.498545046230817412e-01 5.477212984352326092e-02 9.999969639093668761e-01
1.304637267679838260e+03 1.077991369175641534e+00 5.477213905051345894e-02 9.999972040464981671e-01
1.304648147183582068e+03 9.862888204773135881e-01 5.477214717396580723e-02 9.999974159227320580e-01
1.304659026778051157e+03 9.599050525530126166e-01 5.477215437886097382e-02 9.999976038411068080e-01
1.304669906463246434e+03 9.108445861411842426e-01 5.477216079975939095e-02 9.999977713112370159e-01
1.304680786239168583e+03 9.897056503884763545e-01 5.477216654732597334e-02 9.999979212194920475e-01
1.304691666105818058e+03 9.544531482919059728e-01 5.477217171327072864e-02 9.999980559578582895e-01
1.304702546063196223e+03 1.047473412382968094e+00 5.477217637413242524e-02 9.999981775226244318e-01
1.304713426111303079e+03 1.023036089104435886e+00 5.477218059420572299e-02 9.999982875907272861e-01
1.304724306250139989e+03 9.639759325153135494e-01 5.477218442782759433e-02 9.999983875793873045e-01
1.304735186479707409e+03 1.046417120196641015e+00 5.477218792117889701e-02 9.999984786930957714e-01
1.304746066800006247e+03 1.045048725300361525e+00 5.477219111371556259e-02 9.999985619609444987e-01
1.304756947211036959e+03 9.954222350234822603e-01 5.477219403931413849e-02 9.999986382665028151e-01
1.304767827712800909e+03 8.833800043628365906e-01 5.477219672719538940e-02 9.999987083719087400e-01
1.304778708305298096e+03 9.420139380030284615e-01 5.477219920267376030e-02 9.999987729374145706e-01
1.304789588988529886e+03 9.369420160210661930e-01 5.477220148776941466e-02 9.999988325373511122e-01
1.304800469762496959e+03 1.034282511149184680e+00 5.477220360171094343e-02 9.999988876732395227e-01
1.304811350627199772e+03 1.080011253252094239e+00 5.477220556135063007e-02 9.999989387846216493e-01
1.304822231582639006e+03 1.045768628913382292e+00 5.477220738150917478e-02 9.999989862580516142e-01
1.304833112628815798e+03 1.043319934297839868e+00 5.477220907526337418e-02 9.999990304345992564e-01
1.304843993765730829e+03 1.040742057499740580e+00 5.477221065418723389e-02 9.999990716161377691e-01
1.304854874993384783e+03 9.239928355421431760e-01 5.477221212855500759e-02 9.999991100706410174e-01
1.304865756311778341e+03 9.999437461544024019e-01 5.477221350751286522e-02 9.999991460366596252e-01
1.304876637720912186e+03 9.268196528813501534e-01 5.477221479922467218e-02 9.999991797271239324e-01
1.304887519220787681e+03 9.378308519247601227e-01 5.477221601099616088e-02 9.999992113325821830e-01
1.304898400811404599e+03 1.001948874560240954e+00 5.477221714938113745e-02 9.999992410239709750e-01
1.304909282492764532e+03 9.661171820427364443e-01 5.477221822027269343e-02 9.999992689549943581e-01
1.304920164264867708e+03 9.599720065086992937e-01 5.477221922898169865e-02 9.999992952641705291e-01
1.304931046127715035e+03 9.688493090281908859e-01 5.477222018030460104e-02 9.999993200766006396e-01
1.304941928081307424e+03 9.699355096781280272e-01 5.477222107858226857e-02 9.999993435055032354e-01
1.304952810125645783e+03 1.032631975336365082e+00 5.477222192775092757e-02 9.999993656535431930e-01
1.304963692260730340e+03 9.728644216764192887e-01 5.477222273138677294e-02 9.999993866139949006e-01
1.304974574486562233e+03 9.941960191178743633e-01 5.477222349274484675e-02 9.999994064717565578e-01
1.304985456803142142e+03 1.031980592030901533e+00 5.477222421479304576e-02 9.999994253042370218e-01
1.304996339210470978e+03 1.049019920571276465e+00 5.477222490024209745e-02 9.999994431821370711e-01
1.305007221708548968e+03 1.009604844007506053e+00 5.477222555157186534e-02 9.999994601701374108e-01
1.305018104297377477e+03 1.047054231163734528e+00 5.477222617105462904e-02 9.999994763275029674e-01
1.305028986976956958e+03 1.028856634044893248e+00 5.477222676077558167e-02 9.999994917086201252e-01
1.305039869747288094e+03 1.038883469783150604e+00 5.477222732265110000e-02 9.999995063634721237e-01
1.305050752608372022e+03 9.666804831917440444e-01 5.477222785844490516e-02 9.999995203380599440e-01
1.305061635560208742e+03 9.659375309533292375e-01 5.477222836978239834e-02 9.999995336747776742e-01
1.305072518602800073e+03 1.029828653993992482e+00 5.477222885816361575e-02 9.999995464127490186e-01
1.305083401736145788e+03 9.830472845444157004e-01 5.477222932497457369e-02 9.999995585881243931e-01
1.305094284960247251e+03 1.110463288001012350e+00 5.477222977149759364e-02 9.999995702343491555e-01
1.305105168275105143e+03 1.034421986979101815e+00 5.477223019892046157e-02 9.999995813824031909e-01
1.305116051680720147e+03 1.032999515961006143e+00 5.477223060834474078e-02 9.999995920610175171e-01
1.305126935177092719e+03 1.070535460979385567e+00 5.477223100079309931e-02 9.999996022968655751e-01
1.305137818764223766e+03 1.097653405709367647e+00 5.477223137721611707e-02 9.999996121147400885e-01
1.305148702442114654e+03 1.063370638979386440e+00 5.477223173849823934e-02 9.999996215377093822e-01
1.305159586210765383e+03 9.412117151605955412e-01 5.477223208546326549e-02 9.999996305872599356e-01
1.305170470070176862e+03 9.440706636753235514e-01 5.477223241887928945e-02 9.999996392834249459e-01
1.305181354020350227e+03 1.021997786141445319e+00 5.477223273946315446e-02 9.999996476449013461e-01
1.305192238061285707e+03 9.446691280680302727e-01 5.477223304788450542e-02 9.999996556891546096e-01
1.305203122192984438e+03 1.023187302315121672e+00 5.477223334476950117e-02 9.999996634325164502e-01
1.305214006415447102e+03 9.489374602567375305e-01 5.477223363070417989e-02 9.999996708902717524e-01
1.305224890728674382e+03 9.605943728450319075e-01 5.477223390623747745e-02 9.999996780767379523e-01
1.305235775132666959e+03 9.696785027786828381e-01 5.477223417188404470e-02 9.999996850053382014e-01
1.305246659627425743e+03 8.959613355419111524e-01 5.477223442812677312e-02 9.999996916886673137e-01
1.305257544212951643e+03 1.031834622361739173e+00 5.477223467541914026e-02 9.999996981385530503e-01
1.305268428889244888e+03 9.873932244526961721e-01 5.477223491418737461e-02 9.999997043661119633e-01
1.305279313656306613e+03 1.092704820688798151e+00 5.477223514483232913e-02 9.999997103817991340e-01
1.305290198514137728e+03 9.352764992844746494e-01 5.477223536773132007e-02 9.999997161954560232e-01
1.305301083462738916e+03 1.031499232980308767e+00 5.477223558323977837e-02 9.999997218163528823e-01
1.305311968502110403e+03 1.049138479090895748e+00 5.477223579169275547e-02 9.999997272532284986e-01
1.305322853632253782e+03 1.111714114038183876e+00 5.477223599340631799e-02 9.999997325143263893e-01
1.305333738853169052e+03 9.833272563163250046e-01 5.477223618867878979e-02 9.999997376074276634e-01
1.305344624164857350e+03 9.721036785276029324e-01 5.477223637779200099e-02 9.999997425398831075e-01
1.305355509567319359e+03 9.427368928380149837e-01 5.477223656101233573e-02 9.999997473186402752e-01
1.305366395060555760e+03 9.921492293803523266e-01 5.477223673859174524e-02 9.999997519502707988e-01
1.305377280644567463e+03 1.024304496484210736e+00 5.477223691076869155e-02 9.999997564409939255e-01
1.305388166319355150e+03 9.628563277889795602e-01 5.477223707776900791e-02 9.999997607967001656e-01
1.305399052084919958e+03 9.329239425839950250e-01 5.477223723980667591e-02 9.999997650229704993e-01
1.305409937941262115e+03 9.171290367888539352e-01 5.477223739708458883e-02 9.999997691250968046e-01
1.305420823888382074e+03 9.118141569817710401e-01 5.477223754979522463e-02 9.999997731080991770e-01
1.305431709926281428e+03 1.079738815654936124e+00 5.477223769812130522e-02 9.999997769767435818e-01
1.305442596054960859e+03 9.988218687575853849e-01 5.477223784223635844e-02 9.999997807355558432e-01
1.305453482274420594e+03 9.976550966063032488e-01 5.477223798230528712e-02 9.999997843888369653e-01
1.305464368584661543e+03 9.475757952682665186e-01 5.477223811848488250e-02 9.999997879406763435e-01
1.305475254985684387e+03 1.025056134964430932e+00 5.477223825092428222e-02 9.999997913949639772e-01
1.305486141477490264e+03 1.063803249491269254e+00 5.477223837976546300e-02 9.999997947554026823e-01
1.305497028060079401e+03 1.050213669071301981e+00 5.477223850514356673e-02 9.999997980255173058e-01
1.305507914733453390e+03 1.033417633201485719e+00 5.477223862718740011e-02 9.999998012086674937e-01
1.305518801497612003e+03 9.809365465564318098e-01 5.477223874601970521e-02 9.999998043080544630e-01
1.305529688352556832e+03 9.788646424863970408e-01 5.477223886175753426e-02 9.999998073267313270e-01
1.305540575298287877e+03 9.698408498492908647e-01 5.477223897451257567e-02 9.999998102676108669e-01
1.305551462334806729e+03 9.550530559266700026e-01 5.477223908439143168e-02 9.999998131334738583e-01
1.305562349462113389e+03 1.047816757963923040e+00 5.477223919149587505e-02 9.999998159269744002e-01
1.305573236680208765e+03 9.707645489225104063e-01 5.477223929592316826e-02 9.999998186506495745e-01
1.305584123989093996e+03 9.370715683664028184e-01 5.477223939776625777e-02 9.999998213069233310e-01
1.305595011388769763e+03 1.042975164563146206e+00 5.477223949711399614e-02 9.999998238981134824e-01
1.305605898879236520e+03 1.023616244040677969e+00 5.477223959405142645e-02 9.999998264264376990e-01
1.305616786460495177e+03 9.846158821188203403e-01 5.477223968865985865e-02 9.999998288940170621e-01
1.305627674132546417e+03 9.297915142775745601e-01 5.477223978101718876e-02 9.999998313028830577e-01
1.305638561895391149e+03 9.565133298063274170e-01 5.477223987119800991e-02 9.999998336549813516e-01
1.305649449749030055e+03 1.004737281737306809e+00 5.477223995927377881e-02 9.999998359521755642e-01
1.305660337693464044e+03 1.005090133517504425e+00 5.477224004531298235e-02 9.999998381962520444e-01
1.305671225728693116e+03 1.002286507079378053e+00 5.477224012938127634e-02 9.999998403889233112e-01
1.305682113854719319e+03 1.005046934717786611e+00 5.477224021154166594e-02 9.999998425318326056e-01
1.305693002071542423e+03 9.402172763339192718e-01 5.477224029185459586e-02 9.999998446265561114e-01
1.305703890379163340e+03 9.798501122677665265e-01 5.477224037037802667e-02 9.999998466746061743e-01
1.305714778777583206e+03 1.019944158919271038e+00 5.477224044716771933e-02 9.999998486774366313e-01
1.305725667266802475e+03 9.575565550671893966e-01 5.477224052227713802e-02 9.999998506364423667e-01
1.305736555846822057e+03 9.699999833775428959e-01 5.477224059575770687e-02 9.999998525529643079e-01
1.305747444517642407e+03 1.042686953508503267e+00 5.477224066765883081e-02 9.999998544282909796e-01
1.305758333279264662e+03 9.499869411253444307e-01 5.477224073802800658e-02 9.999998562636616128e-01
1.305769222131689276e+03 9.241882405633992104e-01 5.477224080691096147e-02 9.999998580602683651e-01
1.305780111074917386e+03 9.992483843684069056e-01 5.477224087435162564e-02 9.999998598192572086e-01
1.305791000108949220e+03 1.045067947935985009e+00 5.477224094039230551e-02 9.999998615417318160e-01
1.305801889233786142e+03 1.068397375092943191e+00 5.477224100507375321e-02 9.999998632287546707e-01
1.305812778449428151e+03 1.006392403537647251e+00 5.477224106843515961e-02 9.999998648813483992e-01
1.305823667755876613e+03 1.037487975915414751e+00 5.477224113051434168e-02 9.999998665004991016e-01
1.305834557153132437e+03 9.968349779554311896e-01 5.477224119134769392e-02 9.999998680871560186e-01
1.305845446641195849e+03 1.004031849233826934e+00 5.477224125097031326e-02 9.999998696422345290e-01
1.305856336220067760e+03 1.058526921679574517e+00 5.477224130941601293e-02 9.999998711666165940e-01
1.305867225889749079e+03 1.003400232792302615e+00 5.477224136671743349e-02 9.999998726611536437e-01
1.305878115650240261e+03 1.034648533567657402e+00 5.477224142290605668e-02 9.999998741266665769e-01
1.305889005501542670e+03 9.785070895762237875e-01 5.477224147801225407e-02 9.999998755639476489e-01
1.305899895443656305e+03 1.026357355227337731e+00 5.477224153206530777e-02 9.999998769737608040e-01
1.305910785476582078e+03 9.181710131278396636e-01 5.477224158509357704e-02 9.999998783568451177e-01
1.305921675600321578e+03 1.019294888664534993e+00 5.477224163712433175e-02 9.999998797139125761e-01
1.305932565814874579e+03 9.938871844975062375e-01 5.477224168256019515e-02 9.999998808989717380e-01
1.305943456120241990e+03 1.028175219983544331e+00 5.477223998544094447e-02 9.999998366346684042e-01
1.305954346516425176e+03 1.025940473438006206e+00 5.477212080621836343e-02 9.999967281979585954e-01
1.305965237003424136e+03 9.962713649444666641e-01 5.476796943487905606e-02 9.998884501742164588e-01
1.305976127581240462e+03 9.654601122425884308e-01 5.469335278506584630e-02 9.979416625078119107e-01
1.305987018249874154e+03 9.580367274730224869e-01 5.399729294393597334e-02 9.797251038444076965e-01
1.305997909009326122e+03 8.854117486557168126e-01 5.064258701547873220e-02 8.903377263079821358e-01
1.306008799859597502e+03 -9.685975081188781738e+09 4.582575694497583508e+08 -9.999999999000000000e+09
