1.300000000000000000e+03 5.662610151103959488e+00 8.605522434442181229e-04 5.662127946596401173e+00
1.300010840833093880e+03 7.651885232258136327e+00 8.605522434442181229e-04 7.651424839972823300e+00
1.300021681756590624e+03 8.420476144734777790e+00 8.605522434442181229e-04 8.419586508575472195e+00
1.300032522770491141e+03 8.574977461324003514e+00 8.605522434442181229e-04 8.576136654731012499e+00
1.300043363874795659e+03 8.593484590809760348e+00 8.605522434442181229e-04 8.592883462190542332e+00
1.300054205069505542e+03 8.592547788563356548e+00 8.605522434442181229e-04 8.593834944589675118e+00
1.300065046354620790e+03 8.595225393302616368e+00 8.605522434442181229e-04 8.593883129707018398e+00
1.300075887730143222e+03 8.594073851565626754e+00 8.605522434442181229e-04 8.593905008035561011e+00
1.300086729196072611e+03 8.593320114652151176e+00 8.605522434442181229e-04 8.593926496480209565e+00
1.300097570752410320e+03 8.593925769883441035e+00 8.605522434442181229e-04 8.593947983529091061e+00
1.300108412399156805e+03 8.593479338975450688e+00 8.605522434442181229e-04 8.593969470435952829e+00
1.300119254136312748e+03 8.594257210432610705e+00 8.605522434442181229e-04 8.593990957196673719e+00
1.300130095963879057e+03 8.594043170101896223e+00 8.605522434442181229e-04 8.594012443807018897e+00
1.300140937881856871e+03 8.594965645607928195e+00 8.605522434442181229e-04 8.594033930262643395e+00
1.300151779890245962e+03 8.593275282480034249e+00 8.605522434442181229e-04 8.594055416559085003e+00
1.300162621989048148e+03 8.592403123409342314e+00 8.605522434442181229e-04 8.594076902691758946e+00
1.300173464178263202e+03 8.594271456966193767e+00 8.605522434442181229e-04 8.594098388655959653e+00
1.300184306457892944e+03 8.595937966933522745e+00 8.605522434442181229e-04 8.594119874446850105e+00
1.300195148827937373e+03 8.592590534097631405e+00 8.605522434442181229e-04 8.594141360059458279e+00
1.300205991288397172e+03 8.594794708037531095e+00 8.605522434442181229e-04 8.594162845488678926e+00
1.300216833839273704e+03 8.593802899281826058e+00 8.605522434442181229e-04 8.594184330729264687e+00
1.300227676480567197e+03 8.594748419340424661e+00 8.605522434442181229e-04 8.594205815775818991e+00
1.300238519212278561e+03 8.593609904422551793e+00 8.605522434442181229e-04 8.594227300622796051e+00
1.300249362034408705e+03 8.592899104139181787e+00 8.605522434442181229e-04 8.594248785264491985e+00
1.300260204946958083e+03 8.592006198153514518e+00 8.605522434442181229e-04 8.594270269695041264e+00
1.300271047949928061e+03 8.594700831865026203e+00 8.605522434442181229e-04 8.594291753908407827e+00
1.300281891043318410e+03 8.595327648911084140e+00 8.605522434442181229e-04 8.594313237898386859e+00
1.300292734227130723e+03 8.594738156350789637e+00 8.605522434442181229e-04 8.594334721658592358e+00
1.300303577501365226e+03 8.596047250146362728e+00 8.605522434442181229e-04 8.594356205182448250e+00
1.300314420866023056e+03 8.593981054160229505e+00 8.605522434442181229e-04 8.594377688463193721e+00
1.300325264321104896e+03 8.594400484263735152e+00 8.605522434442181229e-04 8.594399171493867229e+00
1.300336107866611201e+03 8.595249220908076637e+00 8.605522434442181229e-04 8.594420654267292292e+00
1.300346951502543106e+03 8.594182723142010261e+00 8.605522434442181229e-04 8.594442136776084595e+00
1.300357795228901296e+03 8.594819675285901184e+00 8.605522434442181229e-04 8.594463619012644884e+00
1.300368639045686223e+03 8.595027813484902524e+00 8.605522434442181229e-04 8.594485100969134095e+00
1.300379482952898798e+03 8.594930707277869786e+00 8.605522434442181229e-04 8.594506582637482239e+00
1.300390326950539929e+03 8.593693927978433678e+00 8.605522434442181229e-04 8.594528064009365309e+00
1.300401171038610300e+03 8.596206505621674765e+00 8.605522434442181229e-04 8.594549545076215935e+00
1.300412015217110593e+03 8.594737339750574634e+00 8.605522434442181229e-04 8.594571025829191413e+00
1.300422859486041716e+03 8.594298854096971141e+00 8.605522434442181229e-04 8.594592506259175479e+00
1.300433703845404125e+03 8.595276658170940109e+00 8.605522434442181229e-04 8.594613986356771207e+00
1.300444548295198729e+03 8.594711220116820982e+00 8.605522434442181229e-04 8.594635466112277911e+00
1.300455392835426437e+03 8.594775409993797410e+00 8.605522434442181229e-04 8.594656945515694701e+00
1.300466237466087932e+03 8.593413535967904693e+00 8.605522434442181229e-04 8.594678424556702723e+00
1.300477082187183896e+03 8.594978547740938168e+00 8.605522434442181229e-04 8.594699903224640281e+00
1.300487926998715238e+03 8.593439849245820383e+00 8.605522434442181229e-04 8.594721381508509950e+00
1.300498771900682186e+03 8.594246520113177468e+00 8.605522434442181229e-04 8.594742859396959034e+00
1.300509616893086331e+03 8.595299809520410506e+00 8.605522434442181229e-04 8.594764336878252919e+00
1.300520461975927446e+03 8.594262525487772919e+00 8.605522434442181229e-04 8.594785813940280406e+00
1.300531307149207350e+03 8.594884582576570509e+00 8.605522434442181229e-04 8.594807290570519953e+00
1.300542152412926043e+03 8.594428653606907886e+00 8.605522434442181229e-04 8.594828766756037908e+00
1.300552997767084435e+03 8.594117263039219523e+00 8.605522434442181229e-04 8.594850242483461855e+00
1.300563843211683206e+03 8.594526213397543302e+00 8.605522434442181229e-04 8.594871717738966410e+00
1.300574688746723496e+03 8.596235749485460431e+00 8.605522434442181229e-04 8.594893192508251900e+00
1.300585534372205530e+03 8.595347861903153586e+00 8.605522434442181229e-04 8.594914666776539036e+00
1.300596380088130672e+03 8.596732670633526752e+00 8.605522434442181229e-04 8.594936140528520951e+00
1.300607225894499152e+03 8.595222998202878273e+00 8.605522434442181229e-04 8.594957613748368530e+00
1.300618071791312104e+03 8.594085583318232580e+00 8.605522434442181229e-04 8.594979086419696657e+00
1.300628917778569985e+03 8.593790635585296656e+00 8.605522434442181229e-04 8.595000558525535794e+00
1.300639763856273703e+03 8.594921160551258765e+00 8.605522434442181229e-04 8.595022030048315997e+00
1.300650610024423941e+03 8.593005942994341950e+00 8.605522434442181229e-04 8.595043500969840267e+00
1.300661456283021380e+03 8.594871351500053436e+00 8.605522434442181229e-04 8.595064971271249021e+00
1.300672302632066931e+03 8.594915963944554704e+00 8.605522434442181229e-04 8.595086440933002336e+00
1.300683149071561502e+03 8.594761529816095091e+00 8.605522434442181229e-04 8.595107909934837309e+00
1.300693995601505549e+03 8.594353443796929781e+00 8.605522434442181229e-04 8.595129378255752073e+00
1.300704842221899753e+03 8.595163677066372188e+00 8.605522434442181229e-04 8.595150845873956058e+00
1.300715688932745252e+03 8.594591380921627888e+00 8.605522434442181229e-04 8.595172312766845124e+00
1.300726535734042500e+03 8.595383726249604450e+00 8.605522434442181229e-04 8.595193778910969584e+00
1.300737382625792407e+03 8.594739485482355335e+00 8.605522434442181229e-04 8.595215244281968481e+00
1.300748229607995427e+03 8.593946522067874128e+00 8.605522434442181229e-04 8.595236708854567809e+00
1.300759076680652697e+03 8.595322713430819661e+00 8.605522434442181229e-04 8.595258172602502356e+00
1.300769923843764900e+03 8.596297970468086191e+00 8.605522434442181229e-04 8.595279635498490833e+00
1.300780771097332490e+03 8.594226870532009954e+00 8.605522434442181229e-04 8.595301097514186139e+00
1.300791618441356604e+03 8.596238615298435803e+00 8.605522434442181229e-04 8.595322558620106079e+00
1.300802465875837697e+03 8.594822329247200798e+00 8.605522434442181229e-04 8.595344018785604945e+00
1.300813313400776906e+03 8.597335937296014308e+00 8.605522434442181229e-04 8.595365477978800683e+00
1.300824161016174685e+03 8.596209390470489708e+00 8.605522434442181229e-04 8.595386936166519831e+00
1.300835008722031716e+03 8.595274272706971530e+00 8.605522434442181229e-04 8.595408393314228235e+00
1.300845856518348683e+03 8.596043291603731262e+00 8.605522434442181229e-04 8.595429849385979537e+00
1.300856704405126948e+03 8.595781303809213014e+00 8.605522434442181229e-04 8.595451304344326360e+00
1.300867552382366512e+03 8.594148285981090041e+00 8.605522434442181229e-04 8.595472758150247472e+00
1.300878400450068511e+03 8.595284232212918596e+00 8.605522434442181229e-04 8.595494210763090948e+00
1.300889248608233856e+03 8.595044559457464928e+00 8.605522434442181229e-04 8.595515662140453372e+00
1.300900096856862774e+03 8.594709442230561436e+00 8.605522434442181229e-04 8.595537112238115895e+00
1.300910945195956629e+03 8.596840413965486150e+00 8.605522434442181229e-04 8.595558561009950083e+00
1.300921793625515875e+03 8.595584716991924168e+00 8.605522434442181229e-04 8.595580008407793571e+00
1.300932642145541195e+03 8.593961746557784664e+00 8.605522434442181229e-04 8.595601454381375461e+00
1.300943490756033498e+03 8.596768738103994778e+00 8.605522434442181229e-04 8.595622898878172435e+00
1.300954339456993694e+03 8.595202909926607404e+00 8.605522434442181229e-04 8.595644341843309277e+00
1.300965188248421782e+03 8.595273162083437057e+00 8.605522434442181229e-04 8.595665783219425649e+00
1.300976037130319355e+03 8.594212581369044202e+00 8.605522434442181229e-04 8.595687222946525097e+00
1.300986886102687095e+03 8.596624777216428370e+00 8.605522434442181229e-04 8.595708660961854264e+00
1.300997735165525228e+03 8.595996394426984821e+00 8.605522434442181229e-04 8.595730097199721698e+00
1.301008584318834892e+03 8.595899496303657017e+00 8.605522434442181229e-04 8.595751531591355743e+00
1.301019433562616541e+03 8.595821594088691953e+00 8.605522434442181229e-04 8.595772964064712696e+00
1.301030282896871540e+03 8.596620142462304770e+00 8.605522434442181229e-04 8.595794394544290284e+00
1.301041132321600116e+03 8.594914150713897527e+00 8.605522434442181229e-04 8.595815822950935825e+00
1.301051981836803179e+03 8.595785537720798786e+00 8.605522434442181229e-04 8.595837249201627728e+00
1.301062831442481183e+03 8.596346372079306519e+00 8.605522434442181229e-04 8.595858673209230361e+00
1.301073681138635266e+03 8.596650775396884825e+00 8.605522434442181229e-04 8.595880094882273781e+00
1.301084530925266336e+03 8.596725288513695773e+00 8.605522434442181229e-04 8.595901514124671294e+00
1.301095380802374621e+03 8.596188676983558707e+00 8.605522434442181229e-04 8.595922930835451226e+00
1.301106230769961257e+03 8.594567243296152625e+00 8.605522434442181229e-04 8.595944344908438950e+00
1.301117080828026928e+03 8.595939019442450757e+00 8.605522434442181229e-04 8.595965756231949584e+00
1.301127930976572088e+03 8.595758708976660500e+00 8.605522434442181229e-04 8.595987164688430937e+00
1.301138781215598101e+03 8.594077105068114619e+00 8.605522434442181229e-04 8.596008570154083372e+00
1.301149631545105194e+03 8.596555392976664933e+00 8.605522434442181229e-04 8.596029972498474336e+00
1.301160481965094277e+03 8.595938993682812779e+00 8.605522434442181229e-04 8.596051371584090717e+00
1.301171332475566032e+03 8.596638756343232046e+00 8.605522434442181229e-04 8.596072767265875214e+00
1.301182183076521369e+03 8.595011564034416907e+00 8.605522434442181229e-04 8.596094159390734291e+00
1.301193033767961197e+03 8.596614355468528146e+00 8.605522434442181229e-04 8.596115547796982170e+00
1.301203884549885970e+03 8.595096999667202198e+00 8.605522434442181229e-04 8.596136932313767076e+00
1.301214735422296144e+03 8.597507408387077277e+00 8.605522434442181229e-04 8.596158312760433517e+00
1.301225586385193310e+03 8.596241341628569899e+00 8.605522434442181229e-04 8.596179688945841946e+00
1.301236437438577468e+03 8.595865922480639298e+00 8.605522434442181229e-04 8.596201060667622684e+00
1.301247288582449755e+03 8.596537611029051007e+00 8.605522434442181229e-04 8.596222427711387226e+00
1.301258139816810854e+03 8.596210825795076005e+00 8.605522434442181229e-04 8.596243789849841832e+00
1.301268991141661672e+03 8.595222469008138688e+00 8.605522434442181229e-04 8.596265146841867377e+00
1.301279842557002894e+03 8.595151639387223597e+00 8.605522434442181229e-04 8.596286498431471301e+00
1.301290694062834746e+03 8.595396067497645731e+00 8.605522434442181229e-04 8.596307844346686267e+00
1.301301545659158592e+03 8.596762530886019604e+00 8.605522434442181229e-04 8.596329184298360460e+00
1.301312397345975114e+03 8.594671620958724390e+00 8.605522434442181229e-04 8.596350517978823547e+00
1.301323249123284995e+03 8.595201544960488604e+00 8.605522434442181229e-04 8.596371845060463812e+00
1.301334100991088690e+03 8.595917584260343247e+00 8.605522434442181229e-04 8.596393165194124109e+00
1.301344952949387334e+03 8.596214629248468242e+00 8.605522434442181229e-04 8.596414478007407212e+00
1.301355804998181839e+03 8.596990611725356501e+00 8.605522434442181229e-04 8.596435783102784001e+00
1.301366657137472430e+03 8.596771365542192456e+00 8.605522434442181229e-04 8.596457080055518674e+00
1.301377509367260018e+03 8.596671311480998057e+00 8.605522434442181229e-04 8.596478368411409221e+00
1.301388361687545739e+03 8.597781619322299562e+00 8.605522434442181229e-04 8.596499647684298751e+00
1.301399214098330049e+03 8.597765881518199649e+00 8.605522434442181229e-04 8.596520917353327462e+00
1.301410066599613401e+03 8.595861278848266451e+00 8.605522434442181229e-04 8.596542176859927054e+00
1.301420919191397161e+03 8.596626421063094270e+00 8.605522434442181229e-04 8.596563425604477615e+00
1.301431771873681782e+03 8.595028602121972838e+00 8.605522434442181229e-04 8.596584662942650112e+00
1.301442624646467721e+03 8.596344720698432695e+00 8.605522434442181229e-04 8.596605888181315436e+00
1.301453477509756567e+03 8.597619524180759143e+00 8.605522434442181229e-04 8.596627100574048441e+00
1.301464330463548322e+03 8.597777573694047604e+00 8.605522434442181229e-04 8.596648299316141717e+00
1.301475183507843894e+03 8.597239673374691193e+00 8.605522434442181229e-04 8.596669483539026047e+00
1.301486036642643967e+03 8.597107416650489498e+00 8.605522434442181229e-04 8.596690652304094016e+00
1.301496889867949676e+03 8.596341894056001465e+00 8.605522434442181229e-04 8.596711804595811302e+00
1.301507743183761477e+03 8.598298131617424289e+00 8.605522434442181229e-04 8.596732939314007282e+00
1.301518596590080278e+03 8.595962288924233974e+00 8.605522434442181229e-04 8.596754055265249050e+00
1.301529450086906763e+03 8.598016794791110584e+00 8.605522434442181229e-04 8.596775151153199346e+00
1.301540303674241613e+03 8.596088552650023473e+00 8.605522434442181229e-04 8.596796225567739924e+00
1.301551157352085283e+03 8.595109880359876442e+00 8.605522434442181229e-04 8.596817276972782196e+00
1.301562011120439365e+03 8.596450900554527763e+00 8.605522434442181229e-04 8.596838303692484473e+00
1.301572864979303858e+03 8.596553189570354192e+00 8.605522434442181229e-04 8.596859303895685755e+00
1.301583718928679900e+03 8.596544582325442718e+00 8.605522434442181229e-04 8.596880275578282493e+00
1.301594572968568173e+03 8.597767244501097750e+00 8.605522434442181229e-04 8.596901216543233915e+00
1.301605427098969358e+03 8.597394991274528664e+00 8.605522434442181229e-04 8.596922124377769592e+00
1.301616281319884365e+03 8.595785357528963999e+00 8.605522434442181229e-04 8.596942996427447525e+00
1.301627135631313649e+03 8.599274209542421943e+00 8.605522434442181229e-04 8.596963829766433918e+00
1.301637990033258120e+03 8.597874802240985659e+00 8.605522434442181229e-04 8.596984621163475282e+00
1.301648844525718687e+03 8.598181381243367838e+00 8.605522434442181229e-04 8.597005367042729773e+00
1.301659699108696032e+03 8.597519159586909154e+00 8.605522434442181229e-04 8.597026063438626409e+00
1.301670553782190837e+03 8.597273824226030925e+00 8.605522434442181229e-04 8.597046705943668599e+00
1.301681408546203784e+03 8.598017615162939720e+00 8.605522434442181229e-04 8.597067289647833732e+00
1.301692263400735555e+03 8.596112056352410491e+00 8.605522434442181229e-04 8.597087809068071351e+00
1.301703118345787288e+03 8.595890267942159824e+00 8.605522434442181229e-04 8.597108258065944142e+00
1.301713973381359665e+03 8.598428878733972880e+00 8.605522434442181229e-04 8.597128629751081164e+00
1.301724828507453140e+03 8.597093116520225564e+00 8.605522434442181229e-04 8.597148916367569171e+00
1.301735683724068622e+03 8.596180061417639351e+00 8.605522434442181229e-04 8.597169109159782607e+00
1.301746539031206567e+03 8.596959279691269273e+00 8.605522434442181229e-04 8.597189198213186501e+00
1.301757394428868565e+03 8.597105250118742603e+00 8.605522434442181229e-04 8.597209172264697941e+00
1.301768249917054618e+03 8.596835219734444422e+00 8.605522434442181229e-04 8.597229018475697870e+00
1.301779105495765634e+03 8.598637288440110993e+00 8.605522434442181229e-04 8.597248722159033463e+00
1.301789961165002524e+03 8.598004339974147925e+00 8.605522434442181229e-04 8.597268266448981677e+00
1.301800816924765741e+03 8.597903876349324293e+00 8.605522434442181229e-04 8.597287631900083937e+00
1.301811672775056422e+03 8.595363333125503047e+00 8.605522434442181229e-04 8.597306795996731310e+00
1.301822528715875251e+03 8.596824182437568851e+00 8.605522434442181229e-04 8.597325732549901289e+00
1.301833384747222681e+03 8.597846505823547147e+00 8.605522434442181229e-04 8.597344410950260141e+00
1.301844240869099622e+03 8.598156379952735406e+00 8.605522434442181229e-04 8.597362795236950461e+00
1.301855097081506983e+03 8.596228080521845172e+00 8.605522434442181229e-04 8.597380842927895728e+00
1.301865953384445447e+03 8.597445368245221431e+00 8.605522434442181229e-04 8.597398503538698833e+00
1.301876809777915469e+03 8.597733199871955279e+00 8.605522434442181229e-04 8.597415716691065413e+00
1.301887666261918412e+03 8.597840791561816687e+00 8.605522434442181229e-04 8.597432409674329534e+00
1.301898522836454731e+03 8.598302335956429232e+00 8.605522434442181229e-04 8.597448494270208741e+00
1.301909379501525109e+03 8.596730285761562840e+00 8.605522434442181229e-04 8.597463862572535476e+00
1.301920236257130000e+03 8.596832351497685210e+00 8.605522434442181229e-04 8.597478381417564819e+00
1.301931093103270541e+03 8.597656506254342190e+00 8.605522434442181229e-04 8.597491884864860268e+00
1.301941950039947642e+03 8.598106537258965787e+00 8.605522434442181229e-04 8.597504163898012308e+00
1.301952807067161984e+03 8.595654129176457658e+00 8.605522434442181229e-04 8.597514952087895068e+00
1.301963664184914023e+03 8.595969466515036572e+00 8.605522434442181229e-04 8.597523905272149491e+00
1.301974521393204668e+03 8.598086655386358856e+00 8.605522434442181229e-04 8.597530572160184903e+00
1.301985378692034601e+03 8.597787478833959440e+00 8.605522434442181229e-04 8.597534350809723946e+00
1.301996236081404732e+03 8.596563389725345061e+00 8.605522434442181229e-04 8.597534422424162770e+00
1.302007093561315742e+03 8.596557866812091220e+00 8.605522434442181229e-04 8.597529647394924979e+00
1.302017951131768314e+03 8.595643583006051358e+00 8.605522434442181229e-04 8.597518395316701145e+00
1.302028808792763357e+03 8.597645584289653087e+00 8.605522434442181229e-04 8.597498244006025914e+00
1.302039666544301326e+03 8.597090884406560107e+00 8.605522434442181229e-04 8.597465229802939035e+00
1.302050524386383586e+03 8.598085848051272961e+00 8.605522434442181229e-04 8.597409323570882833e+00
1.302061382319010363e+03 8.596377481093277595e+00 8.605522434442181229e-04 8.597270569319560352e+00
1.302072240342182340e+03 8.594325063584815183e+00 8.605522434442181229e-04 8.596560856259447547e+00
1.302083098455900881e+03 8.592143835685835285e+00 8.605522434442181229e-04 8.591898616328188965e+00
1.302093956660166214e+03 8.565525433052405546e+00 8.605522434442181229e-04 8.565628752587048922e+00
1.302104814954979020e+03 8.451527726748677694e+00 8.605522434442181229e-04 8.451887967481720665e+00
1.302115673340340436e+03 8.085575925103887229e+00 8.605522434442181229e-04 8.086488068462955425e+00
1.302126531816250917e+03 7.233638028748957005e+00 8.605522434442181229e-04 7.233412731214516000e+00
1.302137390382711374e+03 5.811452846501599545e+00 8.605522434442181229e-04 5.810193327058245316e+00
1.302148249039722714e+03 4.147887251060323521e+00 8.605522434442181229e-04 4.147754666926064537e+00
1.302159107787285166e+03 2.873869144692008160e+00 8.605522434442181229e-04 2.874351395320481561e+00
1.302169966625399866e+03 2.493322169401086086e+00 8.605522434442181229e-04 2.493890927894005571e+00
1.302180825554067951e+03 3.147692948853079820e+00 8.605522434442181229e-04 3.147528970693130201e+00
1.302191684573289422e+03 4.589171319841408803e+00 8.605522434442181229e-04 4.589038906909476800e+00
1.302202543683065414e+03 6.244004821562655572e+00 8.605522434442181229e-04 6.243196561817376811e+00
1.302213402883396611e+03 7.524536466893259501e+00 8.605522434442181229e-04 7.524626189638920160e+00
1.302224262174283695e+03 8.224823520956382694e+00 8.605522434442181229e-04 8.224539309678821297e+00
1.302235121555727574e+03 8.498704682436480695e+00 8.605522434442181229e-04 8.498961023373102108e+00
1.302245981027729385e+03 8.578475898545466549e+00 8.605522434442181229e-04 8.577574626692989312e+00
1.302256840590288675e+03 8.594001171876735512e+00 8.605522434442181229e-04 8.594432362235670197e+00
1.302267700243407489e+03 8.595999259948181148e+00 8.605522434442181229e-04 8.597287956580425217e+00
1.302278559987085828e+03 8.597942491875034676e+00 8.605522434442181229e-04 8.597763043120812299e+00
1.302289419821325055e+03 8.595580393851168566e+00 8.605522434442181229e-04 8.597907049773054311e+00
1.302300279746125170e+03 8.597994876426566790e+00 8.605522434442181229e-04 8.597997752442411823e+00
1.302311139761487311e+03 8.599732348599019360e+00 8.605522434442181229e-04 8.598069734278091403e+00
1.302321999867412615e+03 8.598429803467324106e+00 8.605522434442181229e-04 8.598130180338282358e+00
1.302332860063900853e+03 8.600838239563426413e+00 8.605522434442181229e-04 8.598182490040002790e+00
1.302343720350953845e+03 8.599576238328502598e+00 8.605522434442181229e-04 8.598228827569963428e+00
1.302354580728571818e+03 8.598292607918647690e+00 8.605522434442181229e-04 8.598270667610620421e+00
1.302365441196755455e+03 8.600330195855011794e+00 8.605522434442181229e-04 8.598309049292202744e+00
1.302376301755505665e+03 8.599657207775766921e+00 8.605522434442181229e-04 8.598344724179039389e+00
1.302387162404823357e+03 8.599359364495619218e+00 8.605522434442181229e-04 8.598378247907261240e+00
1.302398023144708759e+03 8.599127908485122873e+00 8.605522434442181229e-04 8.598410039084466661e+00
1.302408883975163462e+03 8.600194285521817861e+00 8.605522434442181229e-04 8.598440418313185063e+00
1.302419744896187694e+03 8.597770076734912337e+00 8.605522434442181229e-04 8.598469634722786026e+00
1.302430605907781910e+03 8.598863021416910613e+00 8.605522434442181229e-04 8.598497884417520609e+00
1.302441467009947473e+03 8.597185320755041715e+00 8.605522434442181229e-04 8.598525323559064404e+00
1.302452328202684612e+03 8.597985601921383392e+00 8.605522434442181229e-04 8.598552077807799066e+00
1.302463189485994462e+03 8.598193717005072401e+00 8.605522434442181229e-04 8.598578249243820082e+00
1.302474050859877707e+03 8.599429393726566673e+00 8.605522434442181229e-04 8.598603921512628645e+00
1.302484912324335255e+03 8.597164181865686317e+00 8.605522434442181229e-04 8.598629163700199030e+00
1.302495773879367334e+03 8.598460691658448951e+00 8.605522434442181229e-04 8.598654033285466625e+00
1.302506635524975081e+03 8.599104797116622123e+00 8.605522434442181229e-04 8.598678578414174822e+00
1.302517497261159633e+03 8.597138866049968797e+00 8.605522434442181229e-04 8.598702839667311082e+00
1.302528359087920762e+03 8.597850586757573410e+00 8.605522434442181229e-04 8.598726851449164599e+00
1.302539221005260060e+03 8.598493752490066200e+00 8.605522434442181229e-04 8.598750643085971035e+00
1.302550083013177755e+03 8.598321890867929085e+00 8.605522434442181229e-04 8.598774239702411393e+00
1.302560945111675210e+03 8.598611449963605935e+00 8.605522434442181229e-04 8.598797662925960594e+00
1.302571807300752425e+03 8.598901594014819239e+00 8.605522434442181229e-04 8.598820931456851113e+00
1.302582669580410766e+03 8.597884296976912921e+00 8.605522434442181229e-04 8.598844061532181726e+00
1.302593531950650913e+03 8.598718499628008161e+00 8.605522434442181229e-04 8.598867067306210643e+00
1.302604394411473550e+03 8.598561467127831648e+00 8.605522434442181229e-04 8.598889961163644458e+00
1.302615256962878675e+03 8.600045407483825954e+00 8.605522434442181229e-04 8.598912753979195855e+00
1.302626119604868563e+03 8.598873890983632862e+00 8.605522434442181229e-04 8.598935455333663214e+00
1.302636982337442760e+03 8.599113621879549640e+00 8.605522434442181229e-04 8.598958073694708659e+00
1.302647845160602401e+03 8.599557393142017503e+00 8.605522434442181229e-04 8.598980616568757895e+00
1.302658708074348169e+03 8.599681020260984354e+00 8.605522434442181229e-04 8.599003090629217638e+00
1.302669571078680974e+03 8.598126671465369242e+00 8.605522434442181229e-04 8.599025501825137141e+00
1.302680434173601270e+03 8.599818311870691900e+00 8.605522434442181229e-04 8.599047855473639146e+00
1.302691297359110422e+03 8.600159264831797046e+00 8.605522434442181229e-04 8.599070156338854076e+00
1.302702160635208656e+03 8.598482237631948522e+00 8.605522434442181229e-04 8.599092408699581469e+00
1.302713024001896656e+03 8.599535843695674586e+00 8.605522434442181229e-04 8.599114616407437239e+00
1.302723887459175330e+03 8.598549465200685304e+00 8.605522434442181229e-04 8.599136782937037538e+00
1.302734751007045816e+03 8.599795438974592088e+00 8.605522434442181229e-04 8.599158911429414687e+00
1.302745614645508567e+03 8.597988837064223233e+00 8.605522434442181229e-04 8.599181004729711475e+00
1.302756478374564040e+03 8.597024895419421497e+00 8.605522434442181229e-04 8.599203065419963821e+00
1.302767342194213370e+03 8.599440569652056610e+00 8.605522434442181229e-04 8.599225095847739198e+00
1.302778206104457013e+03 8.598534412465600241e+00 8.605522434442181229e-04 8.599247098151172608e+00
1.302789070105296105e+03 8.598503793912470883e+00 8.605522434442181229e-04 8.599269074280954328e+00
1.302799934196731328e+03 8.599044939429228762e+00 8.605522434442181229e-04 8.599291026019640682e+00
1.302810798378763138e+03 8.600381578688308437e+00 8.605522434442181229e-04 8.599312954998691083e+00
1.302821662651392671e+03 8.598177649036035319e+00 8.605522434442181229e-04 8.599334862713508443e+00
1.302832527014620155e+03 8.599640888061456323e+00 8.605522434442181229e-04 8.599356750536772509e+00
1.302843391468447180e+03 8.597795203437598843e+00 8.605522434442181229e-04 8.599378619730250861e+00
1.302854256012873520e+03 8.597548667473715156e+00 8.605522434442181229e-04 8.599400471455300732e+00
1.302865120647900540e+03 8.599761794524608760e+00 8.605522434442181229e-04 8.599422306782230407e+00
1.302875985373528920e+03 8.599763567577797474e+00 8.605522434442181229e-04 8.599444126698655211e+00
1.302886850189759343e+03 8.600488476437794461e+00 8.605522434442181229e-04 8.599465932116951095e+00
1.302897715096592492e+03 8.599236311490191298e+00 8.605522434442181229e-04 8.599487723880949730e+00
1.302908580094029276e+03 8.601048824255322245e+00 8.605522434442181229e-04 8.599509502771926606e+00
1.302919445182070376e+03 8.597961705921241204e+00 8.605522434442181229e-04 8.599531269513999376e+00
1.302930310360716703e+03 8.600204456738284264e+00 8.605522434442181229e-04 8.599553024778970212e+00
1.302941175629968939e+03 8.599569946235943618e+00 8.605522434442181229e-04 8.599574769190690304e+00
1.302952040989827537e+03 8.600345725464087820e+00 8.605522434442181229e-04 8.599596503329017594e+00
1.302962906440293409e+03 8.598181586455671876e+00 8.605522434442181229e-04 8.599618227733371256e+00
1.302973771981367463e+03 8.598389475549545580e+00 8.605522434442181229e-04 8.599639942905968226e+00
1.302984637613050609e+03 8.598802776091739375e+00 8.605522434442181229e-04 8.599661649314729317e+00
1.302995503335343074e+03 8.600135430421193661e+00 8.605522434442181229e-04 8.599683347395949085e+00
1.303006369148245994e+03 8.599859077631778703e+00 8.605522434442181229e-04 8.599705037556704568e+00
1.303017235051760053e+03 8.599191046033842767e+00 8.605522434442181229e-04 8.599726720177036654e+00
1.303028101045886160e+03 8.599751936263256624e+00 8.605522434442181229e-04 8.599748395611953811e+00
1.303038967130624542e+03 8.600451733719404857e+00 8.605522434442181229e-04 8.599770064193249297e+00
1.303049833305976790e+03 8.599087167977616630e+00 8.605522434442181229e-04 8.599791726231154954e+00
1.303060699571942678e+03 8.600679336034646738e+00 8.605522434442181229e-04 8.599813382015859986e+00
1.303071565928523569e+03 8.600088425266678271e+00 8.605522434442181229e-04 8.599835031818894748e+00
1.303082432375720373e+03 8.599153590963744875e+00 8.605522434442181229e-04 8.599856675894395508e+00
1.303093298913533545e+03 8.600494658503295753e+00 8.605522434442181229e-04 8.599878314480260855e+00
1.303104165541963994e+03 8.599614960097904159e+00 8.605522434442181229e-04 8.599899947799212185e+00
1.303115032261012175e+03 8.600422262229391990e+00 8.605522434442181229e-04 8.599921576059758266e+00
1.303125899070678997e+03 8.599713067861024740e+00 8.605522434442181229e-04 8.599943199457097620e+00
1.303136765970965371e+03 8.600576437553224096e+00 8.605522434442181229e-04 8.599964818173919667e+00
1.303147632961871750e+03 8.600002231232883432e+00 8.605522434442181229e-04 8.599986432381156121e+00
1.303158500043399272e+03 8.600790358362939259e+00 8.605522434442181229e-04 8.600008042238670214e+00
1.303169367215548391e+03 8.599839056166871387e+00 8.605522434442181229e-04 8.600029647895874874e+00
1.303180234478320017e+03 8.601292751061755837e+00 8.605522434442181229e-04 8.600051249492311811e+00
1.303191101831715059e+03 8.599963517049063810e+00 8.605522434442181229e-04 8.600072847158171996e+00
1.303201969275733745e+03 8.599249812904009360e+00 8.605522434442181229e-04 8.600094441014778823e+00
1.303212836810377212e+03 8.601413091464802818e+00 8.605522434442181229e-04 8.600116031175028652e+00
1.303223704435646368e+03 8.600978512704109846e+00 8.605522434442181229e-04 8.600137617743778051e+00
1.303234572151541897e+03 8.601435315232995649e+00 8.605522434442181229e-04 8.600159200818211502e+00
1.303245439958064026e+03 8.599214822602975872e+00 8.605522434442181229e-04 8.600180780488184240e+00
1.303256307855213890e+03 8.599343485898318207e+00 8.605522434442181229e-04 8.600202356836483375e+00
1.303267175842992629e+03 8.600926401774541930e+00 8.605522434442181229e-04 8.600223929939133427e+00
1.303278043921400240e+03 8.600559708238174395e+00 8.605522434442181229e-04 8.600245499865597054e+00
1.303288912090438089e+03 8.601498467714346674e+00 8.605522434442181229e-04 8.600267066679013084e+00
1.303299780350106857e+03 8.601700479415168132e+00 8.605522434442181229e-04 8.600288630436356385e+00
1.303310648700406773e+03 8.600151242547230623e+00 8.605522434442181229e-04 8.600310191188617281e+00
1.303321517141339200e+03 8.600229093646920120e+00 8.605522434442181229e-04 8.600331748980917013e+00
1.303332385672904593e+03 8.599812602551807572e+00 8.605522434442181229e-04 8.600353303852628528e+00
1.303343254295103861e+03 8.601192543694956782e+00 8.605522434442181229e-04 8.600374855837458199e+00
1.303354123007937915e+03 8.600306193062515092e+00 8.605522434442181229e-04 8.600396404963509767e+00
1.303364991811406753e+03 8.601156400123061374e+00 8.605522434442181229e-04 8.600417951253337634e+00
1.303375860705511968e+03 8.600200259511540324e+00 8.605522434442181229e-04 8.600439494723934430e+00
1.303386729690254015e+03 8.599543004496029042e+00 8.605522434442181229e-04 8.600461035386768316e+00
1.303397598765633575e+03 8.600482007785153371e+00 8.605522434442181229e-04 8.600482573247720808e+00
1.303408467931651558e+03 8.599368686435276743e+00 8.605522434442181229e-04 8.600504108307047701e+00
1.303419337188308646e+03 8.601998731199484993e+00 8.605522434442181229e-04 8.600525640559306240e+00
1.303430206535605294e+03 8.600219501145820900e+00 8.605522434442181229e-04 8.600547169993252083e+00
1.303441075973542866e+03 8.600221900041676193e+00 8.605522434442181229e-04 8.600568696591707862e+00
1.303451945502121589e+03 8.600933068243387325e+00 8.605522434442181229e-04 8.600590220331412183e+00
1.303462815121342373e+03 8.599535524981160250e+00 8.605522434442181229e-04 8.600611741182827785e+00
1.303473684831206356e+03 8.600978617602585530e+00 8.605522434442181229e-04 8.600633259109942585e+00
1.303484554631713763e+03 8.600645590470756829e+00 8.605522434442181229e-04 8.600654774069997899e+00
1.303495424522865505e+03 8.600475027138044126e+00 8.605522434442181229e-04 8.600676286013221983e+00
1.303506294504662264e+03 8.600025229040117125e+00 8.605522434442181229e-04 8.600697794882506741e+00
1.303517164577105177e+03 8.599867221941396522e+00 8.605522434442181229e-04 8.600719300613031137e+00
1.303528034740194698e+03 8.600633499439076957e+00 8.605522434442181229e-04 8.600740803131866841e+00
1.303538904993931510e+03 8.600233016404486008e+00 8.605522434442181229e-04 8.600762302357519928e+00
1.303549775338316522e+03 8.602561458687732809e+00 8.605522434442181229e-04 8.600783798199410413e+00
1.303560645773350416e+03 8.600352065637867582e+00 8.605522434442181229e-04 8.600805290557318017e+00
1.303571516299033874e+03 8.600832216127862750e+00 8.605522434442181229e-04 8.600826779320733806e+00
1.303582386915367806e+03 8.601456097719832883e+00 8.605522434442181229e-04 8.600848264368167406e+00
1.303593257622353121e+03 8.601696061343899302e+00 8.605522434442181229e-04 8.600869745566367186e+00
1.303604128419990275e+03 8.600065592385179869e+00 8.605522434442181229e-04 8.600891222769439182e+00
1.303614999308279948e+03 8.599883336724968075e+00 8.605522434442181229e-04 8.600912695817887865e+00
1.303625870287223279e+03 8.601595693377232621e+00 8.605522434442181229e-04 8.600934164537548554e+00
1.303636741356820949e+03 8.601373545227867012e+00 8.605522434442181229e-04 8.600955628738384817e+00
1.303647612517073185e+03 8.601428763187875859e+00 8.605522434442181229e-04 8.600977088213166866e+00
1.303658483767981352e+03 8.600738770385653709e+00 8.605522434442181229e-04 8.600998542735993624e+00
1.303669355109546132e+03 8.600181440054067039e+00 8.605522434442181229e-04 8.601019992060642494e+00
1.303680226541767979e+03 8.600752975485820073e+00 8.605522434442181229e-04 8.601041435918732603e+00
1.303691098064648031e+03 8.601565086231842017e+00 8.605522434442181229e-04 8.601062874017680215e+00
1.303701969678186515e+03 8.601300391784695520e+00 8.605522434442181229e-04 8.601084306038391247e+00
1.303712841382384795e+03 8.600652978610700217e+00 8.605522434442181229e-04 8.601105731632696205e+00
1.303723713177242871e+03 8.603018659506926014e+00 8.605522434442181229e-04 8.601127150420472489e+00
1.303734585062762335e+03 8.600714710401007324e+00 8.605522434442181229e-04 8.601148561986397212e+00
1.303745457038943414e+03 8.600453354032723041e+00 8.605522434442181229e-04 8.601169965876300338e+00
1.303756329105787245e+03 8.600624985196329675e+00 8.605522434442181229e-04 8.601191361593063078e+00
1.303767201263294282e+03 8.601841215653603712e+00 8.605522434442181229e-04 8.601212748591962054e+00
1.303778073511465209e+03 8.601422910349674211e+00 8.605522434442181229e-04 8.601234126275418390e+00
1.303788945850300706e+03 8.601888791900075049e+00 8.605522434442181229e-04 8.601255493987041589e+00
1.303799818279802139e+03 8.600666014050581509e+00 8.605522434442181229e-04 8.601276851004831414e+00
1.303810690799969734e+03 8.602186937394371569e+00 8.605522434442181229e-04 8.601298196533477380e+00
1.303821563410804401e+03 8.601317358116082445e+00 8.605522434442181229e-04 8.601319529695519606e+00
1.303832436112306823e+03 8.600543658598203578e+00 8.605522434442181229e-04 8.601340849521250220e+00
1.303843308904477908e+03 8.601276230593047245e+00 8.605522434442181229e-04 8.601362154937106652e+00
1.303854181787318339e+03 8.601663475420854965e+00 8.605522434442181229e-04 8.601383444752324081e+00
1.303865054760828798e+03 8.600936893438639430e+00 8.605522434442181229e-04 8.601404717643511333e+00
1.303875927825009967e+03 8.601474793850179879e+00 8.605522434442181229e-04 8.601425972136784281e+00
1.303886800979862983e+03 8.601140772348013996e+00 8.605522434442181229e-04 8.601447206587014449e+00
1.303897674225388300e+03 8.601604191862097792e+00 8.605522434442181229e-04 8.601468419153636802e+00
1.303908547561586602e+03 8.601802300188614581e+00 8.605522434442181229e-04 8.601489607772361268e+00
1.303919420988458796e+03 8.601909457583449381e+00 8.605522434442181229e-04 8.601510770121944205e+00
1.303930294506005566e+03 8.601079303308161172e+00 8.605522434442181229e-04 8.601531903585032168e+00
1.303941168114228049e+03 8.602513364545155028e+00 8.605522434442181229e-04 8.601553005201859392e+00
1.303952041813126243e+03 8.601858914631892006e+00 8.605522434442181229e-04 8.601574071615171846e+00
1.303962915602701287e+03 8.602069579668134125e+00 8.605522434442181229e-04 8.601595099004565981e+00
1.303973789482954317e+03 8.600407234570853987e+00 8.605522434442181229e-04 8.601616083007687763e+00
1.303984663453885560e+03 8.601337378231853847e+00 8.605522434442181229e-04 8.601637018625321929e+00
1.303995537515496153e+03 8.601533449827961419e+00 8.605522434442181229e-04 8.601657900106356891e+00
1.304006411667786551e+03 8.601128451044457890e+00 8.605522434442181229e-04 8.601678720807738543e+00
1.304017285910757437e+03 8.602036548824770534e+00 8.605522434442181229e-04 8.601699473022778264e+00
1.304028160244409946e+03 8.603889720330014867e+00 8.605522434442181229e-04 8.601720147769496450e+00
1.304039034668744534e+03 8.603366601156816174e+00 8.605522434442181229e-04 8.601740734527895782e+00
1.304049909183761883e+03 8.603693393657163568e+00 8.605522434442181229e-04 8.601761220911452455e+00
1.304060783789463358e+03 8.601982233428589808e+00 8.605522434442181229e-04 8.601781592253308517e+00
1.304071658485849184e+03 8.600405561695684042e+00 8.605522434442181229e-04 8.601801831080601701e+00
1.304082533272919818e+03 8.602514138706050417e+00 8.605522434442181229e-04 8.601821916440860250e+00
1.304093408150676851e+03 8.602031096232812146e+00 8.605522434442181229e-04 8.601841823030492051e+00
1.304104283119120510e+03 8.603759707733313888e+00 8.605522434442181229e-04 8.601861520055411603e+00
1.304115158178251704e+03 8.603066048933852628e+00 8.605522434442181229e-04 8.601880969724685855e+00
1.304126033328070889e+03 8.602777180775545318e+00 8.605522434442181229e-04 8.601900125234109851e+00
1.304136908568579202e+03 8.601671068843760537e+00 8.605522434442181229e-04 8.601918928030123368e+00
1.304147783899777096e+03 8.602765623293267438e+00 8.605522434442181229e-04 8.601937304041062049e+00
1.304158659321665937e+03 8.602521563011359618e+00 8.605522434442181229e-04 8.601955158398352452e+00
1.304169534834245496e+03 8.602125419495191494e+00 8.605522434442181229e-04 8.601972367902629202e+00
1.304180410437517367e+03 8.600915386938581264e+00 8.605522434442181229e-04 8.601988770040474463e+00
1.304191286131481775e+03 8.602486528400900667e+00 8.605522434442181229e-04 8.602004146578071442e+00
1.304202161916140085e+03 8.602849182863010924e+00 8.605522434442181229e-04 8.602018198351263578e+00
1.304213037791492297e+03 8.602918174516055672e+00 8.605522434442181229e-04 8.602030505206112565e+00
1.304223913757539776e+03 8.602449897097907083e+00 8.605522434442181229e-04 8.602040459581560938e+00
1.304234789814282976e+03 8.603681754392209058e+00 8.605522434442181229e-04 8.602047147495564872e+00
1.304245665961722807e+03 8.602644632996991447e+00 8.605522434442181229e-04 8.602049060084372201e+00
1.304256542199859950e+03 8.603320101175301104e+00 8.605522434442181229e-04 8.602042506507480368e+00
1.304267418528695089e+03 8.601636853437458541e+00 8.605522434442181229e-04 8.602007074943671228e+00
1.304278294948229131e+03 8.599452958328740237e+00 8.605522434442181229e-04 8.601784386126020365e+00
1.304289171458462761e+03 8.601788199613151775e+00 8.605522434442181229e-04 8.600311999097554505e+00
1.304300048059396431e+03 8.593263162771263453e+00 8.605522434442181229e-04 8.592183029708120756e+00
1.304310924751031280e+03 8.556768378973091060e+00 8.605522434442181229e-04 8.557492044733962189e+00
1.304321801533368216e+03 8.446816905300421396e+00 8.605522434442181229e-04 8.446010752485859641e+00
1.304332678406407695e+03 8.180951747212697356e+00 8.605522434442181229e-04 8.180896581121931632e+00
1.304343555370150398e+03 7.725458704451798830e+00 8.605522434442181229e-04 7.724923440555974352e+00
1.304354432424597235e+03 7.185366947868956800e+00 8.605522434442181229e-04 7.185290437891453053e+00
1.304365309569749115e+03 6.817445964352861765e+00 8.605522434442181229e-04 6.816201059264669126e+00
1.304376186805606494e+03 6.838972642165284554e+00 8.605522434442181229e-04 6.837963367676715976e+00
1.304387064132170053e+03 7.237407360936161993e+00 8.605522434442181229e-04 7.236800516948423301e+00
1.304397941549441157e+03 7.777951261858342846e+00 8.605522434442181229e-04 7.778017125275584753e+00
1.304408819057419805e+03 8.217659739433305077e+00 8.605522434442181229e-04 8.216617249837751658e+00
1.304419696656107135e+03 8.462828339466744509e+00 8.605522434442181229e-04 8.463086203534450291e+00
1.304430574345504283e+03 8.564861767480987709e+00 8.605522434442181229e-04 8.563572453714147770e+00
1.304441452125611249e+03 8.594514573076223130e+00 8.605522434442181229e-04 8.593967724673550634e+00
1.304452329996428944e+03 8.601130348070951115e+00 8.605522434442181229e-04 8.600930723585168636e+00
1.304463207957958730e+03 8.601675764747836794e+00 8.605522434442181229e-04 8.602198469025074345e+00
1.304474086010200608e+03 8.602984232534993225e+00 8.605522434442181229e-04 8.602425161221576744e+00
1.304484964153155943e+03 8.600942483527530769e+00 8.605522434442181229e-04 8.602498107486795220e+00
1.304495842386825188e+03 8.601073517611915520e+00 8.605522434442181229e-04 8.602546510838223526e+00
1.304506720711209027e+03 8.604232518675207331e+00 8.605522434442181229e-04 8.602587080906525685e+00
1.304517599126308369e+03 8.602485425253883378e+00 8.605522434442181229e-04 8.602623074183673779e+00
1.304528477632123895e+03 8.602541376984015997e+00 8.605522434442181229e-04 8.602655912273339922e+00
1.304539356228656516e+03 8.602795252303719664e+00 8.605522434442181229e-04 8.602686470210640479e+00
1.304550234915906685e+03 8.603968597617992486e+00 8.605522434442181229e-04 8.602715332559778716e+00
1.304561113693875541e+03 8.602260482682389409e+00 8.605522434442181229e-04 8.602742904889131736e+00
1.304571992562563537e+03 8.602733625889873892e+00 8.605522434442181229e-04 8.602769476742023969e+00
1.304582871521971811e+03 8.601194926463278989e+00 8.605522434442181229e-04 8.602795259807129113e+00
1.304593750572100362e+03 8.604302537930356820e+00 8.605522434442181229e-04 8.602820412028281183e+00
1.304604629712950555e+03 8.601602307019206251e+00 8.605522434442181229e-04 8.602845053342957016e+00
1.304615508944523071e+03 8.603991646987701358e+00 8.605522434442181229e-04 8.602869276246067898e+00
1.304626388266818594e+03 8.602199480133547738e+00 8.605522434442181229e-04 8.602893153052553643e+00
1.304637267679838260e+03 8.602465671254796220e+00 8.605522434442181229e-04 8.602916740996302991e+00
1.304648147183582068e+03 8.604654640556642420e+00 8.605522434442181229e-04 8.602940085876948473e+00
1.304659026778051157e+03 8.601828429363083117e+00 8.605522434442181229e-04 8.602963224711606571e+00
1.304669906463246434e+03 8.601590029282187189e+00 8.605522434442181229e-04 8.602986187691943343e+00
1.304680786239168583e+03 8.603010539342166751e+00 8.605522434442181229e-04 8.603008999648126931e+00
1.304691666105818058e+03 8.604470991040892969e+00 8.605522434442181229e-04 8.603031681157389698e+00
1.304702546063196223e+03 8.600972103082787257e+00 8.605522434442181229e-04 8.603054249392950936e+00
1.304713426111303079e+03 8.602757795250520090e+00 8.605522434442181229e-04 8.603076718780792831e+00
1.304724306250139989e+03 8.602144699948764739e+00 8.605522434442181229e-04 8.603099101512672320e+00
1.304735186479707409e+03 8.602291811439503277e+00 8.605522434442181229e-04 8.603121407950334643e+00
1.304746066800006247e+03 8.602318689885683156e+00 8.605522434442181229e-04 8.603143646946630696e+00
1.304756947211036959e+03 8.605155755989681410e+00 8.605522434442181229e-04 8.603165826102571856e+00
1.304767827712800909e+03 8.602051961879350728e+00 8.605522434442181229e-04 8.603187951974510028e+00
1.304778708305298096e+03 8.602238281002517084e+00 8.605522434442181229e-04 8.603210030242353312e+00
1.304789588988529886e+03 8.601786560113712454e+00 8.605522434442181229e-04 8.603232065846835752e+00
1.304800469762496959e+03 8.603007969461941684e+00 8.605522434442181229e-04 8.603254063102365734e+00
1.304811350627199772e+03 8.604465924475116267e+00 8.605522434442181229e-04 8.603276025790147941e+00
1.304822231582639006e+03 8.602591255385457103e+00 8.605522434442181229e-04 8.603297957235572113e+00
1.304833112628815798e+03 8.603884472157799834e+00 8.605522434442181229e-04 8.603319860372728556e+00
1.304843993765730829e+03 8.604116126260997532e+00 8.605522434442181229e-04 8.603341737798533728e+00
1.304854874993384783e+03 8.603954008342087789e+00 8.605522434442181229e-04 8.603363591818265377e+00
1.304865756311778341e+03 8.602742036796279024e+00 8.605522434442181229e-04 8.603385424484097044e+00
1.304876637720912186e+03 8.602427258195570303e+00 8.605522434442181229e-04 8.603407237627791915e+00
1.304887519220787681e+03 8.604507902804463981e+00 8.605522434442181229e-04 8.603429032888566752e+00
1.304898400811404599e+03 8.603478701578509913e+00 8.605522434442181229e-04 8.603450811736944814e+00
1.304909282492764532e+03 8.604678989940218514e+00 8.605522434442181229e-04 8.603472575495180408e+00
1.304920164264867708e+03 8.603355209155179040e+00 8.605522434442181229e-04 8.603494325354906991e+00
1.304931046127715035e+03 8.601907709228903798e+00 8.605522434442181229e-04 8.603516062392328578e+00
1.304941928081307424e+03 8.602560802433737663e+00 8.605522434442181229e-04 8.603537787581426954e+00
1.304952810125645783e+03 8.603119115102892067e+00 8.605522434442181229e-04 8.603559501805399634e+00
1.304963692260730340e+03 8.603890366806540513e+00 8.605522434442181229e-04 8.603581205866657200e+00
1.304974574486562233e+03 8.602811863986373098e+00 8.605522434442181229e-04 8.603602900495552319e+00
1.304985456803142142e+03 8.603870344067564346e+00 8.605522434442181229e-04 8.603624586358009196e+00
1.304996339210470978e+03 8.602197241839077080e+00 8.605522434442181229e-04 8.603646264062252413e+00
1.305007221708548968e+03 8.603758288700179335e+00 8.605522434442181229e-04 8.603667934164706210e+00
1.305018104297377477e+03 8.603460294877855574e+00 8.605522434442181229e-04 8.603689597175213422e+00
1.305028986976956958e+03 8.604101727055128990e+00 8.605522434442181229e-04 8.603711253561645123e+00
1.305039869747288094e+03 8.604801674388832922e+00 8.605522434442181229e-04 8.603732903753993355e+00
1.305050752608372022e+03 8.604055923865372435e+00 8.605522434442181229e-04 8.603754548147987791e+00
1.305061635560208742e+03 8.605191480578334051e+00 8.605522434442181229e-04 8.603776187108346463e+00
1.305072518602800073e+03 8.602851111644540083e+00 8.605522434442181229e-04 8.603797820971628596e+00
1.305083401736145788e+03 8.603242760757796148e+00 8.605522434442181229e-04 8.603819450048829864e+00
1.305094284960247251e+03 8.603711197239817920e+00 8.605522434442181229e-04 8.603841074627677443e+00
1.305105168275105143e+03 8.603701387462663774e+00 8.605522434442181229e-04 8.603862694974683478e+00
1.305116051680720147e+03 8.602567376681609090e+00 8.605522434442181229e-04 8.603884311337003155e+00
1.305126935177092719e+03 8.604849785499993686e+00 8.605522434442181229e-04 8.603905923944116907e+00
1.305137818764223766e+03 8.604073964380271278e+00 8.605522434442181229e-04 8.603927533009303019e+00
1.305148702442114654e+03 8.602722392123190787e+00 8.605522434442181229e-04 8.603949138731017854e+00
1.305159586210765383e+03 8.603399081974785645e+00 8.605522434442181229e-04 8.603970741294101998e+00
1.305170470070176862e+03 8.604067333354331382e+00 8.605522434442181229e-04 8.603992340870897593e+00
1.305181354020350227e+03 8.604139149142133292e+00 8.605522434442181229e-04 8.604013937622246644e+00
1.305192238061285707e+03 8.604272696134646736e+00 8.605522434442181229e-04 8.604035531698411177e+00
1.305203122192984438e+03 8.603357785531409618e+00 8.605522434442181229e-04 8.604057123239879701e+00
1.305214006415447102e+03 8.605657521494773476e+00 8.605522434442181229e-04 8.604078712378150584e+00
1.305224890728674382e+03 8.604083231567315693e+00 8.605522434442181229e-04 8.604100299236396410e+00
1.305235775132666959e+03 8.603975333643573364e+00 8.605522434442181229e-04 8.604121883930085701e+00
1.305246659627425743e+03 8.603546042049648790e+00 8.605522434442181229e-04 8.604143466567578002e+00
1.305257544212951643e+03 8.604755974279246544e+00 8.605522434442181229e-04 8.604165047250621257e+00
1.305268428889244888e+03 8.603013565245289485e+00 8.605522434442181229e-04 8.604186626074852740e+00
1.305279313656306613e+03 8.603586112609081127e+00 8.605522434442181229e-04 8.604208203130211174e+00
1.305290198514137728e+03 8.604343791346227732e+00 8.605522434442181229e-04 8.604229778501363057e+00
1.305301083462738916e+03 8.604614524047089930e+00 8.605522434442181229e-04 8.604251352268063258e+00
1.305311968502110403e+03 8.604817062259867200e+00 8.605522434442181229e-04 8.604272924505485420e+00
1.305322853632253782e+03 8.605340737126013551e+00 8.605522434442181229e-04 8.604294495284545263e+00
1.305333738853169052e+03 8.605609596565479080e+00 8.605522434442181229e-04 8.604316064672190123e+00
1.305344624164857350e+03 8.604633544542803492e+00 8.605522434442181229e-04 8.604337632731652974e+00
1.305355509567319359e+03 8.603963156718005933e+00 8.605522434442181229e-04 8.604359199522704671e+00
1.305366395060555760e+03 8.604847733755097039e+00 8.605522434442181229e-04 8.604380765101877770e+00
1.305377280644567463e+03 8.603856624383292129e+00 8.605522434442181229e-04 8.604402329522681470e+00
1.305388166319355150e+03 8.603103264825371355e+00 8.605522434442181229e-04 8.604423892835786347e+00
1.305399052084919958e+03 8.605427547298278412e+00 8.605522434442181229e-04 8.604445455089205552e+00
1.305409937941262115e+03 8.604455787618075391e+00 8.605522434442181229e-04 8.604467016328463558e+00
1.305420823888382074e+03 8.604827572635054267e+00 8.605522434442181229e-04 8.604488576596754257e+00
1.305431709926281428e+03 8.604020012725206001e+00 8.605522434442181229e-04 8.604510135935068860e+00
1.305442596054960859e+03 8.604037638409499422e+00 8.605522434442181229e-04 8.604531694382348661e+00
1.305453482274420594e+03 8.604795405238009565e+00 8.605522434442181229e-04 8.604553251975596950e+00
1.305464368584661543e+03 8.605513492119969854e+00 8.605522434442181229e-04 8.604574808749989145e+00
1.305475254985684387e+03 8.604279571243454328e+00 8.605522434442181229e-04 8.604596364738995362e+00
1.305486141477490264e+03 8.603729763834669697e+00 8.605522434442181229e-04 8.604617919974465678e+00
1.305497028060079401e+03 8.604367857951972454e+00 8.605522434442181229e-04 8.604639474486731388e+00
1.305507914733453390e+03 8.604160181856638445e+00 8.605522434442181229e-04 8.604661028304690262e+00
1.305518801497612003e+03 8.603789049262239530e+00 8.605522434442181229e-04 8.604682581455884716e+00
1.305529688352556832e+03 8.603481223570675240e+00 8.605522434442181229e-04 8.604704133966574631e+00
1.305540575298287877e+03 8.603598913328866615e+00 8.605522434442181229e-04 8.604725685861827955e+00
1.305551462334806729e+03 8.605993415352491738e+00 8.605522434442181229e-04 8.604747237165559781e+00
1.305562349462113389e+03 8.604239777942398248e+00 8.605522434442181229e-04 8.604768787900606952e+00
1.305573236680208765e+03 8.602997108610155763e+00 8.605522434442181229e-04 8.604790338088797341e+00
1.305584123989093996e+03 8.605422385641588789e+00 8.605522434442181229e-04 8.604811887750980048e+00
1.305595011388769763e+03 8.603755657526203748e+00 8.605522434442181229e-04 8.604833436907100008e+00
1.305605898879236520e+03 8.604612387749547509e+00 8.605522434442181229e-04 8.604854985576229964e+00
1.305616786460495177e+03 8.605069928257536915e+00 8.605522434442181229e-04 8.604876533776627312e+00
1.305627674132546417e+03 8.606333074743123035e+00 8.605522434442181229e-04 8.604898081525760745e+00
1.305638561895391149e+03 8.604912186477498892e+00 8.605522434442181229e-04 8.604919628840368873e+00
1.305649449749030055e+03 8.603664640309267142e+00 8.605522434442181229e-04 8.604941175736488645e+00
1.305660337693464044e+03 8.604851123738955110e+00 8.605522434442181229e-04 8.604962722229483774e+00
1.305671225728693116e+03 8.604617116199397842e+00 8.605522434442181229e-04 8.604984268334089137e+00
1.305682113854719319e+03 8.604555133404712564e+00 8.605522434442181229e-04 8.605005814064444536e+00
1.305693002071542423e+03 8.605974894189083457e+00 8.605522434442181229e-04 8.605027359434103573e+00
1.305703890379163340e+03 8.606048589742917088e+00 8.605522434442181229e-04 8.605048904456086944e+00
1.305714778777583206e+03 8.604411449610744000e+00 8.605522434442181229e-04 8.605070449142894873e+00
1.305725667266802475e+03 8.604842942624507884e+00 8.605522434442181229e-04 8.605091993506524872e+00
1.305736555846822057e+03 8.604618687618556194e+00 8.605522434442181229e-04 8.605113537558519710e+00
1.305747444517642407e+03 8.606175470802469363e+00 8.605522434442181229e-04 8.605135081309963851e+00
1.305758333279264662e+03 8.606152034837247555e+00 8.605522434442181229e-04 8.605156624771515439e+00
1.305769222131689276e+03 8.605721766011491525e+00 8.605522434442181229e-04 8.605178167953429380e+00
1.305780111074917386e+03 8.604980887077902096e+00 8.605522434442181229e-04 8.605199710865571561e+00
1.305791000108949220e+03 8.606699946459274386e+00 8.605522434442181229e-04 8.605221253517429503e+00
1.305801889233786142e+03 8.605681752491573633e+00 8.605522434442181229e-04 8.605242795918149668e+00
1.305812778449428151e+03 8.603736302877361908e+00 8.605522434442181229e-04 8.605264338076528574e+00
1.305823667755876613e+03 8.605472879376405260e+00 8.605522434442181229e-04 8.605285880001048326e+00
1.305834557153132437e+03 8.605448372437480842e+00 8.605522434442181229e-04 8.605307421699873061e+00
1.305845446641195849e+03 8.604402712833403299e+00 8.605522434442181229e-04 8.605328963180882695e+00
1.305856336220067760e+03 8.604992051594377855e+00 8.605522434442181229e-04 8.605350504451664051e+00
1.305867225889749079e+03 8.605807032437414961e+00 8.605522434442181229e-04 8.605372045519541047e+00
1.305878115650240261e+03 8.606103773854039574e+00 8.605522434442181229e-04 8.605393586391571148e+00
1.305889005501542670e+03 8.605600033403552729e+00 8.605522434442181229e-04 8.605415127074577342e+00
1.305899895443656305e+03 8.606391475618872633e+00 8.605522434442181229e-04 8.605436667575135701e+00
1.305910785476582078e+03 8.604958183752087209e+00 8.605522434442181229e-04 8.605458207899593148e+00
1.305921675600321578e+03 8.606394766876260150e+00 8.605522434442181229e-04 8.605479748054083444e+00
1.305932565814874579e+03 8.606686841711315594e+00 8.605522434442181229e-04 8.605501286782246240e+00
1.305943456120241990e+03 8.606622173285536803e+00 8.605522434442181229e-04 8.605522434442180568e+00
1.305954346516425176e+03 8.605441900289388713e+00 8.605522434442181229e-04 8.605517212901354185e+00
1.305965237003424136e+03 8.604009206931205966e+00 8.605522434442181229e-04 8.604606936616587376e+00
1.305976127581240462e+03 8.586915116489077349e+00 8.605522434442181229e-04 8.587875049835204777e+00
1.305987018249874154e+03 8.430726982596057795e+00 8.605522434442181229e-04 8.431130817308254422e+00
1.305997909009326122e+03 7.662887910316364959e+00 8.605522434442181229e-04 7.661913426882887457e+00
1.306008799859597502e+03 -9.999999999000305176e+09 8.605522434442181229e-04 -9.999999999000000000e+09
