1.300000000000000000e+03 6.886431639971464236e-01 3.621621556967918182e-02 6.588642339627914790e-01
1.300010840833093880e+03 8.538176065034139839e-01 4.543893542115906570e-02 8.903442211513800109e-01
1.300021681756590624e+03 9.427025310901782085e-01 4.914997958043071380e-02 9.797279962747612592e-01
1.300032522770491141e+03 1.001814033612549171e+00 4.991358866287198132e-02 9.979422706099260187e-01
1.300043363874795659e+03 9.887626028750553520e-01 4.999531571952356424e-02 9.998884912056696939e-01
1.300054205069505542e+03 1.019107561147878371e+00 4.999986076446366612e-02 9.999967075532870675e-01
1.300065046354620790e+03 1.071226873046734251e+00 4.999999118464840825e-02 9.999998127965861183e-01
1.300075887730143222e+03 9.074589390133551703e-01 4.999999303599423489e-02 9.999998568762489271e-01
1.300086729196072611e+03 1.053590006244034871e+00 4.999999298160642813e-02 9.999998555813011114e-01
1.300097570752410320e+03 9.496578283537043808e-01 4.999999292013457275e-02 9.999998541176855493e-01
1.300108412399156805e+03 1.001939353629131668e+00 4.999999285770610757e-02 9.999998526312934288e-01
1.300119254136312748e+03 9.574299929633317552e-01 4.999999279430086124e-02 9.999998511216448005e-01
1.300130095963879057e+03 9.616481376650867219e-01 4.999999272989819055e-02 9.999998495882478355e-01
1.300140937881856871e+03 9.931643065361106526e-01 4.999999266447682778e-02 9.999998480305963833e-01
1.300151779890245962e+03 9.940929687496878886e-01 4.999999259801499868e-02 9.999998464481718585e-01
1.300162621989048148e+03 1.053565756206330084e+00 4.999999253049029063e-02 9.999998448404406881e-01
1.300173464178263202e+03 9.100160161753834132e-01 4.999999246187972202e-02 9.999998432068556431e-01
1.300184306457892944e+03 1.028799882389341169e+00 4.999999239215964508e-02 9.999998415468537294e-01
1.300195148827937373e+03 1.008556557913513618e+00 4.999999232130579452e-02 9.999998398598574090e-01
1.300205991288397172e+03 1.074803027130520894e+00 4.999999224929321806e-02 9.999998381452721574e-01
1.300216833839273704e+03 9.656851308436593673e-01 4.999999217609626956e-02 9.999998364024877961e-01
1.300227676480567197e+03 1.025939921433544955e+00 4.999999210168860203e-02 9.999998346308766051e-01
1.300238519212278561e+03 9.139766168401013413e-01 4.999999202604310522e-02 9.999998328297934336e-01
1.300249362034408705e+03 1.003624674882957368e+00 4.999999194913193334e-02 9.999998309985749234e-01
1.300260204946958083e+03 1.001539631314572798e+00 4.999999187092639408e-02 9.999998291365382874e-01
1.300271047949928061e+03 9.584192949311510779e-01 4.999999179139703875e-02 9.999998272429821977e-01
1.300281891043318410e+03 9.347996545776611210e-01 4.999999171051353053e-02 9.999998253171844542e-01
1.300292734227130723e+03 1.018457367791689050e+00 4.999999162824467214e-02 9.999998233584020957e-01
1.300303577501365226e+03 9.871928278352790631e-01 4.999999154455836425e-02 9.999998213658708446e-01
1.300314420866023056e+03 1.008043796408480963e+00 4.999999145942153611e-02 9.999998193388035528e-01
1.300325264321104896e+03 1.040815382987861026e+00 4.999999137280018713e-02 9.999998172763904236e-01
1.300336107866611201e+03 1.023089940842055734e+00 4.999999128465926895e-02 9.999998151777971245e-01
1.300346951502543106e+03 9.470912475250776730e-01 4.999999119496272015e-02 9.999998130421650089e-01
1.300357795228901296e+03 9.574595156593174172e-01 4.999999110367338989e-02 9.999998108686094511e-01
1.300368639045686223e+03 9.799991961032390453e-01 4.999999101075298935e-02 9.999998086562189581e-01
1.300379482952898798e+03 1.065149636015864765e+00 4.999999091616209174e-02 9.999998064040547252e-01
1.300390326950539929e+03 1.020346580520635760e+00 4.999999081986004901e-02 9.999998041111488600e-01
1.300401171038610300e+03 9.335900735502346004e-01 4.999999072180496412e-02 9.999998017765040492e-01
1.300412015217110593e+03 9.718820236977072646e-01 4.999999062195367022e-02 9.999997993990922263e-01
1.300422859486041716e+03 9.604969434178824983e-01 4.999999052026162655e-02 9.999997969778531282e-01
1.300433703845404125e+03 1.005990829939721110e+00 4.999999041668292538e-02 9.999997945116934073e-01
1.300444548295198729e+03 1.002995604877124025e+00 4.999999031117018100e-02 9.999997919994850770e-01
1.300455392835426437e+03 9.227672921606263623e-01 4.999999020367450892e-02 9.999997894400645126e-01
1.300466237466087932e+03 9.888300295830416697e-01 4.999999009414551887e-02 9.999997868322312300e-01
1.300477082187183896e+03 9.353711498192136542e-01 4.999998998253111365e-02 9.999997841747454430e-01
1.300487926998715238e+03 9.507110393033413320e-01 4.999998986877760010e-02 9.999997814663282858e-01
1.300498771900682186e+03 9.803019434094938367e-01 4.999998975282946706e-02 9.999997787056583709e-01
1.300509616893086331e+03 1.012325433109353412e+00 4.999998963462942009e-02 9.999997758913716783e-01
1.300520461975927446e+03 1.022312683408425071e+00 4.999998951411827736e-02 9.999997730220586689e-01
1.300531307149207350e+03 1.035594121945873969e+00 4.999998939123489333e-02 9.999997700962636182e-01
1.300542152412926043e+03 1.009750702369677455e+00 4.999998926591604081e-02 9.999997671124815080e-01
1.300552997767084435e+03 9.863670770996673109e-01 4.999998913809641093e-02 9.999997640691569156e-01
1.300563843211683206e+03 9.922499390586509982e-01 4.999998900770847438e-02 9.999997609646820163e-01
1.300574688746723496e+03 1.021659238379783119e+00 4.999998887468235648e-02 9.999997577973935847e-01
1.300585534372205530e+03 1.037123931704011737e+00 4.999998873894585111e-02 9.999997545655719966e-01
1.300596380088130672e+03 1.044248461303540543e+00 4.999998860042421250e-02 9.999997512674374534e-01
1.300607225894499152e+03 9.734740745165191278e-01 4.999998845904006506e-02 9.999997479011483170e-01
1.300618071791312104e+03 9.411915751045569767e-01 4.999998831471338251e-02 9.999997444647986677e-01
1.300628917778569985e+03 9.953886435944234723e-01 4.999998816736127977e-02 9.999997409564151951e-01
1.300639763856273703e+03 1.028027182479369861e+00 4.999998801689790190e-02 9.999997373739537565e-01
1.300650610024423941e+03 1.051493928088936380e+00 4.999998786323435473e-02 9.999997337152978227e-01
1.300661456283021380e+03 1.001663599886076783e+00 4.999998770627851058e-02 9.999997299782537041e-01
1.300672302632066931e+03 1.040683934651736475e+00 4.999998754593490413e-02 9.999997261605487742e-01
1.300683149071561502e+03 1.050033293930190625e+00 4.999998738210456595e-02 9.999997222598262514e-01
1.300693995601505549e+03 1.036582561275824155e+00 4.999998721468484897e-02 9.999997182736425350e-01
1.300704842221899753e+03 1.006221641694847069e+00 4.999998704356935914e-02 9.999997141994640959e-01
1.300715688932745252e+03 9.992567783802697168e-01 4.999998686864763620e-02 9.999997100346611489e-01
1.300726535734042500e+03 9.654647122053001684e-01 4.999998668980510513e-02 9.999997057765053210e-01
1.300737382625792407e+03 9.883111235062532751e-01 4.999998650692281249e-02 9.999997014221649883e-01
1.300748229607995427e+03 1.015033436515814236e+00 4.999998631987723208e-02 9.999996969686986148e-01
1.300759076680652697e+03 1.018874909215047087e+00 4.999998612854009150e-02 9.999996924130523102e-01
1.300769923843764900e+03 8.798935071127049756e-01 4.999998593277808767e-02 9.999996877520519467e-01
1.300780771097332490e+03 9.554773426763880639e-01 4.999998573245274108e-02 9.999996829824008282e-01
1.300791618441356604e+03 1.004610502941036154e+00 4.999998552742004887e-02 9.999996781006699198e-01
1.300802465875837697e+03 9.952625583181744506e-01 4.999998531753026970e-02 9.999996731032940733e-01
1.300813313400776906e+03 1.076081873607105832e+00 4.999998510262766704e-02 9.999996679865652549e-01
1.300824161016174685e+03 1.032370735142852824e+00 4.999998488255017609e-02 9.999996627466247734e-01
1.300835008722031716e+03 1.158239684392354363e+00 4.999998465712910539e-02 9.999996573794561749e-01
1.300845856518348683e+03 1.061893887128519953e+00 4.999998442618882460e-02 9.999996518808778045e-01
1.300856704405126948e+03 9.551585435102531996e-01 4.999998418954640367e-02 9.999996462465343683e-01
1.300867552382366512e+03 1.078187826408021577e+00 4.999998394701124504e-02 9.999996404718874965e-01
1.300878400450068511e+03 1.024558440517816527e+00 4.999998369838469514e-02 9.999996345522076391e-01
1.300889248608233856e+03 1.057014945633334868e+00 4.999998344345966267e-02 9.999996284825636295e-01
1.300900096856862774e+03 1.003708269442353362e+00 4.999998318202011210e-02 9.999996222578120264e-01
1.300910945195956629e+03 9.253484417878345969e-01 4.999998291384067511e-02 9.999996158725871220e-01
1.300921793625515875e+03 1.070020161164378258e+00 4.999998263868610238e-02 9.999996093212875081e-01
1.300932642145541195e+03 1.040558777867509832e+00 4.999998235631076399e-02 9.999996025980648628e-01
1.300943490756033498e+03 1.015909999103623562e+00 4.999998206645812210e-02 9.999995956968111832e-01
1.300954339456993694e+03 1.086178145183125832e+00 4.999998176886009255e-02 9.999995886111434640e-01
1.300965188248421782e+03 1.045781201534954130e+00 4.999998146323643422e-02 9.999995813343893758e-01
1.300976037130319355e+03 1.039965218224085497e+00 4.999998114929408294e-02 9.999995738595710559e-01
1.300986886102687095e+03 1.041335001050565312e+00 4.999998082672644367e-02 9.999995661793888990e-01
1.300997735165525228e+03 9.841265558702292360e-01 4.999998049521266197e-02 9.999995582862031274e-01
1.301008584318834892e+03 9.909984941680658466e-01 4.999998015441671495e-02 9.999995501720135849e-01
1.301019433562616541e+03 1.016020542091899292e+00 4.999997980398668274e-02 9.999995418284409743e-01
1.301030282896871540e+03 1.093260859362826798e+00 4.999997944355374230e-02 9.999995332467037645e-01
1.301041132321600116e+03 9.873004879891501551e-01 4.999997907273118908e-02 9.999995244175948761e-01
1.301051981836803179e+03 1.000046773266657363e+00 4.999997869111345167e-02 9.999995153314577001e-01
1.301062831442481183e+03 1.005349970053545983e+00 4.999997829827488444e-02 9.999995059781578988e-01
1.301073681138635266e+03 1.043791967656562569e+00 4.999997789376862956e-02 9.999994963470560938e-01
1.301084530925266336e+03 1.058321303929617319e+00 4.999997747712528473e-02 9.999994864269758921e-01
1.301095380802374621e+03 1.038055563622817923e+00 4.999997704785159869e-02 9.999994762061732434e-01
1.301106230769961257e+03 9.087672552670715831e-01 4.999997660542890993e-02 9.999994656722988040e-01
1.301117080828026928e+03 1.009776679635715713e+00 4.999997614931159240e-02 9.999994548123620763e-01
1.301127930976572088e+03 1.024056298853901703e+00 4.999997567892539019e-02 9.999994436126897757e-01
1.301138781215598101e+03 1.052742897255517507e+00 4.999997519366555093e-02 9.999994320588833085e-01
1.301149631545105194e+03 9.129114635169965908e-01 4.999997469289487600e-02 9.999994201357711443e-01
1.301160481965094277e+03 9.693140688229712199e-01 4.999997417594159721e-02 9.999994078273587439e-01
1.301171332475566032e+03 9.332989970292229209e-01 4.999997364209711470e-02 9.999993951167749362e-01
1.301182183076521369e+03 9.094326813964359602e-01 4.999997309061352674e-02 9.999993819862122990e-01
1.301193033767961197e+03 1.029243702769323310e+00 4.999997252070099291e-02 9.999993684168650976e-01
1.301203884549885970e+03 9.906902692587215009e-01 4.999997193152488917e-02 9.999993543888614500e-01
1.301214735422296144e+03 1.056506864663423251e+00 4.999997132220267149e-02 9.999993398811882761e-01
1.301225586385193310e+03 1.000197002051258277e+00 4.999997069180060760e-02 9.999993248716142480e-01
1.301236437438577468e+03 1.014975000524194870e+00 4.999997003933013412e-02 9.999993093366013053e-01
1.301247288582449755e+03 1.010694112256903088e+00 4.999996936374390827e-02 9.999992932512136168e-01
1.301258139816810854e+03 9.407937990705061981e-01 4.999996866393161682e-02 9.999992765890146629e-01
1.301268991141661672e+03 9.895338555405549519e-01 4.999996793871534090e-02 9.999992593219586556e-01
1.301279842557002894e+03 1.029897809590487601e+00 4.999996718684452529e-02 9.999992414202709679e-01
1.301290694062834746e+03 1.027456277953016084e+00 4.999996640699063549e-02 9.999992228523192361e-01
1.301301545659158592e+03 1.019183345280011865e+00 4.999996559774110699e-02 9.999992035844711413e-01
1.301312397345975114e+03 1.021594693419122901e+00 4.999996475759297537e-02 9.999991835809419749e-01
1.301323249123284995e+03 9.367587764011464646e-01 4.999996388494577088e-02 9.999991628036252189e-01
1.301334100991088690e+03 9.679158925103603650e-01 4.999996297809389950e-02 9.999991412119116907e-01
1.301344952949387334e+03 1.032475213989232588e+00 4.999996203521819144e-02 9.999991187624871491e-01
1.301355804998181839e+03 9.895208755267311806e-01 4.999996105437663069e-02 9.999990954091139139e-01
1.301366657137472430e+03 9.663330326112629098e-01 4.999996003349440471e-02 9.999990711023910572e-01
1.301377509367260018e+03 9.120600386383616032e-01 4.999995897035268422e-02 9.999990457894896156e-01
1.301388361687545739e+03 1.027482766719734153e+00 4.999995786257659114e-02 9.999990194138647093e-01
1.301399214098330049e+03 9.133787217801572211e-01 4.999995670762168165e-02 9.999989919149345763e-01
1.301410066599613401e+03 1.000726569933654497e+00 4.999995550275934675e-02 9.999989632277319629e-01
1.301420919191397161e+03 9.486075502250312930e-01 4.999995424506040870e-02 9.999989332825146571e-01
1.301431771873681782e+03 9.613480944768543202e-01 4.999995293137727420e-02 9.999989020043400512e-01
1.301442624646467721e+03 9.740742700531896947e-01 4.999995155832399896e-02 9.999988693125901884e-01
1.301453477509756567e+03 9.998385573224218836e-01 4.999995012225430524e-02 9.999988351204489589e-01
1.301464330463548322e+03 9.342480374104520369e-01 4.999994861923712230e-02 9.999987993343193438e-01
1.301475183507843894e+03 1.001290275900496018e+00 4.999994704502949000e-02 9.999987618531787081e-01
1.301486036642643967e+03 1.033818556375329267e+00 4.999994539504629132e-02 9.999987225678573788e-01
1.301496889867949676e+03 9.420032932363768818e-01 4.999994366432661957e-02 9.999986813602383950e-01
1.301507743183761477e+03 1.068023104834232795e+00 4.999994184749611409e-02 9.999986381023606707e-01
1.301518596590080278e+03 1.054953567822616511e+00 4.999993993872486886e-02 9.999985926554171289e-01
1.301529450086906763e+03 9.967555564659748013e-01 4.999993793168023420e-02 9.999985448686299350e-01
1.301540303674241613e+03 1.043750535283637371e+00 4.999993581947378279e-02 9.999984945779891721e-01
1.301551157352085283e+03 9.970359381614926075e-01 4.999993359460171843e-02 9.999984416048327551e-01
1.301562011120439365e+03 1.058657854542524923e+00 4.999993124887753410e-02 9.999983857542439347e-01
1.301572864979303858e+03 1.088436320472608410e+00 4.999992877335603797e-02 9.999983268132416336e-01
1.301583718928679900e+03 9.973359562013581758e-01 4.999992615824720016e-02 9.999982645487296429e-01
1.301594572968568173e+03 1.067844733541507996e+00 4.999992339281847387e-02 9.999981987051711485e-01
1.301605427098969358e+03 9.186135659245464602e-01 4.999992046528352330e-02 9.999981290019389624e-01
1.301616281319884365e+03 9.516390270680432639e-01 4.999991736267541537e-02 9.999980551302962706e-01
1.301627135631313649e+03 9.605186317398320961e-01 4.999991407070154131e-02 9.999979767499425076e-01
1.301637990033258120e+03 1.047546495023143676e+00 4.999991057357726365e-02 9.999978934850528578e-01
1.301648844525718687e+03 9.704265371158117270e-01 4.999990685383471495e-02 9.999978049197251195e-01
1.301659699108696032e+03 1.012659089702896198e+00 4.999990289210216876e-02 9.999977105927276844e-01
1.301670553782190837e+03 1.015430095831127311e+00 4.999989866684914630e-02 9.999976099914296146e-01
1.301681408546203784e+03 1.033601690667096396e+00 4.999989415409035465e-02 9.999975025447517263e-01
1.301692263400735555e+03 8.652354553134065096e-01 4.999988932704130945e-02 9.999973876149679253e-01
1.301703118345787288e+03 1.048411545235224285e+00 4.999988415571598316e-02 9.999972644881240935e-01
1.301713973381359665e+03 1.036691632813594666e+00 4.999987860645521698e-02 9.999971323628109587e-01
1.301724828507453140e+03 1.113838523141908565e+00 4.999987264137176202e-02 9.999969903369503310e-01
1.301735683724068622e+03 9.595062672041629881e-01 4.999986621769481054e-02 9.999968373921884757e-01
1.301746539031206567e+03 1.017781296530383628e+00 4.999985928699241661e-02 9.999966723753820341e-01
1.301757394428868565e+03 9.905767395858517954e-01 4.999985179424502879e-02 9.999964939765406680e-01
1.301768249917054618e+03 9.946865345446668227e-01 4.999984367673680069e-02 9.999963007024275097e-01
1.301779105495765634e+03 9.762074462636690653e-01 4.999983486272191469e-02 9.999960908448064512e-01
1.301789961165002524e+03 1.006348263478573424e+00 4.999982526981244096e-02 9.999958624420571818e-01
1.301800816924765741e+03 1.100347867517180500e+00 4.999981480301870368e-02 9.999956132325173996e-01
1.301811672775056422e+03 1.057792935426276060e+00 4.999980335235363477e-02 9.999953405974426612e-01
1.301822528715875251e+03 1.033299529984391452e+00 4.999979078988585346e-02 9.999950414908426177e-01
1.301833384747222681e+03 9.214773669314368920e-01 4.999977696609128608e-02 9.999947123526130577e-01
1.301844240869099622e+03 9.423173650908613919e-01 4.999976170530417985e-02 9.999943490002280999e-01
1.301855097081506983e+03 1.063838474217505548e+00 4.999974480000331234e-02 9.999939464926954624e-01
1.301865953384445447e+03 1.011451857674507515e+00 4.999972600357710517e-02 9.999934989582970335e-01
1.301876809777915469e+03 1.035827568815805177e+00 4.999970502108332104e-02 9.999929993745816370e-01
1.301887666261918412e+03 9.424619440833335027e-01 4.999968149733763356e-02 9.999924392847567844e-01
1.301898522836454731e+03 8.738181217203689899e-01 4.999965500140284708e-02 9.999918084283837549e-01
1.301909379501525109e+03 1.028929090112777001e+00 4.999962500616896011e-02 9.999910942551851756e-01
1.301920236257130000e+03 1.029429306082995543e+00 4.999959086114597051e-02 9.999902812772514249e-01
1.301931093103270541e+03 1.071241812676118288e+00 4.999955175573411043e-02 9.999893501945171792e-01
1.301941950039947642e+03 1.043376742114221933e+00 4.999950666891345846e-02 9.999882766968862802e-01
1.301952807067161984e+03 1.003995020868140742e+00 4.999945429921114765e-02 9.999870297967727861e-01
1.301963664184914023e+03 1.037187378071476207e+00 4.999939296543900319e-02 9.999855694656911709e-01
1.301974521393204668e+03 8.764657429622683127e-01 4.999932046310379130e-02 9.999838432154236623e-01
1.301985378692034601e+03 1.058003755592515027e+00 4.999923385180275737e-02 9.999817810359573622e-01
1.301996236081404732e+03 9.557508283901675616e-01 4.999912913183564289e-02 9.999792876956888898e-01
1.302007093561315742e+03 1.014773122202069722e+00 4.999900073639111653e-02 9.999762306504746956e-01
1.302017951131768314e+03 1.059891498187666148e+00 4.999884070120444446e-02 9.999724202733066836e-01
1.302028808792763357e+03 9.991145944158038583e-01 4.999863719432401377e-02 9.999675748482232951e-01
1.302039666544301326e+03 9.565118227632821712e-01 4.999837085397474540e-02 9.999612333753381543e-01
1.302050524386383586e+03 1.021907360212360949e+00 4.999799268951461012e-02 9.999522293974546505e-01
1.302061382319010363e+03 1.057875697528608772e+00 4.999720982563427008e-02 9.999335896113340505e-01
1.302072240342182340e+03 9.136618541617449463e-01 4.999363794477410666e-02 9.998485433480542861e-01
1.302083098455900881e+03 1.045018657359616077e+00 4.997075991580574722e-02 9.993037914191666982e-01
1.302093956660166214e+03 9.818878148638110481e-01 4.984237562795186538e-02 9.962459305093839257e-01
1.302104814954979020e+03 9.539732685728423700e-01 4.928759742268992022e-02 9.830146428648205426e-01
1.302115673340340436e+03 9.329811355980108800e-01 4.751409406273256891e-02 9.405138488849023037e-01
1.302126531816250917e+03 8.174048491973734398e-01 4.343186607292888468e-02 8.412935295064120078e-01
1.302137390382711374e+03 6.512033866283728489e-01 3.686427692386602673e-02 6.757623590471016906e-01
1.302148249039722714e+03 4.665992178642621169e-01 2.981122214321238473e-02 4.824091629039622964e-01
1.302159107787285166e+03 3.627846791775827251e-01 2.519312774414224007e-02 3.343036692058842796e-01
1.302169966625399866e+03 3.234037954724859887e-01 2.401404209740207532e-02 2.900527974406564291e-01
1.302180825554067951e+03 3.557752280808708090e-01 2.610401929098821877e-02 3.660730595992202629e-01
1.302191684573289422e+03 5.544972426237815277e-01 3.159452499162895139e-02 5.337263900108740744e-01
1.302202543683065414e+03 7.568055391660933884e-01 3.882264987105162046e-02 7.261110495847630242e-01
1.302213402883396611e+03 8.438015958817438600e-01 4.481457034587511823e-02 8.751451064894777421e-01
1.302224262174283695e+03 9.780941545755387212e-01 4.818150608100994770e-02 9.565457755494669589e-01
1.302235121555727574e+03 1.114639470543391297e+00 4.951576031011675760e-02 9.884597480471348785e-01
1.302245981027729385e+03 1.041457585171124522e+00 4.989923294875921872e-02 9.976003456283422111e-01
1.302256840590288675e+03 9.402664307927323106e-01 4.998145534800650658e-02 9.995584677593033485e-01
1.302267700243407489e+03 1.014228147011378312e+00 4.999529856942065004e-02 9.998880828625941186e-01
1.302278559987085828e+03 9.326302684129734732e-01 4.999751414919588466e-02 9.999408354830798817e-01
1.302289419821325055e+03 9.750989783098438224e-01 4.999811250816269675e-02 9.999550822435100406e-01
1.302300279746125170e+03 9.934125459788454293e-01 4.999845049237949118e-02 9.999631295392703567e-01
1.302311139761487311e+03 9.560261913587235760e-01 4.999869703027202267e-02 9.999689995208538296e-01
1.302321999867412615e+03 1.026803689731784930e+00 4.999888721878230358e-02 9.999735278394525917e-01
1.302332860063900853e+03 9.145027641122321915e-01 4.999903766311564191e-02 9.999771098614667064e-01
1.302343720350953845e+03 1.019402852253937786e+00 4.999915893473384082e-02 9.999799972908010037e-01
1.302354580728571818e+03 9.210294888377685840e-01 4.999925823706397043e-02 9.999823616390692838e-01
1.302365441196755455e+03 1.061282738476004184e+00 4.999934064598014760e-02 9.999843237613132985e-01
1.302376301755505665e+03 1.090176077974323476e+00 4.999940983267487510e-02 9.999859710674521285e-01
1.302387162404823357e+03 9.807756489655203858e-01 4.999946851128380526e-02 9.999873681801417780e-01
1.302398023144708759e+03 9.476722026774996310e-01 4.999951872659442326e-02 9.999885637850548514e-01
1.302408883975163462e+03 1.013859245633001116e+00 4.999956204466535908e-02 9.999895951694787177e-01
1.302419744896187694e+03 1.019779566336106003e+00 4.999959968242750213e-02 9.999904913080831514e-01
1.302430605907781910e+03 9.779787824007435404e-01 4.999963259779794528e-02 9.999912750085077073e-01
1.302441467009947473e+03 1.021090395099906178e+00 4.999966155358475522e-02 9.999919644329144930e-01
1.302452328202684612e+03 1.046397624493093259e+00 4.999968716360510268e-02 9.999925741960462577e-01
1.302463189485994462e+03 1.013669534628832469e+00 4.999970992649265672e-02 9.999931161701696158e-01
1.302474050859877707e+03 1.001930779623219081e+00 4.999973025083293693e-02 9.999936000835383254e-01
1.302484912324335255e+03 1.074713361334286965e+00 4.999974847409194290e-02 9.999940339710786663e-01
1.302495773879367334e+03 9.959716476545028563e-01 4.999976487703849254e-02 9.999944245177780910e-01
1.302506635524975081e+03 1.024296618324744390e+00 4.999977969485107365e-02 9.999947773231376846e-01
1.302517497261159633e+03 9.816551316785917525e-01 4.999979312575646845e-02 9.999950971068523042e-01
1.302528359087920762e+03 9.976009291309315685e-01 4.999980533780987169e-02 9.999953878702443344e-01
1.302539221005260060e+03 1.048198626658923160e+00 4.999981647426160469e-02 9.999956530240421415e-01
1.302550083013177755e+03 1.039395318866814799e+00 4.999982665783851005e-02 9.999958954903181985e-01
1.302560945111675210e+03 8.950476520410874937e-01 4.999983599418453967e-02 9.999961177844092219e-01
1.302571807300752425e+03 1.081193923417226310e+00 4.999984457464484028e-02 9.999963220812025932e-01
1.302582669580410766e+03 9.558794589563165411e-01 4.999985247853288434e-02 9.999965102691174001e-01
1.302593531950650913e+03 1.068966196728132978e+00 4.999985977498797030e-02 9.999966839943297270e-01
1.302604394411473550e+03 9.567547567031801092e-01 4.999986652450568586e-02 9.999968446972127278e-01
1.302615256962878675e+03 9.852164173990317630e-01 4.999987278020573411e-02 9.999969936425227024e-01
1.302626119604868563e+03 9.907375071981074921e-01 4.999987858888739478e-02 9.999971319445292162e-01
1.302636982337442760e+03 9.443453284240957979e-01 4.999988399191256094e-02 9.999972605880408372e-01
1.302647845160602401e+03 9.641334836386485918e-01 4.999988902594778434e-02 9.999973804460715598e-01
1.302658708074348169e+03 1.059068735658174720e+00 4.999989372359059381e-02 9.999974922947536538e-01
1.302669571078680974e+03 9.945552123611890449e-01 4.999989811390022354e-02 9.999975968259742221e-01
1.302680434173601270e+03 9.728343482851918855e-01 4.999990222284907831e-02 9.999976946581247139e-01
1.302691297359110422e+03 1.022333664946996956e+00 4.999990607370845969e-02 9.999977863452844673e-01
1.302702160635208656e+03 9.441908604169282349e-01 4.999990968737889896e-02 9.999978723850849738e-01
1.302713024001896656e+03 9.710063927305428999e-01 4.999991308267426326e-02 9.999979532254761327e-01
1.302723887459175330e+03 9.613583287652082143e-01 4.999991627656692056e-02 9.999980292705623608e-01
1.302734751007045816e+03 9.251175923983477878e-01 4.999991928439977834e-02 9.999981008856513309e-01
1.302745614645508567e+03 9.375001044924675675e-01 4.999992212007039333e-02 9.999981684016372441e-01
1.302756478374564040e+03 9.768630104674176362e-01 4.999992479619117663e-02 9.999982321188157774e-01
1.302767342194213370e+03 1.004990411380432214e+00 4.999992732422915698e-02 9.999982923102119781e-01
1.302778206104457013e+03 1.021203699224678463e+00 4.999992971462843827e-02 9.999983492244947092e-01
1.302789070105296105e+03 9.998175043974735221e-01 4.999993197691742636e-02 9.999984030885311626e-01
1.302799934196731328e+03 1.080523807152990345e+00 4.999993411980330899e-02 9.999984541096355040e-01
1.302810798378763138e+03 1.022044419015850414e+00 4.999993615125519764e-02 9.999985024775484010e-01
1.302821662651392671e+03 9.516836532718735420e-01 4.999993807857761041e-02 9.999985483661874008e-01
1.302832527014620155e+03 9.982807925008287953e-01 4.999993990847560049e-02 9.999985919351963570e-01
1.302843391468447180e+03 1.040143410016977743e+00 4.999994164711248773e-02 9.999986333313209963e-01
1.302854256012873520e+03 1.016309519098892222e+00 4.999994330016101912e-02 9.999986726896270550e-01
1.302865120647900540e+03 8.792649828161701597e-01 4.999994487284934591e-02 9.999987101345944041e-01
1.302875985373528920e+03 9.857100838773196205e-01 4.999994637000156061e-02 9.999987457810821656e-01
1.302886850189759343e+03 1.024420096244865075e+00 4.999994779607428580e-02 9.999987797352007934e-01
1.302897715096592492e+03 1.043586130893187081e+00 4.999994915518936323e-02 9.999988120950892290e-01
1.302908580094029276e+03 1.003888714380832381e+00 4.999995045116302494e-02 9.999988429516101229e-01
1.302919445182070376e+03 1.005095275864004156e+00 4.999995168753231661e-02 9.999988723889791098e-01
1.302930310360716703e+03 9.433169277109706430e-01 4.999995286757873830e-02 9.999989004853269137e-01
1.302941175629968939e+03 1.030808949257695950e+00 4.999995399434959548e-02 9.999989273132087186e-01
1.302952040989827537e+03 9.260296062695015928e-01 4.999995507067726830e-02 9.999989529400619137e-01
1.302962906440293409e+03 1.090440410803260374e+00 4.999995609919664907e-02 9.999989774286222044e-01
1.302973771981367463e+03 9.593830607792838139e-01 4.999995708236082415e-02 9.999990008372963146e-01
1.302984637613050609e+03 1.081322790443596915e+00 4.999995802245546517e-02 9.999990232205051566e-01
1.302995503335343074e+03 1.002551922862933154e+00 4.999995892161170769e-02 9.999990446289901413e-01
1.303006369148245994e+03 9.930650833180209025e-01 4.999995978181796807e-02 9.999990651100940653e-01
1.303017235051760053e+03 1.015159894334254576e+00 4.999996060493058780e-02 9.999990847080162393e-01
1.303028101045886160e+03 9.903152615550058213e-01 4.999996139268368667e-02 9.999991034640446363e-01
1.303038967130624542e+03 9.678292412267222034e-01 4.999996214669792660e-02 9.999991214167669451e-01
1.303049833305976790e+03 9.847979187925740563e-01 4.999996286848869265e-02 9.999991386022635265e-01
1.303060699571942678e+03 1.081417621686308506e+00 4.999996355947346899e-02 9.999991550542839391e-01
1.303071565928523569e+03 9.198200498625171972e-01 4.999996422097859744e-02 9.999991708044078109e-01
1.303082432375720373e+03 1.036853590802595315e+00 4.999996485424543224e-02 9.999991858821912771e-01
1.303093298913533545e+03 9.700663665470743435e-01 4.999996546043603690e-02 9.999992003153025388e-01
1.303104165541963994e+03 1.045250596969621970e+00 4.999996604063831201e-02 9.999992141296438763e-01
1.303115032261012175e+03 9.837597926810985882e-01 4.999996659587079006e-02 9.999992273494662243e-01
1.303125899070678997e+03 9.904004763304472547e-01 4.999996712708693059e-02 9.999992399974709789e-01
1.303136765970965371e+03 1.072733984675972030e+00 4.999996763517915166e-02 9.999992520949059216e-01
1.303147632961871750e+03 9.666203607217228599e-01 4.999996812098240345e-02 9.999992636616511499e-01
1.303158500043399272e+03 1.009496984726394597e+00 4.999996858527755439e-02 9.999992747162986806e-01
1.303169367215548391e+03 1.020748369111438736e+00 4.999996902879446509e-02 9.999992852762261686e-01
1.303180234478320017e+03 9.844521579937282052e-01 4.999996945221477779e-02 9.999992953576629651e-01
1.303191101831715059e+03 9.729744859057773976e-01 4.999996985617445600e-02 9.999993049757515129e-01
1.303201969275733745e+03 1.044927773018503148e+00 4.999997024126613676e-02 9.999993141446017475e-01
1.303212836810377212e+03 1.066295483553165724e+00 4.999997060804129562e-02 9.999993228773444987e-01
1.303223704435646368e+03 1.006887554564528831e+00 4.999997095701216865e-02 9.999993311861755663e-01
1.303234572151541897e+03 1.074801959023652387e+00 4.999997128865350804e-02 9.999993390823987971e-01
1.303245439958064026e+03 1.094193113279116725e+00 4.999997160340423352e-02 9.999993465764642764e-01
1.303256307855213890e+03 9.515010171145148465e-01 4.999997190166882016e-02 9.999993536780026337e-01
1.303267175842992629e+03 9.892598462693102945e-01 4.999997218381861674e-02 9.999993603958554633e-01
1.303278043921400240e+03 1.015923270031890313e+00 4.999997245019298375e-02 9.999993667381028573e-01
1.303288912090438089e+03 1.040199553565936741e+00 4.999997270110038972e-02 9.999993727120891629e-01
1.303299780350106857e+03 1.027253218240820276e+00 4.999997293681918836e-02 9.999993783244418566e-01
1.303310648700406773e+03 9.707503257883156600e-01 4.999997315759847905e-02 9.999993835810923049e-01
1.303321517141339200e+03 9.344412473896352989e-01 4.999997336365876593e-02 9.999993884872898642e-01
1.303332385672904593e+03 1.036207917269255319e+00 4.999997355519242292e-02 9.999993930476153148e-01
1.303343254295103861e+03 9.284390719083698285e-01 4.999997373236413772e-02 9.999993972659899644e-01
1.303354123007937915e+03 1.012134575748102172e+00 4.999997389531130737e-02 9.999994011456848630e-01
1.303364991811406753e+03 9.439829025768499138e-01 4.999997404414414232e-02 9.999994046893239119e-01
1.303375860705511968e+03 1.030547707360133014e+00 4.999997417894577051e-02 9.999994078988867496e-01
1.303386729690254015e+03 1.028728642183254882e+00 4.999997429977225821e-02 9.999994107757080863e-01
1.303397598765633575e+03 1.011220354342531769e+00 4.999997440665244347e-02 9.999994133204745950e-01
1.303408467931651558e+03 1.004691479209442351e+00 4.999997449958769324e-02 9.999994155332186940e-01
1.303419337188308646e+03 1.043776196258899391e+00 4.999997457855154259e-02 9.999994174133105540e-01
1.303430206535605294e+03 1.027040335114854930e+00 4.999997464348915344e-02 9.999994189594442195e-01
1.303441075973542866e+03 9.449227155023883773e-01 4.999997469431675251e-02 9.999994201696253970e-01
1.303451945502121589e+03 8.958226347460290784e-01 4.999997473092086808e-02 9.999994210411520257e-01
1.303462815121342373e+03 9.091676060094440182e-01 4.999997475315737239e-02 9.999994215705925171e-01
1.303473684831206356e+03 1.103837816413340667e+00 4.999997476085048242e-02 9.999994217537617747e-01
1.303484554631713763e+03 9.816912022954202843e-01 4.999997475379151790e-02 9.999994215856912172e-01
1.303495424522865505e+03 1.026144206626711020e+00 4.999997473173752732e-02 9.999994210605962497e-01
1.303506294504662264e+03 1.042032756019557027e+00 4.999997469440975451e-02 9.999994201718397369e-01
1.303517164577105177e+03 1.060718419154859316e+00 4.999997464149177895e-02 9.999994189118878163e-01
1.303528034740194698e+03 1.117452516349792813e+00 4.999997457262758682e-02 9.999994172722640462e-01
1.303538904993931510e+03 9.198862624346667571e-01 4.999997448741932277e-02 9.999994152434956707e-01
1.303549775338316522e+03 9.425863081196151905e-01 4.999997438542479189e-02 9.999994128150543338e-01
1.303560645773350416e+03 1.021865101858048908e+00 4.999997426615472584e-02 9.999994099752905763e-01
1.303571516299033874e+03 9.323395203939515152e-01 4.999997412906959093e-02 9.999994067113584517e-01
1.303582386915367806e+03 9.173208448764099687e-01 4.999997397357627132e-02 9.999994030091364783e-01
1.303593257622353121e+03 1.001291725416519229e+00 4.999997379902420408e-02 9.999993988531343803e-01
1.303604128419990275e+03 1.033605547949498327e+00 4.999997360470109092e-02 9.999993942263932789e-01
1.303614999308279948e+03 1.014797759749883843e+00 4.999997338982824918e-02 9.999993891103727828e-01
1.303625870287223279e+03 1.047911175731685907e+00 4.999997315355533128e-02 9.999993834848266427e-01
1.303636741356820949e+03 9.179645419631914383e-01 4.999997289495453079e-02 9.999993773276644182e-01
1.303647612517073185e+03 9.189701194284880525e-01 4.999997261301408757e-02 9.999993706147961570e-01
1.303658483767981352e+03 1.033203896967439750e+00 4.999997230663104364e-02 9.999993633199613097e-01
1.303669355109546132e+03 1.038939676394668998e+00 4.999997197460325643e-02 9.999993554145369945e-01
1.303680226541767979e+03 9.668015525902076135e-01 4.999997161562039910e-02 9.999993468673252783e-01
1.303691098064648031e+03 9.081856278357556267e-01 4.999997122825390605e-02 9.999993376443129245e-01
1.303701969678186515e+03 1.120733344373151752e+00 4.999997081094585683e-02 9.999993277084060495e-01
1.303712841382384795e+03 1.016355985183842403e+00 4.999997036199635425e-02 9.999993170191311398e-01
1.303723713177242871e+03 1.003172338868243418e+00 4.999996987954941075e-02 9.999993055322982105e-01
1.303734585062762335e+03 1.000831650053405575e+00 4.999996936157728722e-02 9.999992931996273260e-01
1.303745457038943414e+03 1.080301789695730097e+00 4.999996880586247278e-02 9.999992799683210531e-01
1.303756329105787245e+03 9.443089004894150706e-01 4.999996820997781172e-02 9.999992657805896190e-01
1.303767201263294282e+03 1.041728059296769482e+00 4.999996757126370234e-02 9.999992505731093440e-01
1.303778073511465209e+03 9.547966090859743016e-01 4.999996688680250628e-02 9.999992342764125741e-01
1.303788945850300706e+03 1.034068114510653613e+00 4.999996615338935663e-02 9.999992168141929039e-01
1.303799818279802139e+03 9.779510135219291467e-01 4.999996536749917037e-02 9.999991981025198040e-01
1.303810690799969734e+03 9.633124611395205150e-01 4.999996452524882451e-02 9.999991780489377868e-01
1.303821563410804401e+03 1.063662976933272830e+00 4.999996362235410718e-02 9.999991565514421143e-01
1.303832436112306823e+03 9.862516085772349284e-01 4.999996265408045842e-02 9.999991334973049595e-01
1.303843308904477908e+03 1.043963093826379973e+00 4.999996161518624471e-02 9.999991087617253749e-01
1.303854181787318339e+03 1.038691338806897679e+00 4.999996049985756807e-02 9.999990822062774232e-01
1.303865054760828798e+03 9.521369421619363393e-01 4.999995930163297908e-02 9.999990536771168337e-01
1.303875927825009967e+03 1.046317916472199405e+00 4.999995801331628270e-02 9.999990230029055516e-01
1.303886800979862983e+03 1.006446840857944114e+00 4.999995662687515413e-02 9.999989899923977799e-01
1.303897674225388300e+03 1.033682272045727490e+00 4.999995513332309433e-02 9.999989544316294499e-01
1.303908547561586602e+03 1.028367827690206626e+00 4.999995352258123499e-02 9.999989160806270760e-01
1.303919420988458796e+03 9.145284524894969902e-01 4.999995178331619050e-02 9.999988746695478437e-01
1.303930294506005566e+03 1.057963384257915029e+00 4.999994990274877343e-02 9.999988298941258069e-01
1.303941168114228049e+03 9.988385149007170671e-01 4.999994786642799477e-02 9.999987814102894168e-01
1.303952041813126243e+03 9.688574343726170657e-01 4.999994565796222340e-02 9.999987288277616404e-01
1.303962915602701287e+03 1.003499083543155201e+00 4.999994325869843576e-02 9.999986717024226257e-01
1.303973789482954317e+03 9.869002717778273537e-01 4.999994064733760679e-02 9.999986095271523601e-01
1.303984663453885560e+03 9.835284842652995962e-01 4.999993779947124045e-02 9.999985417207961635e-01
1.303995537515496153e+03 1.069127868634170087e+00 4.999993468701979804e-02 9.999984676147931628e-01
1.304006411667786551e+03 1.000766378023221215e+00 4.999993127754885636e-02 9.999983864368946485e-01
1.304017285910757437e+03 1.067826309432425402e+00 4.999992753343083379e-02 9.999982972912055956e-01
1.304028160244409946e+03 9.765573636693583026e-01 4.999992341081173353e-02 9.999981991335822329e-01
1.304039034668744534e+03 8.615131547208167984e-01 4.999991885832814204e-02 9.999980907410858100e-01
1.304049909183761883e+03 1.034349381629433573e+00 4.999991381550362296e-02 9.999979706737995855e-01
1.304060783789463358e+03 1.026551385789298276e+00 4.999990821072804181e-02 9.999978372267198656e-01
1.304071658485849184e+03 9.634012765480463036e-01 4.999990195869125076e-02 9.999976883686505502e-01
1.304082533272919818e+03 9.890906814590552099e-01 4.999989495709418474e-02 9.999975216638977704e-01
1.304093408150676851e+03 1.049447944121320697e+00 4.999988708239374441e-02 9.999973341709564867e-01
1.304104283119120510e+03 9.523640900398875342e-01 4.999987818423999586e-02 9.999971223100632134e-01
1.304115158178251704e+03 1.054979158993648358e+00 4.999986807812156764e-02 9.999968816880848710e-01
1.304126033328070889e+03 9.801544410032622112e-01 4.999985653552049131e-02 9.999966068641119588e-01
1.304136908568579202e+03 1.038414465804449183e+00 4.999984327055381067e-02 9.999962910313984210e-01
1.304147783899777096e+03 1.020656952940751427e+00 4.999982792157284250e-02 9.999959255792501001e-01
1.304158659321665937e+03 9.935276609894118094e-01 4.999981002539011926e-02 9.999954994793771590e-01
1.304169534834245496e+03 1.035123749223747280e+00 4.999978898049600717e-02 9.999949984100983125e-01
1.304180410437517367e+03 1.027132352832156981e+00 4.999976399343417088e-02 9.999944034795615888e-01
1.304191286131481775e+03 1.024692069310678466e+00 4.999973399869959978e-02 9.999936893185479292e-01
1.304202161916140085e+03 1.040220263154372660e+00 4.999969753565402381e-02 9.999928211498758657e-01
1.304213037791492297e+03 9.626276362545354015e-01 4.999965255294075428e-02 9.999917501315916946e-01
1.304223913757539776e+03 9.550026927882981909e-01 4.999959608421050000e-02 9.999904056361202942e-01
1.304234789814282976e+03 1.024164079277630757e+00 4.999952366705165407e-02 9.999886814152008085e-01
1.304245665961722807e+03 1.038830322398567318e+00 4.999942793461565477e-02 9.999864020669864129e-01
1.304256542199859950e+03 1.028412830205867046e+00 4.999929086678615853e-02 9.999831385393461725e-01
1.304267418528695089e+03 9.629472770427525141e-01 4.999901280499701589e-02 9.999765179993150843e-01
1.304278294948229131e+03 9.710940307114239722e-01 4.999782048224892667e-02 9.999481291918541626e-01
1.304289171458462761e+03 1.030976381900818417e+00 4.999052678134803529e-02 9.997744657951352920e-01
1.304300048059396431e+03 9.345046476388592094e-01 4.995073729876547963e-02 9.988269910657576744e-01
1.304310924751031280e+03 1.016769452250397610e+00 4.978134420544368804e-02 9.947917528382939079e-01
1.304321801533368216e+03 1.062182690408135066e+00 4.923797980170582095e-02 9.818298636035740490e-01
1.304332678406407695e+03 9.728617367544799555e-01 4.795077174185320007e-02 9.510086389673521046e-01
1.304343555370150398e+03 8.143176474465860792e-01 4.575424692100303614e-02 8.980007441371750110e-01
1.304354432424597235e+03 8.468415083021973988e-01 4.318694059927207646e-02 8.352678308998434664e-01
1.304365309569749115e+03 7.405249729309821838e-01 4.145422573661831922e-02 7.923602255297671482e-01
1.304376186805606494e+03 7.649653047558195862e-01 4.155572091945178986e-02 7.948878436658248781e-01
1.304387064132170053e+03 8.838603536254568960e-01 4.343005307697689332e-02 8.412489596823247151e-01
1.304397941549441157e+03 9.129795835806716608e-01 4.600831145529255678e-02 9.041609681403978138e-01
1.304408819057419805e+03 9.768620496359221583e-01 4.812307350497452979e-02 9.551440427012138912e-01
1.304419696656107135e+03 9.406928359652104721e-01 4.932018091900339241e-02 9.837925500361786035e-01
1.304430574345504283e+03 9.730382191880188048e-01 4.980985624576301368e-02 9.954711434205636422e-01
1.304441452125611249e+03 9.515790733646495303e-01 4.995808452580443454e-02 9.990019554698047477e-01
1.304452329996428944e+03 1.015476542366085200e+00 4.999197170051170730e-02 9.998088697788048984e-01
1.304463207957958730e+03 9.872943050209093130e-01 4.999805602027904833e-02 9.999537372841136307e-01
1.304474086010200608e+03 1.052091918651363089e+00 4.999905771843348584e-02 9.999775873707561491e-01
1.304484964153155943e+03 9.920272940992118649e-01 4.999930878870158940e-02 9.999835652527468977e-01
1.304495842386825188e+03 1.014035272631117035e+00 4.999944003354628991e-02 9.999866901373781758e-01
1.304506720711209027e+03 9.943122444601675269e-01 4.999953303385625686e-02 9.999889044347536338e-01
1.304517599126308369e+03 1.004660411446550050e+00 4.999960368872360950e-02 9.999905866962282008e-01
1.304528477632123895e+03 9.429071562299952136e-01 4.999965893881994083e-02 9.999919021765302229e-01
1.304539356228656516e+03 9.591547315159565379e-01 4.999970305631595141e-02 9.999929525943545006e-01
1.304550234915906685e+03 9.438458565502970687e-01 4.999973889522049686e-02 9.999938059024933157e-01
1.304561113693875541e+03 9.013267052630983267e-01 4.999976843563359169e-02 9.999945092463061735e-01
1.304571992562563537e+03 1.007184391624716957e+00 4.999979309118762760e-02 9.999950962837840240e-01
1.304582871521971811e+03 1.083238220156987230e+00 4.999981389540630178e-02 9.999955916226834773e-01
1.304593750572100362e+03 9.279114620485707787e-01 4.999983161941555510e-02 9.999960136231793584e-01
1.304604629712950555e+03 1.034852038370305705e+00 4.999984684878352320e-02 9.999963762273923473e-01
1.304615508944523071e+03 9.829407579016616880e-01 4.999986003509582222e-02 9.999966901873771352e-01
1.304626388266818594e+03 9.419293529822952982e-01 4.999987153141377538e-02 9.999969639093668761e-01
1.304637267679838260e+03 9.541685076506573049e-01 4.999988161716877738e-02 9.999972040464981671e-01
1.304648147183582068e+03 1.025066044273579058e+00 4.999989051596694101e-02 9.999974159227320580e-01
1.304659026778051157e+03 1.002830798241914012e+00 4.999989840853568540e-02 9.999976038411068080e-01
1.304669906463246434e+03 9.940546337163322921e-01 4.999990544227869010e-02 9.999977713112372379e-01
1.304680786239168583e+03 1.082438914684045184e+00 4.999991173842334435e-02 9.999979212194920475e-01
1.304691666105818058e+03 1.030324160057075167e+00 4.999991739743302882e-02 9.999980559578585115e-01
1.304702546063196223e+03 9.784224098612975817e-01 4.999992250315175163e-02 9.999981775226244318e-01
1.304713426111303079e+03 9.948045256699205030e-01 4.999992712601085409e-02 9.999982875907272861e-01
1.304724306250139989e+03 1.039266458772279078e+00 4.999993132553353509e-02 9.999983875793871935e-01
1.304735186479707409e+03 1.019612478320490956e+00 4.999993515230840430e-02 9.999984786930957714e-01
1.304746066800006247e+03 9.388346274538980074e-01 4.999993864955729062e-02 9.999985619609443876e-01
1.304756947211036959e+03 1.054435578675170460e+00 4.999994185439009253e-02 9.999986382665030371e-01
1.304767827712800909e+03 1.015662101184056088e+00 4.999994479881655907e-02 9.999987083719087400e-01
1.304778708305298096e+03 1.080157451459106577e+00 4.999994751056732051e-02 9.999987729374147927e-01
1.304789588988529886e+03 1.072220815460151799e+00 4.999995001376422027e-02 9.999988325373513343e-01
1.304800469762496959e+03 1.028022548556492000e+00 4.999995232947114510e-02 9.999988876732395227e-01
1.304811350627199772e+03 9.644866274857185617e-01 4.999995447614886263e-02 9.999989387846215383e-01
1.304822231582639006e+03 1.040858169136483102e+00 4.999995647003263599e-02 9.999989862580516142e-01
1.304833112628815798e+03 1.023197638032101731e+00 4.999995832544737451e-02 9.999990304345992564e-01
1.304843993765730829e+03 1.045205949525088718e+00 4.999996005507176960e-02 9.999990716161377691e-01
1.304854874993384783e+03 9.880967148323934746e-01 4.999996167016069332e-02 9.999991100706410174e-01
1.304865756311778341e+03 9.919446835586773759e-01 4.999996318073330476e-02 9.999991460366597362e-01
1.304876637720912186e+03 9.782612299581552318e-01 4.999996459573263080e-02 9.999991797271239324e-01
1.304887519220787681e+03 9.678497997956031496e-01 4.999996592316172800e-02 9.999992113325820720e-01
1.304898400811404599e+03 1.014650651969964068e+00 4.999996717019992987e-02 9.999992410239709750e-01
1.304909282492764532e+03 1.063762660880647637e+00 4.999996834330280165e-02 9.999992689549943581e-01
1.304920164264867708e+03 9.844317515335799795e-01 4.999996944828808548e-02 9.999992952641705291e-01
1.304931046127715035e+03 9.773573431166417969e-01 4.999997049041007141e-02 9.999993200766009727e-01
1.304941928081307424e+03 9.486734156901408532e-01 4.999997147442388629e-02 9.999993435055032354e-01
1.304952810125645783e+03 9.309952630098486948e-01 4.999997240464148368e-02 9.999993656535431930e-01
1.304963692260730340e+03 8.865061602403387919e-01 4.999997328498039656e-02 9.999993866139952337e-01
1.304974574486562233e+03 9.186129865241673409e-01 4.999997411900630739e-02 9.999994064717565578e-01
1.304985456803142142e+03 9.446170612371025399e-01 4.999997490997042798e-02 9.999994253042370218e-01
1.304996339210470978e+03 1.017581712456968601e+00 4.999997566084218165e-02 9.999994431821372931e-01
1.305007221708548968e+03 9.744055766090674586e-01 4.999997637433814535e-02 9.999994601701376329e-01
1.305018104297377477e+03 1.056042280530488542e+00 4.999997705294745298e-02 9.999994763275029674e-01
1.305028986976956958e+03 9.984939787532743916e-01 4.999997769895433986e-02 9.999994917086203472e-01
1.305039869747288094e+03 9.972037187625979460e-01 4.999997831445808505e-02 9.999995063634722348e-01
1.305050752608372022e+03 9.390255180694347947e-01 4.999997890139072643e-02 9.999995203380598330e-01
1.305061635560208742e+03 1.029931713417735262e+00 4.999997946153283968e-02 9.999995336747776742e-01
1.305072518602800073e+03 9.753327068765368368e-01 4.999997999652761038e-02 9.999995464127490186e-01
1.305083401736145788e+03 1.055304063343747822e+00 4.999998050789334486e-02 9.999995585881243931e-01
1.305094284960247251e+03 9.698137821090302424e-01 4.999998099703476667e-02 9.999995702343491555e-01
1.305105168275105143e+03 1.048893678675819396e+00 4.999998146525302251e-02 9.999995813824034130e-01
1.305116051680720147e+03 1.089768512940682443e+00 4.999998191375479295e-02 9.999995920610175171e-01
1.305126935177092719e+03 1.069203728851269908e+00 4.999998234366039018e-02 9.999996022968655751e-01
1.305137818764223766e+03 1.064296911428588288e+00 4.999998275601109238e-02 9.999996121147398664e-01
1.305148702442114654e+03 9.505413119241225006e-01 4.999998315177579811e-02 9.999996215377093822e-01
1.305159586210765383e+03 1.011173549969515362e+00 4.999998353185691052e-02 9.999996305872601576e-01
1.305170470070176862e+03 1.006007547682475467e+00 4.999998389709582602e-02 9.999996392834251679e-01
1.305181354020350227e+03 1.025051581342019347e+00 4.999998424827780535e-02 9.999996476449011240e-01
1.305192238061285707e+03 1.045800159170519938e+00 4.999998458613644226e-02 9.999996556891546096e-01
1.305203122192984438e+03 1.011545545407830149e+00 4.999998491135762557e-02 9.999996634325164502e-01
1.305214006415447102e+03 9.788345882415881993e-01 4.999998522458333483e-02 9.999996708902717524e-01
1.305224890728674382e+03 9.478315699182716658e-01 4.999998552641490845e-02 9.999996780767379523e-01
1.305235775132666959e+03 1.006648287411119558e+00 4.999998581741610382e-02 9.999996850053379793e-01
1.305246659627425743e+03 9.505538357347096401e-01 4.999998609811592831e-02 9.999996916886673137e-01
1.305257544212951643e+03 9.765046118884129767e-01 4.999998636901111654e-02 9.999996981385530503e-01
1.305268428889244888e+03 1.028940990203425221e+00 4.999998663056857973e-02 9.999997043661119633e-01
1.305279313656306613e+03 9.959161588615943472e-01 4.999998688322743884e-02 9.999997103817991340e-01
1.305290198514137728e+03 9.815413961188668157e-01 4.999998712740101603e-02 9.999997161954560232e-01
1.305301083462738916e+03 1.042613710235062108e+00 4.999998736347868039e-02 9.999997218163529933e-01
1.305311968502110403e+03 9.452202576419515001e-01 4.999998759182746472e-02 9.999997272532287207e-01
1.305322853632253782e+03 1.028474520132555359e+00 4.999998781279356430e-02 9.999997325143266114e-01
1.305333738853169052e+03 9.969734055088337321e-01 4.999998802670380799e-02 9.999997376074276634e-01
1.305344624164857350e+03 9.980034619224097403e-01 4.999998823386694186e-02 9.999997425398833295e-01
1.305355509567319359e+03 1.045505995793696519e+00 4.999998843457472558e-02 9.999997473186402752e-01
1.305366395060555760e+03 9.942026350728018214e-01 4.999998862910320918e-02 9.999997519502707988e-01
1.305377280644567463e+03 1.031775995995775075e+00 4.999998881771358650e-02 9.999997564409941475e-01
1.305388166319355150e+03 9.755859015879057017e-01 4.999998900065324298e-02 9.999997607967003876e-01
1.305399052084919958e+03 9.899031963204031337e-01 4.999998917815658139e-02 9.999997650229704993e-01
1.305409937941262115e+03 9.999381300456788857e-01 4.999998935044588921e-02 9.999997691250968046e-01
1.305420823888382074e+03 9.203323307161819233e-01 4.999998951773199085e-02 9.999997731080993990e-01
1.305431709926281428e+03 1.049465276063708874e+00 4.999998968021503870e-02 9.999997769767435818e-01
1.305442596054960859e+03 1.042559132805708222e+00 4.999998983808515152e-02 9.999997807355558432e-01
1.305453482274420594e+03 1.037561986796394553e+00 4.999998999152296952e-02 9.999997843888370763e-01
1.305464368584661543e+03 1.043589949991635901e+00 4.999999014070020953e-02 9.999997879406763435e-01
1.305475254985684387e+03 9.573088625610856051e-01 4.999999028578030330e-02 9.999997913949641992e-01
1.305486141477490264e+03 1.037883756037362382e+00 4.999999042691871676e-02 9.999997947554026823e-01
1.305497028060079401e+03 9.983965227705313694e-01 4.999999056426353283e-02 9.999997980255175278e-01
1.305507914733453390e+03 9.352157920193535645e-01 4.999999069795584006e-02 9.999998012086676047e-01
1.305518801497612003e+03 9.265619812591595617e-01 4.999999082813009338e-02 9.999998043080546850e-01
1.305529688352556832e+03 9.665482508079361601e-01 4.999999095491450968e-02 9.999998073267313270e-01
1.305540575298287877e+03 9.890260642055871410e-01 4.999999107843146329e-02 9.999998102676110889e-01
1.305551462334806729e+03 9.447356181059632929e-01 4.999999119879769416e-02 9.999998131334738583e-01
1.305562349462113389e+03 9.553556934840997661e-01 4.999999131612471726e-02 9.999998159269745113e-01
1.305573236680208765e+03 1.093430281253515934e+00 4.999999143051906542e-02 9.999998186506495745e-01
1.305584123989093996e+03 9.756009942690878622e-01 4.999999154208256691e-02 9.999998213069233310e-01
1.305595011388769763e+03 9.778437419335588299e-01 4.999999165091256748e-02 9.999998238981137044e-01
1.305605898879236520e+03 9.841972555137574741e-01 4.999999175710216626e-02 9.999998264264375880e-01
1.305616786460495177e+03 9.978769917757082109e-01 4.999999186074049334e-02 9.999998288940169511e-01
1.305627674132546417e+03 1.021673491660051392e+00 4.999999196191288325e-02 9.999998313028832797e-01
1.305638561895391149e+03 1.067752586461884867e+00 4.999999206070100677e-02 9.999998336549815736e-01
1.305649449749030055e+03 9.601588124410552760e-01 4.999999215718316931e-02 9.999998359521757862e-01
1.305660337693464044e+03 9.447635740649874547e-01 4.999999225143437337e-02 9.999998381962520444e-01
1.305671225728693116e+03 9.980471421786566433e-01 4.999999234352656141e-02 9.999998403889233112e-01
1.305682113854719319e+03 1.042397247958101625e+00 4.999999243352875461e-02 9.999998425318326056e-01
1.305693002071542423e+03 1.086891489126650345e+00 4.999999252150712920e-02 9.999998446265557783e-01
1.305703890379163340e+03 9.596984197115979720e-01 4.999999260752524544e-02 9.999998466746061743e-01
1.305714778777583206e+03 9.079082626698080638e-01 4.999999269164412397e-02 9.999998486774366313e-01
1.305725667266802475e+03 1.122347301051817681e+00 4.999999277392235680e-02 9.999998506364423667e-01
1.305736555846822057e+03 9.929516258361102965e-01 4.999999285441627389e-02 9.999998525529643079e-01
1.305747444517642407e+03 9.897635723314798240e-01 4.999999293317999860e-02 9.999998544282909796e-01
1.305758333279264662e+03 9.987311281648235672e-01 4.999999301026557957e-02 9.999998562636618349e-01
1.305769222131689276e+03 9.920995215411735346e-01 4.999999308572304624e-02 9.999998580602682541e-01
1.305780111074917386e+03 1.094943031149345325e+00 4.999999315960056145e-02 9.999998598192568755e-01
1.305791000108949220e+03 1.050656627582020608e+00 4.999999323194450479e-02 9.999998615417317049e-01
1.305801889233786142e+03 1.059334803417746773e+00 4.999999330279947252e-02 9.999998632287546707e-01
1.305812778449428151e+03 9.680523964584157870e-01 4.999999337220840945e-02 9.999998648813483992e-01
1.305823667755876613e+03 9.765968097356814148e-01 4.999999344021274078e-02 9.999998665004991016e-01
1.305834557153132437e+03 1.047982945215139017e+00 4.999999350685232352e-02 9.999998680871560186e-01
1.305845446641195849e+03 1.028485745791948958e+00 4.999999357216562690e-02 9.999998696422345290e-01
1.305856336220067760e+03 9.274621768310692405e-01 4.999999363618967685e-02 9.999998711666167051e-01
1.305867225889749079e+03 1.008195866076152747e+00 4.999999369896022949e-02 9.999998726611536437e-01
1.305878115650240261e+03 1.019896289620685570e+00 4.999999376051177113e-02 9.999998741266665769e-01
1.305889005501542670e+03 9.599721478744668302e-01 4.999999382087758071e-02 9.999998755639476489e-01
1.305899895443656305e+03 1.081332312761438708e+00 4.999999388008972284e-02 9.999998769737608040e-01
1.305910785476582078e+03 1.026852968096148233e+00 4.999999393817926990e-02 9.999998783568451177e-01
1.305921675600321578e+03 9.545760707835961867e-01 4.999999399517610771e-02 9.999998797139125761e-01
1.305932565814874579e+03 1.066314431479225666e+00 4.999999404494859245e-02 9.999998808989717380e-01
1.305943456120241990e+03 9.921193395030486473e-01 4.999999218584785798e-02 9.999998366346684042e-01
1.305954346516425176e+03 9.775540685184116452e-01 4.999986163153943147e-02 9.999967281979585954e-01
1.305965237003424136e+03 9.986916335234211628e-01 4.999531399623323435e-02 9.998884501742161257e-01
1.305976127581240462e+03 1.024693633175431939e+00 4.991356313101460995e-02 9.979416625078121328e-01
1.305987018249874154e+03 1.012655755397450452e+00 4.914985850269914386e-02 9.797251038444076965e-01
1.305997909009326122e+03 8.861329177476939822e-01 4.543866817131026609e-02 8.903377263079821358e-01
1.306008799859597502e+03 -9.573585009756414413e+09 4.582575694497582912e+08 -9.999999999000000000e+09
