1.300878400450068511e+03 1.024558440517816527e+00 4.999998369838469514e-02 -9.999999999000000000e+09
1.300889248608233856e+03 1.057014945633334868e+00 4.999998344345966267e-02 -9.999999999000000000e+09
1.300900096856862774e+03 1.003708269442353362e+00 4.999998318202011210e-02 -9.999999999000000000e+09
1.300910945195956629e+03 9.253484417878345969e-01 4.999998291384067511e-02 -9.999999999000000000e+09
1.300921793625515875e+03 1.070020161164378258e+00 4.999998263868610238e-02 -9.999999999000000000e+09
1.300932642145541195e+03 1.040558777867509832e+00 4.999998235631076399e-02 -9.999999999000000000e+09
1.300943490756033498e+03 1.015909999103623562e+00 4.999998206645812210e-02 -9.999999999000000000e+09
1.300954339456993694e+03 1.086178145183125832e+00 4.999998176886009255e-02 -9.999999999000000000e+09
1.300965188248421782e+03 1.045781201534954130e+00 4.999998146323643422e-02 -9.999999999000000000e+09
1.300976037130319355e+03 1.039965218224085497e+00 4.999998114929408294e-02 -9.999999999000000000e+09
1.300986886102687095e+03 1.041335001050565312e+00 4.999998082672644367e-02 -9.999999999000000000e+09
1.300997735165525228e+03 9.841265558702292360e-01 4.999998049521266197e-02 -9.999999999000000000e+09
1.301008584318834892e+03 9.909984941680658466e-01 4.999998015441671495e-02 9.969186900809245966e-01
1.301019433562616541e+03 1.016020542091899292e+00 4.999997980398668274e-02 9.969819927351206701e-01
1.301030282896871540e+03 1.093260859362826798e+00 4.999997944355374230e-02 9.970449317409851853e-01
1.301041132321600116e+03 9.873004879891501551e-01 4.999997907273118908e-02 9.971075070804816809e-01
1.301051981836803179e+03 1.000046773266657363e+00 4.999997869111345167e-02 9.971697187351354907e-01
1.301062831442481183e+03 1.005349970053545983e+00 4.999997829827488444e-02 9.972315666860096517e-01
1.301073681138635266e+03 1.043791967656562569e+00 4.999997789376862956e-02 9.972930509136757049e-01
1.301084530925266336e+03 1.058321303929617319e+00 4.999997747712528473e-02 9.973541713981843859e-01
1.301095380802374621e+03 1.038055563622817923e+00 4.999997704785159869e-02 9.974149281190326510e-01
1.301106230769961257e+03 9.087672552670715831e-01 4.999997660542890993e-02 9.974753210551314808e-01
1.301117080828026928e+03 1.009776679635715713e+00 4.999997614931159240e-02 9.975353501847668003e-01
1.301127930976572088e+03 1.024056298853901703e+00 4.999997567892539019e-02 9.975950154855628416e-01
1.301138781215598101e+03 1.052742897255517507e+00 4.999997519366555093e-02 9.976543169344374018e-01
1.301149631545105194e+03 9.129114635169965908e-01 4.999997469289487600e-02 9.977132545075584336e-01
1.301160481965094277e+03 9.693140688229712199e-01 4.999997417594159721e-02 9.977718281802925304e-01
1.301171332475566032e+03 9.332989970292229209e-01 4.999997364209711470e-02 9.978300379271549669e-01
1.301182183076521369e+03 9.094326813964359602e-01 4.999997309061352674e-02 9.978878837217518560e-01
1.301193033767961197e+03 1.029243702769323310e+00 4.999997252070099291e-02 9.979453655367176435e-01
1.301203884549885970e+03 9.906902692587215009e-01 4.999997193152488917e-02 9.980024833436503817e-01
1.301214735422296144e+03 1.056506864663423251e+00 4.999997132220267149e-02 9.980592371130392326e-01
1.301225586385193310e+03 1.000197002051258277e+00 4.999997069180060760e-02 9.981156268141884169e-01
1.301236437438577468e+03 1.014975000524194870e+00 4.999997003933013412e-02 9.981716524151325043e-01
1.301247288582449755e+03 1.010694112256903088e+00 4.999996936374390827e-02 9.982273138825462633e-01
1.301258139816810854e+03 9.407937990705061981e-01 4.999996866393161682e-02 9.982826111816456294e-01
1.301268991141661672e+03 9.895338555405549519e-01 4.999996793871534090e-02 9.983375442760816787e-01
1.301279842557002894e+03 1.029897809590487601e+00 4.999996718684452529e-02 9.983921131278241656e-01
1.301290694062834746e+03 1.027456277953016084e+00 4.999996640699063549e-02 9.984463176970349574e-01
1.301301545659158592e+03 1.019183345280011865e+00 4.999996559774110699e-02 9.985001579419325868e-01
1.301312397345975114e+03 1.021594693419122901e+00 4.999996475759297537e-02 9.985536338186404848e-01
1.301323249123284995e+03 9.367587764011464646e-01 4.999996388494577088e-02 9.986067452810247769e-01
1.301334100991088690e+03 9.679158925103603650e-01 4.999996297809389950e-02 9.986594922805162033e-01
1.301344952949387334e+03 1.032475213989232588e+00 4.999996203521819144e-02 9.987118747659131657e-01
1.301355804998181839e+03 9.895208755267311806e-01 4.999996105437663069e-02 9.987638926831710062e-01
1.301366657137472430e+03 9.663330326112629098e-01 4.999996003349440471e-02 9.988155459751657528e-01
1.301377509367260018e+03 9.120600386383616032e-01 4.999995897035268422e-02 9.988668345814384342e-01
1.301388361687545739e+03 1.027482766719734153e+00 4.999995786257659114e-02 9.989177584379123065e-01
1.301399214098330049e+03 9.133787217801572211e-01 4.999995670762168165e-02 9.989683174765831009e-01
1.301410066599613401e+03 1.000726569933654497e+00 4.999995550275934675e-02 9.990185116251760755e-01
1.301420919191397161e+03 9.486075502250312930e-01 4.999995424506040870e-02 9.990683408067692062e-01
1.301431771873681782e+03 9.613480944768543202e-01 4.999995293137727420e-02 9.991178049393762972e-01
1.301442624646467721e+03 9.740742700531896947e-01 4.999995155832399896e-02 9.991669039354856841e-01
1.301453477509756567e+03 9.998385573224218836e-01 4.999995012225430524e-02 9.992156377015494195e-01
1.301464330463548322e+03 9.342480374104520369e-01 4.999994861923712230e-02 9.992640061374153948e-01
1.301475183507843894e+03 1.001290275900496018e+00 4.999994704502949000e-02 9.993120091356981760e-01
1.301486036642643967e+03 1.033818556375329267e+00 4.999994539504629132e-02 9.993596465810762330e-01
1.301496889867949676e+03 9.420032932363768818e-01 4.999994366432661957e-02 9.994069183495108977e-01
1.301507743183761477e+03 1.068023104834232795e+00 4.999994184749611409e-02 9.994538243073712858e-01
1.301518596590080278e+03 1.054953567822616511e+00 4.999993993872486886e-02 9.995003643104551916e-01
1.301529450086906763e+03 9.967555564659748013e-01 4.999993793168023420e-02 9.995465382028936308e-01
1.301540303674241613e+03 1.043750535283637371e+00 4.999993581947378279e-02 9.995923458159186037e-01
1.301551157352085283e+03 9.970359381614926075e-01 4.999993359460171843e-02 9.996377869664753169e-01
1.301562011120439365e+03 1.058657854542524923e+00 4.999993124887753410e-02 9.996828614556594328e-01
1.301572864979303858e+03 1.088436320472608410e+00 4.999992877335603797e-02 9.997275690669479298e-01
1.301583718928679900e+03 9.973359562013581758e-01 4.999992615824720016e-02 9.997719095641960374e-01
1.301594572968568173e+03 1.067844733541507996e+00 4.999992339281847387e-02 9.998158826893644990e-01
1.301605427098969358e+03 9.186135659245464602e-01 4.999992046528352330e-02 9.998594881599300876e-01
1.301616281319884365e+03 9.516390270680432639e-01 4.999991736267541537e-02 9.999027256659331897e-01
1.301627135631313649e+03 9.605186317398320961e-01 4.999991407070154131e-02 9.999455948666010618e-01
1.301637990033258120e+03 1.047546495023143676e+00 4.999991057357726365e-02 9.999880953864735966e-01
1.301648844525718687e+03 9.704265371158117270e-01 4.999990685383471495e-02 1.000030226810947998e+00
1.301659699108696032e+03 1.012659089702896198e+00 4.999990289210216876e-02 1.000071988681140889e+00
1.301670553782190837e+03 1.015430095831127311e+00 4.999989866684914630e-02 1.000113380487941850e+00
1.301681408546203784e+03 1.033601690667096396e+00 4.999989415409035465e-02 1.000154401665115378e+00
1.301692263400735555e+03 8.652354553134065096e-01 4.999988932704130945e-02 1.000195051581266092e+00
1.301703118345787288e+03 1.048411545235224285e+00 4.999988415571598316e-02 1.000235329530453132e+00
1.301713973381359665e+03 1.036691632813594666e+00 4.999987860645521698e-02 1.000275234721180073e+00
1.301724828507453140e+03 1.113838523141908565e+00 4.999987264137176202e-02 1.000314766263440402e+00
1.301735683724068622e+03 9.595062672041629881e-01 4.999986621769481054e-02 1.000353923153403546e+00
1.301746539031206567e+03 1.017781296530383628e+00 4.999985928699241661e-02 1.000392704255245180e+00
1.301757394428868565e+03 9.905767395858517954e-01 4.999985179424502879e-02 1.000431108279486114e+00
1.301768249917054618e+03 9.946865345446668227e-01 4.999984367673680069e-02 1.000469133757055928e+00
1.301779105495765634e+03 9.762074462636690653e-01 4.999983486272191469e-02 1.000506779008082603e+00
1.301789961165002524e+03 1.006348263478573424e+00 4.999982526981244096e-02 1.000544042104137388e+00
1.301800816924765741e+03 1.100347867517180500e+00 4.999981480301870368e-02 1.000580920822319975e+00
1.301811672775056422e+03 1.057792935426276060e+00 4.999980335235363477e-02 1.000617412589083877e+00
1.301822528715875251e+03 1.033299529984391452e+00 4.999979078988585346e-02 1.000653514411097733e+00
1.301833384747222681e+03 9.214773669314368920e-01 4.999977696609128608e-02 1.000689222789568067e+00
1.301844240869099622e+03 9.423173650908613919e-01 4.999976170530417985e-02 1.000724533613342793e+00
1.301855097081506983e+03 1.063838474217505548e+00 4.999974480000331234e-02 1.000759442024507395e+00
1.301865953384445447e+03 1.011451857674507515e+00 4.999972600357710517e-02 1.000793942248039858e+00
1.301876809777915469e+03 1.035827568815805177e+00 4.999970502108332104e-02 1.000828027374016882e+00
1.301887666261918412e+03 9.424619440833335027e-01 4.999968149733763356e-02 1.000861689076521177e+00
1.301898522836454731e+03 8.738181217203689899e-01 4.999965500140284708e-02 1.000894917247133531e+00
1.301909379501525109e+03 1.028929090112777001e+00 4.999962500616896011e-02 1.000927699511716895e+00
1.301920236257130000e+03 1.029429306082995543e+00 4.999959086114597051e-02 1.000960020585529575e+00
1.301931093103270541e+03 1.071241812676118288e+00 4.999955175573411043e-02 1.000991861401018479e+00
1.301941950039947642e+03 1.043376742114221933e+00 4.999950666891345846e-02 1.001023197910590801e+00
1.301952807067161984e+03 1.003995020868140742e+00 4.999945429921114765e-02 1.001053999416024354e+00
1.301963664184914023e+03 1.037187378071476207e+00 4.999939296543900319e-02 1.001084226193945437e+00
1.301974521393204668e+03 8.764657429622683127e-01 4.999932046310379130e-02 1.001113826049526923e+00
1.301985378692034601e+03 1.058003755592515027e+00 4.999923385180275737e-02 1.001142729193450709e+00
1.301996236081404732e+03 9.557508283901675616e-01 4.999912913183564289e-02 1.001170840411266028e+00
1.302007093561315742e+03 1.014773122202069722e+00 4.999900073639111653e-02 1.001198026687136755e+00
1.302017951131768314e+03 1.059891498187666148e+00 4.999884070120444446e-02 1.001224096693520638e+00
1.302028808792763357e+03 9.991145944158038583e-01 4.999863719432401377e-02 1.001248761896462947e+00
1.302039666544301326e+03 9.565118227632821712e-01 4.999837085397474540e-02 1.001271507493656898e+00
1.302050524386383586e+03 1.021907360212360949e+00 4.999799268951461012e-02 1.001290603963669978e+00
1.302061382319010363e+03 1.057875697528608772e+00 4.999720982563427008e-02 1.001294002608540623e+00
1.302072240342182340e+03 9.136618541617449463e-01 4.999363794477410666e-02 1.001190088907384146e+00
1.302083098455900881e+03 1.045018657359616077e+00 4.997075991580574722e-02 1.000412318737033290e+00
1.302093956660166214e+03 9.818878148638110481e-01 4.984237562795186538e-02 9.963217987736173731e-01
1.302104814954979020e+03 9.539732685728423700e-01 4.928759742268992022e-02 9.800952446737880575e-01
1.302115673340340436e+03 9.329811355980108800e-01 4.751409406273256891e-02 9.320198730767661477e-01
1.302126531816250917e+03 8.174048491973734398e-01 4.343186607292888468e-02 8.273461827613417530e-01
1.302137390382711374e+03 6.512033866283728489e-01 3.686427692386602673e-02 6.624810794594025998e-01
1.302148249039722714e+03 4.665992178642621169e-01 2.981122214321238473e-02 4.786348469504362879e-01
1.302159107787285166e+03 3.627846791775827251e-01 2.519312774414224007e-02 3.438627970963467062e-01
1.302169966625399866e+03 3.234037954724859887e-01 2.401404209740207532e-02 3.093096460884853238e-01
1.302180825554067951e+03 3.557752280808708090e-01 2.610401929098821877e-02 3.873093162605260042e-01
1.302191684573289422e+03 5.544972426237815277e-01 3.159452499162895139e-02 5.494603380909468537e-01
1.302202543683065414e+03 7.568055391660933884e-01 3.882264987105162046e-02 7.334487783912509995e-01
1.302213402883396611e+03 8.438015958817438600e-01 4.481457034587511823e-02 8.768312237697809541e-01
1.302224262174283695e+03 9.780941545755387212e-01 4.818150608100994770e-02 9.567884320264319342e-01
1.302235121555727574e+03 1.114639470543391297e+00 4.951576031011675760e-02 9.892661250945931073e-01
1.302245981027729385e+03 1.041457585171124522e+00 4.989923294875921872e-02 9.990490131013778363e-01
1.302256840590288675e+03 9.402664307927323106e-01 4.998145534800650658e-02 1.001292882422100128e+00
1.302267700243407489e+03 1.014228147011378312e+00 4.999529856942065004e-02 1.001712976500603425e+00
1.302278559987085828e+03 9.326302684129734732e-01 4.999751414919588466e-02 1.001799002929515847e+00
1.302289419821325055e+03 9.750989783098438224e-01 4.999811250816269675e-02 1.001835272762928497e+00
1.302300279746125170e+03 9.934125459788454293e-01 4.999845049237949118e-02 1.001863558798434806e+00
1.302311139761487311e+03 9.560261913587235760e-01 4.999869703027202267e-02 1.001889217601268145e+00
1.302321999867412615e+03 1.026803689731784930e+00 4.999888721878230358e-02 1.001913207729077548e+00
1.302332860063900853e+03 9.145027641122321915e-01 4.999903766311564191e-02 1.001935922425999825e+00
1.302343720350953845e+03 1.019402852253937786e+00 4.999915893473384082e-02 1.001957604871125840e+00
1.302354580728571818e+03 9.210294888377685840e-01 4.999925823706397043e-02 1.001978420115821722e+00
1.302365441196755455e+03 1.061282738476004184e+00 4.999934064598014760e-02 1.001998484345761664e+00
1.302376301755505665e+03 1.090176077974323476e+00 4.999940983267487510e-02 1.002017881549199352e+00
1.302387162404823357e+03 9.807756489655203858e-01 4.999946851128380526e-02 1.002036673798779365e+00
1.302398023144708759e+03 9.476722026774996310e-01 4.999951872659442326e-02 1.002054907849437182e+00
1.302408883975163462e+03 1.013859245633001116e+00 4.999956204466535908e-02 1.002072619505179230e+00
1.302419744896187694e+03 1.019779566336106003e+00 4.999959968242750213e-02 1.002089836585848603e+00
1.302430605907781910e+03 9.779787824007435404e-01 4.999963259779794528e-02 1.002106580988906481e+00
1.302441467009947473e+03 1.021090395099906178e+00 4.999966155358475522e-02 1.002122870151018974e+00
1.302452328202684612e+03 1.046397624493093259e+00 4.999968716360510268e-02 1.002138718102580706e+00
1.302463189485994462e+03 1.013669534628832469e+00 4.999970992649265672e-02 1.002154136240613669e+00
1.302474050859877707e+03 1.001930779623219081e+00 4.999973025083293693e-02 1.002169133903349829e+00
1.302484912324335255e+03 1.074713361334286965e+00 4.999974847409194290e-02 1.002183718802907464e+00
1.302495773879367334e+03 9.959716476545028563e-01 4.999976487703849254e-02 1.002197897354953238e+00
1.302506635524975081e+03 1.024296618324744390e+00 4.999977969485107365e-02 1.002211674932586449e+00
1.302517497261159633e+03 9.816551316785917525e-01 4.999979312575646845e-02 1.002225056063807740e+00
1.302528359087920762e+03 9.976009291309315685e-01 4.999980533780987169e-02 1.002238044586511778e+00
1.302539221005260060e+03 1.048198626658923160e+00 4.999981647426160469e-02 1.002250643771179117e+00
1.302550083013177755e+03 1.039395318866814799e+00 4.999982665783851005e-02 1.002262856418761672e+00
1.302560945111675210e+03 8.950476520410874937e-01 4.999983599418453967e-02 1.002274684939353122e+00
1.302571807300752425e+03 1.081193923417226310e+00 4.999984457464484028e-02 1.002286131415850878e+00
1.302582669580410766e+03 9.558794589563165411e-01 4.999985247853288434e-02 1.002297197655804162e+00
1.302593531950650913e+03 1.068966196728132978e+00 4.999985977498797030e-02 1.002307885233897577e+00
1.302604394411473550e+03 9.567547567031801092e-01 4.999986652450568586e-02 1.002318195526958000e+00
1.302615256962878675e+03 9.852164173990317630e-01 4.999987278020573411e-02 1.002328129742954932e+00
1.302626119604868563e+03 9.907375071981074921e-01 4.999987858888739478e-02 1.002337688945150740e+00
1.302636982337442760e+03 9.443453284240957979e-01 4.999988399191256094e-02 1.002346874072302274e+00
1.302647845160602401e+03 9.641334836386485918e-01 4.999988902594778434e-02 1.002355685955641063e+00
1.302658708074348169e+03 1.059068735658174720e+00 4.999989372359059381e-02 1.002364125333207623e+00
1.302669571078680974e+03 9.945552123611890449e-01 4.999989811390022354e-02 1.002372192861994860e+00
1.302680434173601270e+03 9.728343482851918855e-01 4.999990222284907831e-02 1.002379889128287571e+00
1.302691297359110422e+03 1.022333664946996956e+00 4.999990607370845969e-02 1.002387214656485837e+00
1.302702160635208656e+03 9.441908604169282349e-01 4.999990968737889896e-02 1.002394169916670519e+00
1.302713024001896656e+03 9.710063927305428999e-01 4.999991308267426326e-02 1.002400755331108728e+00
1.302723887459175330e+03 9.613583287652082143e-01 4.999991627656692056e-02 1.002406971279865555e+00
1.302734751007045816e+03 9.251175923983477878e-01 4.999991928439977834e-02 1.002412818105661074e+00
1.302745614645508567e+03 9.375001044924675675e-01 4.999992212007039333e-02 1.002418296118085639e+00
1.302756478374564040e+03 9.768630104674176362e-01 4.999992479619117663e-02 1.002423405597269612e+00
1.302767342194213370e+03 1.004990411380432214e+00 4.999992732422915698e-02 1.002428146797084363e+00
1.302778206104457013e+03 1.021203699224678463e+00 4.999992971462843827e-02 1.002432519947948908e+00
1.302789070105296105e+03 9.998175043974735221e-01 4.999993197691742636e-02 1.002436525259283506e+00
1.302799934196731328e+03 1.080523807152990345e+00 4.999993411980330899e-02 1.002440162921676148e+00
1.302810798378763138e+03 1.022044419015850414e+00 4.999993615125519764e-02 1.002443433108787252e+00
1.302821662651392671e+03 9.516836532718735420e-01 4.999993807857761041e-02 1.002446335979034098e+00
1.302832527014620155e+03 9.982807925008287953e-01 4.999993990847560049e-02 1.002448871677080078e+00
1.302843391468447180e+03 1.040143410016977743e+00 4.999994164711248773e-02 1.002451040335161192e+00
1.302854256012873520e+03 1.016309519098892222e+00 4.999994330016101912e-02 1.002452842074258221e+00
1.302865120647900540e+03 8.792649828161701597e-01 4.999994487284934591e-02 1.002454277005147221e+00
1.302875985373528920e+03 9.857100838773196205e-01 4.999994637000156061e-02 1.002455345229332773e+00
1.302886850189759343e+03 1.024420096244865075e+00 4.999994779607428580e-02 1.002456046839883985e+00
1.302897715096592492e+03 1.043586130893187081e+00 4.999994915518936323e-02 1.002456381922183004e+00
1.302908580094029276e+03 1.003888714380832381e+00 4.999995045116302494e-02 1.002456350554597364e+00
1.302919445182070376e+03 1.005095275864004156e+00 4.999995168753231661e-02 1.002455952809081507e+00
1.302930310360716703e+03 9.433169277109706430e-01 4.999995286757873830e-02 1.002455188751721682e+00
1.302941175629968939e+03 1.030808949257695950e+00 4.999995399434959548e-02 1.002454058443222440e+00
1.302952040989827537e+03 9.260296062695015928e-01 4.999995507067726830e-02 1.002452561939351838e+00
1.302962906440293409e+03 1.090440410803260374e+00 4.999995609919664907e-02 1.002450699291337788e+00
1.302973771981367463e+03 9.593830607792838139e-01 4.999995708236082415e-02 1.002448470546229542e+00
1.302984637613050609e+03 1.081322790443596915e+00 4.999995802245546517e-02 1.002445875747226989e+00
1.302995503335343074e+03 1.002551922862933154e+00 4.999995892161170769e-02 1.002442914933975526e+00
1.303006369148245994e+03 9.930650833180209025e-01 4.999995978181796807e-02 1.002439588142835847e+00
1.303017235051760053e+03 1.015159894334254576e+00 4.999996060493058780e-02 1.002435895407131072e+00
1.303028101045886160e+03 9.903152615550058213e-01 4.999996139268368667e-02 1.002431836757367689e+00
1.303038967130624542e+03 9.678292412267222034e-01 4.999996214669792660e-02 1.002427412221440717e+00
1.303049833305976790e+03 9.847979187925740563e-01 4.999996286848869265e-02 1.002422621824818005e+00
1.303060699571942678e+03 1.081417621686308506e+00 4.999996355947346899e-02 1.002417465590710322e+00
1.303071565928523569e+03 9.198200498625171972e-01 4.999996422097859744e-02 1.002411943540225447e+00
1.303082432375720373e+03 1.036853590802595315e+00 4.999996485424543224e-02 1.002406055692509401e+00
1.303093298913533545e+03 9.700663665470743435e-01 4.999996546043603690e-02 1.002399802064876555e+00
1.303104165541963994e+03 1.045250596969621970e+00 4.999996604063831201e-02 1.002393182672926875e+00
1.303115032261012175e+03 9.837597926810985882e-01 4.999996659587079006e-02 1.002386197530654499e+00
1.303125899070678997e+03 9.904004763304472547e-01 4.999996712708693059e-02 1.002378846650546995e+00
1.303136765970965371e+03 1.072733984675972030e+00 4.999996763517915166e-02 1.002371130043675951e+00
1.303147632961871750e+03 9.666203607217228599e-01 4.999996812098240345e-02 1.002363047719778688e+00
1.303158500043399272e+03 1.009496984726394597e+00 4.999996858527755439e-02 1.002354599687337089e+00
1.303169367215548391e+03 1.020748369111438736e+00 4.999996902879446509e-02 1.002345785953643986e+00
1.303180234478320017e+03 9.844521579937282052e-01 4.999996945221477779e-02 1.002336606524867779e+00
1.303191101831715059e+03 9.729744859057773976e-01 4.999996985617445600e-02 1.002327061406111941e+00
1.303201969275733745e+03 1.044927773018503148e+00 4.999997024126613676e-02 1.002317150601465201e+00
1.303212836810377212e+03 1.066295483553165724e+00 4.999997060804129562e-02 1.002306874114050839e+00
1.303223704435646368e+03 1.006887554564528831e+00 4.999997095701216865e-02 1.002296231946070204e+00
1.303234572151541897e+03 1.074801959023652387e+00 4.999997128865350804e-02 1.002285224098842242e+00
1.303245439958064026e+03 1.094193113279116725e+00 4.999997160340423352e-02 1.002273850572839020e+00
1.303256307855213890e+03 9.515010171145148465e-01 4.999997190166882016e-02 1.002262111367717257e+00
1.303267175842992629e+03 9.892598462693102945e-01 4.999997218381861674e-02 1.002250006482345412e+00
1.303278043921400240e+03 1.015923270031890313e+00 4.999997245019298375e-02 1.002237535914831446e+00
1.303288912090438089e+03 1.040199553565936741e+00 4.999997270110038972e-02 1.002224699662542795e+00
1.303299780350106857e+03 1.027253218240820276e+00 4.999997293681918836e-02 1.002211497722125255e+00
1.303310648700406773e+03 9.707503257883156600e-01 4.999997315759847905e-02 1.002197930089518518e+00
1.303321517141339200e+03 9.344412473896352989e-01 4.999997336365876593e-02 1.002183996759969942e+00
1.303332385672904593e+03 1.036207917269255319e+00 4.999997355519242292e-02 1.002169697728044095e+00
1.303343254295103861e+03 9.284390719083698285e-01 4.999997373236413772e-02 1.002155032987630090e+00
1.303354123007937915e+03 1.012134575748102172e+00 4.999997389531130737e-02 1.002140002531946905e+00
1.303364991811406753e+03 9.439829025768499138e-01 4.999997404414414232e-02 1.002124606353543612e+00
1.303375860705511968e+03 1.030547707360133014e+00 4.999997417894577051e-02 1.002108844444299818e+00
1.303386729690254015e+03 1.028728642183254882e+00 4.999997429977225821e-02 1.002092716795421667e+00
1.303397598765633575e+03 1.011220354342531769e+00 4.999997440665244347e-02 1.002076223397434740e+00
1.303408467931651558e+03 1.004691479209442351e+00 4.999997449958769324e-02 1.002059364240174277e+00
1.303419337188308646e+03 1.043776196258899391e+00 4.999997457855154259e-02 1.002042139312774083e+00
1.303430206535605294e+03 1.027040335114854930e+00 4.999997464348915344e-02 1.002024548603648757e+00
1.303441075973542866e+03 9.449227155023883773e-01 4.999997469431675251e-02 1.002006592100476157e+00
1.303451945502121589e+03 8.958226347460290784e-01 4.999997473092086808e-02 1.001988269790172748e+00
1.303462815121342373e+03 9.091676060094440182e-01 4.999997475315737239e-02 1.001969581658870290e+00
1.303473684831206356e+03 1.103837816413340667e+00 4.999997476085048242e-02 1.001950527691881643e+00
1.303484554631713763e+03 9.816912022954202843e-01 4.999997475379151790e-02 1.001931107873669458e+00
1.303495424522865505e+03 1.026144206626711020e+00 4.999997473173752732e-02 1.001911322187805542e+00
1.303506294504662264e+03 1.042032756019557027e+00 4.999997469440975451e-02 1.001891170616926896e+00
1.303517164577105177e+03 1.060718419154859316e+00 4.999997464149177895e-02 1.001870653142685086e+00
1.303528034740194698e+03 1.117452516349792813e+00 4.999997457262758682e-02 1.001849769745693175e+00
1.303538904993931510e+03 9.198862624346667571e-01 4.999997448741932277e-02 1.001828520405461997e+00
1.303549775338316522e+03 9.425863081196151905e-01 4.999997438542479189e-02 1.001806905100332656e+00
1.303560645773350416e+03 1.021865101858048908e+00 4.999997426615472584e-02 1.001784923807399696e+00
1.303571516299033874e+03 9.323395203939515152e-01 4.999997412906959093e-02 1.001762576502425395e+00
1.303582386915367806e+03 9.173208448764099687e-01 4.999997397357627132e-02 1.001739863159747168e+00
1.303593257622353121e+03 1.001291725416519229e+00 4.999997379902420408e-02 1.001716783752172102e+00
1.303604128419990275e+03 1.033605547949498327e+00 4.999997360470109092e-02 1.001693338250860599e+00
1.303614999308279948e+03 1.014797759749883843e+00 4.999997338982824918e-02 1.001669526625198703e+00
1.303625870287223279e+03 1.047911175731685907e+00 4.999997315355533128e-02 1.001645348842654659e+00
1.303636741356820949e+03 9.179645419631914383e-01 4.999997289495453079e-02 1.001620804868618597e+00
1.303647612517073185e+03 9.189701194284880525e-01 4.999997261301408757e-02 1.001595894666229558e+00
1.303658483767981352e+03 1.033203896967439750e+00 4.999997230663104364e-02 1.001570618196172990e+00
1.303669355109546132e+03 1.038939676394668998e+00 4.999997197460325643e-02 1.001544975416467365e+00
1.303680226541767979e+03 9.668015525902076135e-01 4.999997161562039910e-02 1.001518966282215928e+00
1.303691098064648031e+03 9.081856278357556267e-01 4.999997122825390605e-02 1.001492590745335809e+00
1.303701969678186515e+03 1.120733344373151752e+00 4.999997081094585683e-02 1.001465848754250931e+00
1.303712841382384795e+03 1.016355985183842403e+00 4.999997036199635425e-02 1.001438740253550730e+00
1.303723713177242871e+03 1.003172338868243418e+00 4.999996987954941075e-02 1.001411265183606458e+00
1.303734585062762335e+03 1.000831650053405575e+00 4.999996936157728722e-02 1.001383423480138868e+00
1.303745457038943414e+03 1.080301789695730097e+00 4.999996880586247278e-02 1.001355215073733262e+00
1.303756329105787245e+03 9.443089004894150706e-01 4.999996820997781172e-02 1.001326639889291714e+00
1.303767201263294282e+03 1.041728059296769482e+00 4.999996757126370234e-02 1.001297697845413781e+00
1.303778073511465209e+03 9.547966090859743016e-01 4.999996688680250628e-02 1.001268388853695956e+00
1.303788945850300706e+03 1.034068114510653613e+00 4.999996615338935663e-02 1.001238712817933862e+00
1.303799818279802139e+03 9.779510135219291467e-01 4.999996536749917037e-02 1.001208669633220527e+00
1.303810690799969734e+03 9.633124611395205150e-01 4.999996452524882451e-02 1.001178259184910990e+00
1.303821563410804401e+03 1.063662976933272830e+00 4.999996362235410718e-02 1.001147481347445689e+00
1.303832436112306823e+03 9.862516085772349284e-01 4.999996265408045842e-02 1.001116335982998207e+00
1.303843308904477908e+03 1.043963093826379973e+00 4.999996161518624471e-02 1.001084822939920072e+00
1.303854181787318339e+03 1.038691338806897679e+00 4.999996049985756807e-02 1.001052942050955519e+00
1.303865054760828798e+03 9.521369421619363393e-01 4.999995930163297908e-02 1.001020693131170702e+00
1.303875927825009967e+03 1.046317916472199405e+00 4.999995801331628270e-02 1.000988075975558500e+00
1.303886800979862983e+03 1.006446840857944114e+00 4.999995662687515413e-02 1.000955090356251853e+00
1.303897674225388300e+03 1.033682272045727490e+00 4.999995513332309433e-02 1.000921736019269703e+00
1.303908547561586602e+03 1.028367827690206626e+00 4.999995352258123499e-02 1.000888012680712702e+00
1.303919420988458796e+03 9.145284524894969902e-01 4.999995178331619050e-02 1.000853920022286792e+00
1.303930294506005566e+03 1.057963384257915029e+00 4.999994990274877343e-02 1.000819457686023650e+00
1.303941168114228049e+03 9.988385149007170671e-01 4.999994786642799477e-02 1.000784625268027028e+00
1.303952041813126243e+03 9.688574343726170657e-01 4.999994565796222340e-02 1.000749422311034031e+00
1.303962915602701287e+03 1.003499083543155201e+00 4.999994325869843576e-02 1.000713848295521569e+00
1.303973789482954317e+03 9.869002717778273537e-01 4.999994064733760679e-02 1.000677902629029337e+00
1.303984663453885560e+03 9.835284842652995962e-01 4.999993779947124045e-02 1.000641584633272796e+00
1.303995537515496153e+03 1.069127868634170087e+00 4.999993468701979804e-02 1.000604893528509010e+00
1.304006411667786551e+03 1.000766378023221215e+00 4.999993127754885636e-02 1.000567828414455462e+00
1.304017285910757437e+03 1.067826309432425402e+00 4.999992753343083379e-02 1.000530388246868796e+00
1.304028160244409946e+03 9.765573636693583026e-01 4.999992341081173353e-02 1.000492571808605735e+00
1.304039034668744534e+03 8.615131547208167984e-01 4.999991885832814204e-02 1.000454377673626993e+00
1.304049909183761883e+03 1.034349381629433573e+00 4.999991381550362296e-02 1.000415804161886468e+00
1.304060783789463358e+03 1.026551385789298276e+00 4.999990821072804181e-02 1.000376849282360592e+00
1.304071658485849184e+03 9.634012765480463036e-01 4.999990195869125076e-02 1.000337510660488372e+00
1.304082533272919818e+03 9.890906814590552099e-01 4.999989495709418474e-02 1.000297785444903553e+00
1.304093408150676851e+03 1.049447944121320697e+00 4.999988708239374441e-02 1.000257670186375236e+00
1.304104283119120510e+03 9.523640900398875342e-01 4.999987818423999586e-02 1.000217160678973594e+00
1.304115158178251704e+03 1.054979158993648358e+00 4.999986807812156764e-02 1.000176251749231193e+00
1.304126033328070889e+03 9.801544410032622112e-01 4.999985653552049131e-02 1.000134936972649768e+00
1.304136908568579202e+03 1.038414465804449183e+00 4.999984327055381067e-02 1.000093208287106794e+00
1.304147783899777096e+03 1.020656952940751427e+00 4.999982792157284250e-02 1.000051055457313209e+00
1.304158659321665937e+03 9.935276609894118094e-01 4.999981002539011926e-02 1.000008465319815798e+00
1.304169534834245496e+03 1.035123749223747280e+00 4.999978898049600717e-02 9.999654206973532800e-01
1.304180410437517367e+03 1.027132352832156981e+00 4.999976399343417088e-02 9.999218988021578713e-01
1.304191286131481775e+03 1.024692069310678466e+00 4.999973399869959978e-02 9.998778688256807490e-01
1.304202161916140085e+03 1.040220263154372660e+00 4.999969753565402381e-02 9.998332881868925437e-01
1.304213037791492297e+03 9.626276362545354015e-01 4.999965255294075428e-02 9.997880964659270342e-01
1.304223913757539776e+03 9.550026927882981909e-01 4.999959608421050000e-02 9.997422049534069322e-01
1.304234789814282976e+03 1.024164079277630757e+00 4.999952366705165407e-02 9.996954742373123093e-01
1.304245665961722807e+03 1.038830322398567318e+00 4.999942793461565477e-02 9.996476181122115889e-01
1.304256542199859950e+03 1.028412830205867046e+00 4.999929086678615853e-02 9.995974303283088336e-01
1.304267418528695089e+03 9.629472770427525141e-01 4.999901280499701589e-02 9.995364637771890770e-01
1.304278294948229131e+03 9.710940307114239722e-01 4.999782048224892667e-02 9.994078329267486183e-01
1.304289171458462761e+03 1.030976381900818417e+00 4.999052678134803529e-02 9.989064329631466288e-01
1.304300048059396431e+03 9.345046476388592094e-01 4.995073729876547963e-02 9.967975044585543065e-01
1.304310924751031280e+03 1.016769452250397610e+00 4.978134420544368804e-02 9.894593407488295744e-01
1.304321801533368216e+03 1.062182690408135066e+00 4.923797980170582095e-02 9.697034208960060297e-01
1.304332678406407695e+03 9.728617367544799555e-01 4.795077174185320007e-02 9.296097820532276401e-01
1.304343555370150398e+03 8.143176474465860792e-01 4.575424692100303614e-02 8.699529395759071360e-01
1.304354432424597235e+03 8.468415083021973988e-01 4.318694059927207646e-02 8.088198425149142334e-01
1.304365309569749115e+03 7.405249729309821838e-01 4.145422573661831922e-02 7.753077642428807259e-01
1.304376186805606494e+03 7.649653047558195862e-01 4.155572091945178986e-02 7.882237375842015004e-01
1.304387064132170053e+03 8.838603536254568960e-01 4.343005307697689332e-02 8.400833684123091283e-01
1.304397941549441157e+03 9.129795835806716608e-01 4.600831145529255678e-02 9.036132202332971541e-01
1.304408819057419805e+03 9.768620496359221583e-01 4.812307350497452979e-02 9.536760895247488046e-01
1.304419696656107135e+03 9.406928359652104721e-01 4.932018091900339241e-02 9.819684410276456887e-01
1.304430574345504283e+03 9.730382191880188048e-01 4.980985624576301368e-02 9.938489770789333821e-01
1.304441452125611249e+03 9.515790733646495303e-01 4.995808452580443454e-02 9.976090033656725975e-01
1.304452329996428944e+03 1.015476542366085200e+00 4.999197170051170730e-02 9.984968066693035160e-01
1.304463207957958730e+03 9.872943050209093130e-01 4.999805602027904833e-02 9.986288709103672279e-01
1.304474086010200608e+03 1.052091918651363089e+00 4.999905771843348584e-02 9.986083421539273530e-01
1.304484964153155943e+03 9.920272940992118649e-01 4.999930878870158940e-02 9.985626723398477456e-01
1.304495842386825188e+03 1.014035272631117035e+00 4.999944003354628991e-02 9.985126655366185489e-01
1.304506720711209027e+03 9.943122444601675269e-01 4.999953303385625686e-02 9.984612193296167337e-01
1.304517599126308369e+03 1.004660411446550050e+00 4.999960368872360950e-02 9.984088346926217605e-01
1.304528477632123895e+03 9.429071562299952136e-01 4.999965893881994083e-02 9.983556945946707728e-01
1.304539356228656516e+03 9.591547315159565379e-01 4.999970305631595141e-02 9.983019067867358043e-01
1.304550234915906685e+03 9.438458565502970687e-01 4.999973889522049686e-02 9.982475429852503135e-01
1.304561113693875541e+03 9.013267052630983267e-01 4.999976843563359169e-02 9.981926530108562456e-01
1.304571992562563537e+03 1.007184391624716957e+00 4.999979309118762760e-02 9.981372724926442785e-01
1.304582871521971811e+03 1.083238220156987230e+00 4.999981389540630178e-02 9.980814275236783439e-01
1.304593750572100362e+03 9.279114620485707787e-01 4.999983161941555510e-02 9.980251376035991218e-01
1.304604629712950555e+03 1.034852038370305705e+00 4.999984684878352320e-02 9.979684175618658282e-01
1.304615508944523071e+03 9.829407579016616880e-01 4.999986003509582222e-02 9.979112788504392872e-01
1.304626388266818594e+03 9.419293529822952982e-01 4.999987153141377538e-02 9.978537304337962155e-01
1.304637267679838260e+03 9.541685076506573049e-01 4.999988161716877738e-02 9.977957794146925519e-01
1.304648147183582068e+03 1.025066044273579058e+00 4.999989051596694101e-02 9.977374314823604928e-01
1.304659026778051157e+03 1.002830798241914012e+00 4.999989840853568540e-02 9.976786912388628803e-01
1.304669906463246434e+03 9.940546337163322921e-01 4.999990544227869010e-02 9.976195624402791617e-01
1.304680786239168583e+03 1.082438914684045184e+00 4.999991173842334435e-02 9.975600481773525541e-01
1.304691666105818058e+03 1.030324160057075167e+00 4.999991739743302882e-02 9.975001510124542614e-01
1.304702546063196223e+03 9.784224098612975817e-01 4.999992250315175163e-02 9.974398730845889238e-01
1.304713426111303079e+03 9.948045256699205030e-01 4.999992712601085409e-02 9.973792161907306664e-01
1.304724306250139989e+03 1.039266458772279078e+00 4.999993132553353509e-02 9.973181818494184503e-01
1.304735186479707409e+03 1.019612478320490956e+00 4.999993515230840430e-02 9.972567713509205012e-01
1.304746066800006247e+03 9.388346274538980074e-01 4.999993864955729062e-02 9.971949857971216247e-01
1.304756947211036959e+03 1.054435578675170460e+00 4.999994185439009253e-02 9.971328261334839738e-01
1.304767827712800909e+03 1.015662101184056088e+00 4.999994479881655907e-02 9.970702931748348652e-01
1.304778708305298096e+03 1.080157451459106577e+00 4.999994751056732051e-02 9.970073876263121360e-01
1.304789588988529886e+03 1.072220815460151799e+00 4.999995001376422027e-02 9.969441101004828942e-01
1.304800469762496959e+03 1.028022548556492000e+00 4.999995232947114510e-02 9.968804611314157071e-01
1.304811350627199772e+03 9.644866274857185617e-01 4.999995447614886263e-02 9.968164411863129626e-01
1.304822231582639006e+03 1.040858169136483102e+00 4.999995647003263599e-02 9.967520506751746945e-01
1.304833112628815798e+03 1.023197638032101731e+00 4.999995832544737451e-02 9.966872899588683499e-01
1.304843993765730829e+03 1.045205949525088718e+00 4.999996005507176960e-02 9.966221593558964864e-01
1.304854874993384783e+03 9.880967148323934746e-01 4.999996167016069332e-02 9.965566591481026526e-01
1.304865756311778341e+03 9.919446835586773759e-01 4.999996318073330476e-02 9.964907895854946407e-01
1.304876637720912186e+03 9.782612299581552318e-01 4.999996459573263080e-02 9.964245508903427639e-01
1.304887519220787681e+03 9.678497997956031496e-01 4.999996592316172800e-02 9.963579432606761710e-01
1.304898400811404599e+03 1.014650651969964068e+00 4.999996717019992987e-02 9.962909668732728985e-01
1.304909282492764532e+03 1.063762660880647637e+00 4.999996834330280165e-02 9.962236218862281500e-01
1.304920164264867708e+03 9.844317515335799795e-01 4.999996944828808548e-02 9.961559084411668596e-01
1.304931046127715035e+03 9.773573431166417969e-01 4.999997049041007141e-02 9.960878266651557178e-01
1.304941928081307424e+03 9.486734156901408532e-01 4.999997147442388629e-02 9.960193766723609565e-01
1.304952810125645783e+03 9.309952630098486948e-01 4.999997240464148368e-02 9.959505585654913062e-01
1.304963692260730340e+03 8.865061602403387919e-01 4.999997328498039656e-02 9.958813724370528808e-01
1.304974574486562233e+03 9.186129865241673409e-01 4.999997411900630739e-02 9.958118183704481874e-01
1.304985456803142142e+03 9.446170612371025399e-01 4.999997490997042798e-02 9.957418964409388007e-01
1.304996339210470978e+03 1.017581712456968601e+00 4.999997566084218165e-02 9.956716067164912420e-01
1.305007221708548968e+03 9.744055766090674586e-01 4.999997637433814535e-02 -9.999999999000000000e+09
1.305018104297377477e+03 1.056042280530488542e+00 4.999997705294745298e-02 -9.999999999000000000e+09
1.305028986976956958e+03 9.984939787532743916e-01 4.999997769895433986e-02 -9.999999999000000000e+09
1.305039869747288094e+03 9.972037187625979460e-01 4.999997831445808505e-02 -9.999999999000000000e+09
1.305050752608372022e+03 9.390255180694347947e-01 4.999997890139072643e-02 -9.999999999000000000e+09
1.305061635560208742e+03 1.029931713417735262e+00 4.999997946153283968e-02 -9.999999999000000000e+09
1.305072518602800073e+03 9.753327068765368368e-01 4.999997999652761038e-02 -9.999999999000000000e+09
1.305083401736145788e+03 1.055304063343747822e+00 4.999998050789334486e-02 -9.999999999000000000e+09
1.305094284960247251e+03 9.698137821090302424e-01 4.999998099703476667e-02 -9.999999999000000000e+09
1.305105168275105143e+03 1.048893678675819396e+00 4.999998146525302251e-02 -9.999999999000000000e+09
1.305116051680720147e+03 1.089768512940682443e+00 4.999998191375479295e-02 -9.999999999000000000e+09
1.305126935177092719e+03 1.069203728851269908e+00 4.999998234366039018e-02 -9.999999999000000000e+09
